# SAXS profile: number of points = 730, q_min = 0.018776, q_max = 0.614113, delta_q = 0.000658558628318584
# offset = -0.00371210025718918, scaling c = 3.87135007730976e-05, Chi = 3.66545644079345
#  q       exp_intensity   model_intensity
0.01878    402.96300000    416.46866571   
0.01944    416.86000000    414.95931459   
0.02009    427.13600000    413.41606393   
0.02075    410.92200000    411.81594534   
0.02141    409.15900000    410.17081669   
0.02207    406.89700000    408.49293094   
0.02273    403.38000000    406.75559786   
0.02339    411.43900000    404.97983382   
0.02405    403.12200000    403.17552176   
0.02471    407.86200000    401.30929220   
0.02536    399.47100000    399.40870169   
0.02602    396.30200000    397.47815020   
0.02668    393.12400000    395.48915814   
0.02734    388.50600000    393.47264279   
0.02800    394.85900000    391.42445392   
0.02866    382.15100000    389.31920381   
0.02932    386.21300000    387.18705112   
0.02998    384.67100000    385.02596765   
0.03063    379.30300000    382.81631445   
0.03129    378.47900000    380.57809330   
0.03195    377.82200000    378.31083675   
0.03261    377.48400000    375.99715078   
0.03327    377.11600000    373.65981015   
0.03393    380.11100000    371.29723482   
0.03459    371.12500000    368.88960450   
0.03525    366.10700000    366.46010077   
0.03590    364.88700000    364.00241311   
0.03656    358.37700000    361.50808706   
0.03722    361.23900000    358.99754226   
0.03788    360.26500000    356.45595590   
0.03854    351.24700000    353.88244845   
0.03920    350.32900000    351.29060972   
0.03986    347.89200000    348.67265768   
0.04052    347.94700000    346.03129429   
0.04118    344.98200000    343.36953719   
0.04183    342.92800000    340.68335297   
0.04249    345.32600000    337.97374175   
0.04315    338.46500000    335.24950082   
0.04381    335.15400000    332.50694145   
0.04447    333.39800000    329.74087412   
0.04513    322.57400000    326.96202498   
0.04579    327.33000000    324.16265418   
0.04645    319.51300000    321.34756848   
0.04710    316.05700000    318.52588465   
0.04776    318.71500000    315.68190070   
0.04842    316.85500000    312.82561963   
0.04908    310.67000000    309.96028242   
0.04974    309.73800000    307.07960389   
0.05040    304.06700000    304.19403233   
0.05106    303.64800000    301.29682842   
0.05172    300.38000000    298.38710206   
0.05237    295.28000000    295.47089022   
0.05303    295.95400000    292.54926677   
0.05369    294.32600000    289.62290134   
0.05435    295.03800000    286.68797636   
0.05501    287.16400000    283.74935186   
0.05567    279.91400000    280.80481699   
0.05633    276.55800000    277.85840888   
0.05699    271.23500000    274.91458425   
0.05765    272.83000000    271.96392872   
0.05830    263.65500000    269.01302379   
0.05896    268.01000000    266.06188737   
0.05962    265.02500000    263.11206379   
0.06028    260.18100000    260.16816172   
0.06094    258.70300000    257.22163434   
0.06160    255.02100000    254.27946601   
0.06226    250.62000000    251.34032951   
0.06292    248.18900000    248.40523989   
0.06357    246.46900000    245.48142580   
0.06423    245.07100000    242.55770331   
0.06489    243.96700000    239.64044451   
0.06555    237.59300000    236.73263928   
0.06621    234.68100000    233.83076968   
0.06687    234.28500000    230.94201945   
0.06753    229.22000000    228.06040080   
0.06819    226.89800000    225.18616736   
0.06885    223.88300000    222.32337575   
0.06950    218.09600000    219.47367633   
0.07016    218.06300000    216.63688975   
0.07082    220.73100000    213.80980015   
0.07148    217.14400000    210.99723081   
0.07214    212.07400000    208.19459725   
0.07280    207.28800000    205.40887655   
0.07346    205.67400000    202.64287418   
0.07412    202.45400000    199.88366213   
0.07477    197.89100000    197.14394519   
0.07543    194.09300000    194.42049910   
0.07609    190.59900000    191.70919488   
0.07675    191.93900000    189.02446229   
0.07741    190.70600000    186.35226269   
0.07807    188.72400000    183.69310596   
0.07873    183.25100000    181.05905022   
0.07939    181.68400000    178.44198217   
0.08004    178.78700000    175.84288357   
0.08070    176.74100000    173.26781039   
0.08136    172.75900000    170.70951077   
0.08202    169.72900000    168.16597883   
0.08268    167.94600000    165.65300391   
0.08334    163.88600000    163.16042340   
0.08400    162.43100000    160.67977709   
0.08466    159.84600000    158.23202065   
0.08532    156.92000000    155.80053442   
0.08597    157.16100000    153.39031520   
0.08663    153.53400000    151.00936303   
0.08729    151.61300000    148.64516092   
0.08795    148.90400000    146.30036217   
0.08861    144.25500000    143.98839853   
0.08927    143.79900000    141.69720250   
0.08993    142.83500000    139.42389009   
0.09058    137.97900000    137.18275654   
0.09124    136.75500000    134.95927260   
0.09190    135.78800000    132.75888452   
0.09256    132.98700000    130.59357139   
0.09322    131.79500000    128.44284091   
0.09388    130.75700000    126.31680980   
0.09454    126.84300000    124.22156931   
0.09520    125.80300000    122.14456719   
0.09585    124.20600000    120.09720852   
0.09651    120.16800000    118.07648572   
0.09717    120.36400000    116.07416337   
0.09783    117.24000000    114.09995795   
0.09849    118.66900000    112.15723703   
0.09915    116.09500000    110.22995072   
0.09981    114.28300000    108.33211660   
0.10047    109.98800000    106.46144774   
0.10113    111.33000000    104.60928292   
0.10178    106.45500000    102.79091143   
0.10244    107.22800000    100.99535770   
0.10310    105.35400000    99.21817728    
0.10376    105.89900000    97.47321655    
0.10442    103.41200000    95.75263021    
0.10508    99.66400000     94.05292584    
0.10574    99.43570000     92.38356827    
0.10640    96.45910000     90.73697001    
0.10705    96.04960000     89.10859390    
0.10771    94.47180000     87.51675271    
0.10837    92.51580000     85.94344505    
0.10903    88.33490000     84.38803316    
0.10969    89.07240000     82.86767629    
0.11035    84.84410000     81.36665821    
0.11101    83.24360000     79.88545298    
0.11167    80.81560000     78.43769148    
0.11232    77.64450000     77.00756733    
0.11298    76.86520000     75.59556954    
0.11364    76.97200000     74.21818439    
0.11430    76.46770000     72.85970494    
0.11496    75.02820000     71.51811406    
0.11562    76.33790000     70.20891699    
0.11628    73.53010000     68.91623131    
0.11694    72.33020000     67.64523753    
0.11760    69.78940000     66.40237574    
0.11825    66.74780000     65.17553518    
0.11891    66.68360000     63.96908438    
0.11957    66.14590000     62.79084952    
0.12023    64.25910000     61.62995607    
0.12089    65.14370000     60.48829949    
0.12155    63.25900000     59.37269964    
0.12221    63.25290000     58.27211635    
0.12287    63.93340000     57.19443612    
0.12352    63.06600000     56.13922737    
0.12418    60.43220000     55.09848888    
0.12484    58.81070000     54.07923261    
0.12550    58.45070000     53.08239221    
0.12616    55.94590000     52.10098547    
0.12682    56.05310000     51.13965687    
0.12748    51.32070000     50.19862924    
0.12814    52.10560000     49.27102456    
0.12879    52.93900000     48.36662593    
0.12945    51.30610000     47.47928046    
0.13011    49.69210000     46.60474818    
0.13077    48.80830000     45.75186758    
0.13143    48.08570000     44.91698359    
0.13209    47.11210000     44.09310256    
0.13275    46.51480000     43.29090912    
0.13341    45.77560000     42.50369122    
0.13406    45.17690000     41.72815002    
0.13472    44.38720000     40.97517863    
0.13538    44.15940000     40.23444332    
0.13604    42.28860000     39.50481149    
0.13670    42.42130000     38.79629386    
0.13736    41.20280000     38.10073359    
0.13802    40.55750000     37.41463871    
0.13868    39.04650000     36.74931342    
0.13933    38.07890000     36.09452228    
0.13999    36.80820000     35.44991979    
0.14065    36.50050000     34.82618870    
0.14131    35.97100000     34.21086196    
0.14197    35.81390000     33.60579517    
0.14263    35.25430000     33.01880174    
0.14329    34.57710000     32.44151040    
0.14395    33.88520000     31.87363519    
0.14461    33.92750000     31.32217930    
0.14526    32.71230000     30.77908630    
0.14592    31.90830000     30.24712180    
0.14658    30.82340000     29.72903795    
0.14724    31.54840000     29.21876613    
0.14790    30.31960000     28.71869009    
0.14856    30.20830000     28.23251857    
0.14922    30.27930000     27.75293925    
0.14988    30.31370000     27.28349931    
0.15053    29.34330000     26.82585071    
0.15119    28.62430000     26.37510729    
0.15185    28.27640000     25.93504092    
0.15251    29.33030000     25.50477203    
0.15317    28.19580000     25.08087686    
0.15383    27.56870000     24.66659592    
0.15449    26.51000000     24.26233963    
0.15515    25.41490000     23.86345593    
0.15580    25.47940000     23.47398930    
0.15646    25.54610000     23.09287263    
0.15712    23.71760000     22.71789779    
0.15778    24.02110000     22.35139397    
0.15844    22.35510000     21.99223745    
0.15910    23.63720000     21.63829947    
0.15976    23.06560000     21.29368073    
0.16042    22.66030000     20.95502433    
0.16107    22.14730000     20.62125541    
0.16173    21.50800000     20.29597613    
0.16239    21.30990000     19.97675355    
0.16305    22.12600000     19.66153614    
0.16371    20.74960000     19.35466968    
0.16437    19.59590000     19.05262734    
0.16503    18.34770000     18.75518220    
0.16568    19.12250000     18.46531571    
0.16634    18.17810000     18.17958800    
0.16700    19.01200000     17.89768532    
0.16766    19.24610000     17.62386899    
0.16832    18.56620000     17.35331442    
0.16898    17.54330000     17.08665631    
0.16964    17.23630000     16.82683037    
0.17030    16.61300000     16.57072258    
0.17095    16.00530000     16.31802182    
0.17161    16.40030000     16.07151713    
0.17227    16.10970000     15.82812521    
0.17293    15.76200000     15.58885614    
0.17359    16.22380000     15.35478608    
0.17425    15.93810000     15.12360488    
0.17491    15.21500000     14.89610928    
0.17557    15.45500000     14.67380904    
0.17622    14.57600000     14.45389725    
0.17688    14.27730000     14.23772124    
0.17754    13.34030000     14.02590677    
0.17820    12.93370000     13.81694349    
0.17886    12.45820000     13.61130473    
0.17952    12.76720000     13.40962392    
0.18018    13.43810000     13.21035565    
0.18084    13.45510000     13.01501847    
0.18149    13.16910000     12.82276348    
0.18215    12.57560000     12.63272664    
0.18281    12.36750000     12.44629248    
0.18347    11.98770000     12.26331574    
0.18413    11.79000000     12.08217883    
0.18479    11.74530000     11.90452364    
0.18545    11.53060000     11.72971353    
0.18611    11.10110000     11.55717192    
0.18676    11.30790000     11.38783774    
0.18742    10.84610000     11.22103997    
0.18808    10.93110000     11.05615829    
0.18874    10.63540000     10.89506275    
0.18940    10.38550000     10.73590807    
0.19006    10.32460000     10.57853088    
0.19072    9.98293000      10.42483730    
0.19138    9.47124000      10.27331730    
0.19204    9.39293000      10.12322716    
0.19269    9.23432000      9.97674954     
0.19335    9.06450000      9.83229828     
0.19401    8.78900000      9.68925766     
0.19467    9.00797000      9.54971689     
0.19533    8.97521000      9.41187295     
0.19599    8.77422000      9.27593767     
0.19665    8.65711000      9.14309305     
0.19731    8.41495000      9.01183126     
0.19796    8.06673000      8.88232962     
0.19862    8.00745000      8.75621404     
0.19928    8.06693000      8.63141492     
0.19994    7.91004000      8.50839585     
0.20060    7.94917000      8.38854042     
0.20126    7.54413000      8.27001267     
0.20192    7.30948000      8.15337870     
0.20258    7.32953000      8.03953538     
0.20323    7.16519000      7.92734026     
0.20389    7.08190000      7.81692643     
0.20455    6.88433000      7.70909138     
0.20521    6.86167000      7.60271252     
0.20587    6.70607000      7.49852480     
0.20653    6.58032000      7.39660463     
0.20719    6.40155000      7.29611864     
0.20784    6.24150000      7.19788393     
0.20850    6.19234000      7.10187622     
0.20916    6.19865000      7.00727882     
0.20982    5.94113000      6.91474706     
0.21048    6.18286000      6.82450894     
0.21114    6.21947000      6.73553855     
0.21180    6.03779000      6.64882956     
0.21246    5.89046000      6.56406792     
0.21311    5.66133000      6.48079293     
0.21377    5.37934000      6.39974473     
0.21443    5.33265000      6.32057622     
0.21509    5.40064000      6.24287847     
0.21575    5.51796000      6.16736600     
0.21641    5.32235000      6.09357215     
0.21707    5.44589000      6.02111144     
0.21773    5.29914000      5.95119405     
0.21838    5.31816000      5.88269273     
0.21904    5.22757000      5.81545734     
0.21970    4.93865000      5.75083694     
0.22036    5.05618000      5.68759130     
0.22102    4.97771000      5.62564260     
0.22168    4.87660000      5.56617018     
0.22234    4.85456000      5.50807501     
0.22299    4.80339000      5.45112689     
0.22365    4.75565000      5.39665386     
0.22431    4.70808000      5.34352770     
0.22497    4.62551000      5.29170397     
0.22563    4.59535000      5.24207156     
0.22629    4.54952000      5.19366446     
0.22695    4.52008000      5.14676829     
0.22761    4.51581000      5.10190727     
0.22826    4.43837000      5.05815670     
0.22892    4.46222000      5.01584759     
0.22958    4.43470000      4.97556504     
0.23024    4.36918000      4.93637384     
0.23090    4.29406000      4.89865308     
0.23156    4.26734000      4.86273090     
0.23222    4.30723000      4.82785406     
0.23288    4.31572000      4.79442225     
0.23353    4.30676000      4.76279133     
0.23419    4.27222000      4.73208547     
0.23485    4.19602000      4.70274643     
0.23551    4.18094000      4.67510373     
0.23617    4.15093000      4.64839219     
0.23683    4.11511000      4.62311029     
0.23749    4.08857000      4.59928581     
0.23814    4.07354000      4.57632532     
0.23880    4.10099000      4.55477283     
0.23946    4.05538000      4.53448521     
0.24012    4.05897000      4.51510135     
0.24078    4.00724000      4.49719181     
0.24144    4.04808000      4.48038538     
0.24210    4.06090000      4.46439287     
0.24276    4.05697000      4.44974548     
0.24341    4.03799000      4.43608656     
0.24407    4.04668000      4.42319492     
0.24473    4.00246000      4.41161810     
0.24539    4.00394000      4.40093085     
0.24605    4.05761000      4.39095842     
0.24671    4.02152000      4.38227896     
0.24737    4.01328000      4.37433100     
0.24803    3.98110000      4.36702465     
0.24868    4.00444000      4.36092257     
0.24934    4.01437000      4.35545923     
0.25000    4.01559000      4.35059620     
0.25066    3.99049000      4.34681989     
0.25132    4.01552000      4.34362701     
0.25198    4.01647000      4.34106212     
0.25264    4.01932000      4.33941684     
0.25329    4.01446000      4.33825195     
0.25395    3.99983000      4.33764377     
0.25461    4.02603000      4.33783517     
0.25527    4.06948000      4.33845501     
0.25593    4.15381000      4.33960177     
0.25659    4.13223000      4.34139844     
0.25725    4.17086000      4.34357353     
0.25791    4.11562000      4.34624572     
0.25856    4.12405000      4.34945495     
0.25922    4.17058000      4.35296422     
0.25988    4.11823000      4.35690021     
0.26054    4.16458000      4.36124120     
0.26120    4.16322000      4.36583438     
0.26186    4.22459000      4.37082856     
0.26252    4.18078000      4.37608350     
0.26317    4.17957000      4.38152389     
0.26383    4.18690000      4.38730955     
0.26449    4.17194000      4.39332596     
0.26515    4.20607000      4.39946703     
0.26581    4.25074000      4.40580641     
0.26647    4.23822000      4.41232886     
0.26713    4.23781000      4.41895142     
0.26779    4.19367000      4.42573459     
0.26844    4.23922000      4.43255206     
0.26910    4.24110000      4.43939390     
0.26976    4.25894000      4.44634455     
0.27042    4.29307000      4.45327706     
0.27108    4.28985000      4.46019889     
0.27174    4.28669000      4.46720518     
0.27240    4.33629000      4.47410156     
0.27305    4.41221000      4.48090220     
0.27371    4.42575000      4.48757194     
0.27437    4.38157000      4.49421622     
0.27503    4.42944000      4.50081579     
0.27569    4.42126000      4.50711889     
0.27635    4.38769000      4.51334349     
0.27701    4.49382000      4.51948589     
0.27767    4.44611000      4.52534537     
0.27832    4.49541000      4.53104050     
0.27898    4.48065000      4.53655832     
0.27964    4.47488000      4.54177000     
0.28030    4.53913000      4.54678332     
0.28096    4.54582000      4.55156337     
0.28162    4.59299000      4.55601012     
0.28228    4.59223000      4.56024349     
0.28293    4.57882000      4.56420773     
0.28359    4.57893000      4.56773649     
0.28425    4.55707000      4.57103937     
0.28491    4.55095000      4.57406925     
0.28557    4.50195000      4.57662292     
0.28623    4.51557000      4.57891087     
0.28689    4.58087000      4.58084794     
0.28755    4.55997000      4.58232600     
0.28820    4.58370000      4.58353673     
0.28886    4.60681000      4.58436985     
0.28952    4.63419000      4.58470413     
0.29018    4.62643000      4.58474926     
0.29084    4.58430000      4.58437446     
0.29150    4.61069000      4.58352426     
0.29216    4.62739000      4.58237068     
0.29281    4.56262000      4.58072803     
0.29347    4.54118000      4.57858301     
0.29413    4.54929000      4.57613153     
0.29479    4.60168000      4.57322159     
0.29545    4.59977000      4.56982177     
0.29611    4.59582000      4.56607659     
0.29677    4.59408000      4.56177146     
0.29742    4.55724000      4.55705607     
0.29808    4.59512000      4.55201982     
0.29874    4.54562000      4.54640286     
0.29940    4.57799000      4.54036346     
0.30006    4.55657000      4.53397713     
0.30072    4.57785000      4.52698061     
0.30138    4.59588000      4.51960156     
0.30204    4.62356000      4.51188327     
0.30269    4.60065000      4.50358010     
0.30335    4.60653000      4.49490342     
0.30401    4.57068000      4.48590110     
0.30467    4.54387000      4.47622315     
0.30533    4.53595000      4.46619755     
0.30599    4.51311000      4.45583795     
0.30665    4.49132000      4.44491685     
0.30730    4.51163000      4.43365183     
0.30796    4.47628000      4.42203700     
0.30862    4.44483000      4.40984495     
0.30928    4.43935000      4.39733533     
0.30994    4.41715000      4.38446285     
0.31060    4.47057000      4.37106305     
0.31126    4.45276000      4.35736056     
0.31191    4.42342000      4.34328698     
0.31257    4.38518000      4.32871950     
0.31323    4.41969000      4.31390935     
0.31389    4.35760000      4.29871823     
0.31455    4.34584000      4.28302246     
0.31521    4.31224000      4.26709904     
0.31587    4.26735000      4.25082294     
0.31653    4.32178000      4.23414717     
0.31718    4.28937000      4.21723622     
0.31784    4.31352000      4.19988784     
0.31850    4.29659000      4.18227273     
0.31916    4.28222000      4.16441549     
0.31982    4.32253000      4.14617343     
0.32048    4.22585000      4.12764299     
0.32114    4.24952000      4.10888362     
0.32179    4.21731000      4.08984308     
0.32245    4.24346000      4.07045259     
0.32311    4.22446000      4.05085762     
0.32377    4.18806000      4.03100712     
0.32443    4.10732000      4.01090017     
0.32509    4.10450000      3.99065422     
0.32575    4.09275000      3.97005944     
0.32641    4.08224000      3.94928583     
0.32706    3.97684000      3.92840697     
0.32772    3.92690000      3.90726186     
0.32838    3.97032000      3.88595872     
0.32904    3.98064000      3.86447201     
0.32970    3.96734000      3.84279649     
0.33036    3.91385000      3.82100356     
0.33102    3.91032000      3.79904683     
0.33167    3.89253000      3.77699607     
0.33233    3.88103000      3.75479714     
0.33299    3.87962000      3.73248529     
0.33365    3.82507000      3.71006265     
0.33431    3.80878000      3.68753683     
0.33497    3.78965000      3.66496886     
0.33563    3.79601000      3.64224634     
0.33628    3.75222000      3.61947402     
0.33694    3.72127000      3.59667924     
0.33760    3.70748000      3.57382346     
0.33826    3.68141000      3.55096503     
0.33892    3.68165000      3.52801819     
0.33958    3.64863000      3.50503992     
0.34024    3.61576000      3.48209163     
0.34089    3.60658000      3.45910768     
0.34155    3.61628000      3.43621393     
0.34221    3.62663000      3.41328674     
0.34287    3.54571000      3.39033981     
0.34353    3.44289000      3.36751572     
0.34419    3.37213000      3.34469216     
0.34485    3.36276000      3.32193729     
0.34550    3.39838000      3.29923287     
0.34616    3.39754000      3.27660893     
0.34682    3.38291000      3.25401163     
0.34748    3.35522000      3.23150025     
0.34814    3.30194000      3.20909470     
0.34880    3.26727000      3.18680490     
0.34946    3.27800000      3.16464767     
0.35011    3.25173000      3.14253659     
0.35077    3.27327000      3.12062952     
0.35143    3.20489000      3.09878165     
0.35209    3.26061000      3.07701659     
0.35275    3.25051000      3.05549849     
0.35341    3.19742000      3.03407765     
0.35407    3.16493000      3.01279628     
0.35472    3.13730000      2.99172583     
0.35538    3.11933000      2.97082457     
0.35604    3.05795000      2.95000711     
0.35670    3.10663000      2.92943496     
0.35736    3.06353000      2.90906179     
0.35802    3.05998000      2.88880590     
0.35868    3.05554000      2.86886108     
0.35933    2.98556000      2.84905295     
0.35999    2.96673000      2.82943712     
0.36065    2.99767000      2.81007295     
0.36131    2.93621000      2.79092458     
0.36197    2.92113000      2.77195408     
0.36263    2.96040000      2.75324039     
0.36329    2.88777000      2.73471794     
0.36394    2.84148000      2.71636366     
0.36460    2.83058000      2.69836377     
0.36526    2.81041000      2.68053094     
0.36592    2.75539000      2.66297490     
0.36658    2.69180000      2.64567840     
0.36724    2.65481000      2.62859999     
0.36790    2.67497000      2.61176746     
0.36855    2.68072000      2.59527004     
0.36921    2.66175000      2.57895655     
0.36987    2.72041000      2.56281942     
0.37053    2.62497000      2.54704376     
0.37119    2.66476000      2.53145473     
0.37185    2.60988000      2.51621029     
0.37250    2.57400000      2.50122309     
0.37316    2.52292000      2.48645256     
0.37382    2.53357000      2.47198975     
0.37448    2.51456000      2.45784801     
0.37514    2.49783000      2.44387858     
0.37580    2.50442000      2.43021853     
0.37646    2.46487000      2.41685404     
0.37711    2.49250000      2.40366867     
0.37777    2.45043000      2.39086940     
0.37843    2.44180000      2.37832970     
0.37909    2.42847000      2.36600699     
0.37975    2.38522000      2.35399150     
0.38041    2.39954000      2.34225230     
0.38107    2.40802000      2.33069598     
0.38172    2.42106000      2.31952802     
0.38238    2.43458000      2.30857745     
0.38304    2.40391000      2.29783919     
0.38370    2.33233000      2.28749228     
0.38436    2.28169000      2.27735313     
0.38502    2.25915000      2.26737192     
0.38567    2.28804000      2.25786456     
0.38633    2.30717000      2.24850989     
0.38699    2.30357000      2.23931786     
0.38765    2.26719000      2.23053652     
0.38831    2.31372000      2.22193652     
0.38897    2.31640000      2.21356365     
0.38963    2.25391000      2.20555038     
0.39028    2.24667000      2.19773455     
0.39094    2.21173000      2.19012485     
0.39160    2.24734000      2.18286747     
0.39226    2.13392000      2.17575978     
0.39292    2.10193000      2.16885925     
0.39358    2.11782000      2.16233309     
0.39424    2.04869000      2.15597318     
0.39489    2.11737000      2.14978719     
0.39555    2.12300000      2.14390928     
0.39621    2.17529000      2.13818799     
0.39687    2.10923000      2.13270437     
0.39753    2.06009000      2.12750286     
0.39819    2.03735000      2.12246738     
0.39885    2.01761000      2.11764335     
0.39950    2.05838000      2.11307059     
0.40016    2.08865000      2.10863413     
0.40082    2.09501000      2.10441285     
0.40148    2.06331000      2.10043892     
0.40214    2.03068000      2.09661331     
0.40280    2.02916000      2.09296216     
0.40346    1.98491000      2.08955034     
0.40411    2.04504000      2.08628091     
0.40477    2.05835000      2.08322219     
0.40543    2.04596000      2.08035863     
0.40609    2.07921000      2.07763108     
0.40675    1.98661000      2.07506650     
0.40741    2.01708000      2.07267498     
0.40807    1.95637000      2.07040606     
0.40872    1.96823000      2.06833286     
0.40938    1.94580000      2.06641807     
0.41004    1.94799000      2.06463313     
0.41070    2.02094000      2.06299940     
0.41136    2.03693000      2.06148534     
0.41202    2.03949000      2.06007337     
0.41267    2.02477000      2.05888143     
0.41333    2.06238000      2.05777361     
0.41399    2.06255000      2.05675148     
0.41465    1.97127000      2.05590917     
0.41531    1.99567000      2.05512352     
0.41597    1.99881000      2.05439798     
0.41663    1.99459000      2.05388478     
0.41728    1.98062000      2.05345169     
0.41794    2.03506000      2.05310782     
0.41860    2.01243000      2.05280994     
0.41926    1.99757000      2.05259575     
0.41992    2.04886000      2.05250485     
0.42058    2.01118000      2.05251814     
0.42123    1.97768000      2.05258671     
0.42189    2.02074000      2.05272852     
0.42255    1.99661000      2.05291815     
0.42321    1.97116000      2.05315111     
0.42387    2.02991000      2.05345568     
0.42453    2.04172000      2.05383165     
0.42518    2.11528000      2.05424392     
0.42584    2.09790000      2.05470579     
0.42650    2.14096000      2.05523218     
0.42716    2.13871000      2.05578447     
0.42782    2.12928000      2.05635516     
0.42848    2.06712000      2.05698882     
0.42914    2.09956000      2.05765130     
0.42979    2.03498000      2.05832663     
0.43045    2.03902000      2.05900180     
0.43111    1.98946000      2.05968572     
0.43177    1.98154000      2.06042167     
0.43243    2.01990000      2.06115280     
0.43309    2.01646000      2.06188319     
0.43374    2.06440000      2.06261342     
0.43440    2.05310000      2.06334880     
0.43506    2.11240000      2.06409187     
0.43572    2.06326000      2.06486548     
0.43638    2.05968000      2.06559278     
0.43704    2.08247000      2.06628262     
0.43770    2.13273000      2.06695128     
0.43835    2.05419000      2.06761799     
0.43901    2.09080000      2.06828430     
0.43967    2.06884000      2.06891829     
0.44033    2.13397000      2.06952674     
0.44099    2.08885000      2.07011051     
0.44165    2.06757000      2.07065559     
0.44231    2.04482000      2.07116237     
0.44296    2.05213000      2.07162385     
0.44362    2.06341000      2.07207466     
0.44428    2.11434000      2.07245935     
0.44494    2.10204000      2.07275660     
0.44560    2.13020000      2.07303412     
0.44626    2.10888000      2.07328713     
0.44691    2.14229000      2.07350570     
0.44757    2.13195000      2.07362770     
0.44823    2.12289000      2.07371555     
0.44889    2.15827000      2.07376655     
0.44955    2.16434000      2.07376055     
0.45021    2.10219000      2.07368771     
0.45086    2.11931000      2.07349365     
0.45152    2.14368000      2.07327592     
0.45218    2.12260000      2.07301532     
0.45284    2.20462000      2.07265626     
0.45350    2.19245000      2.07223084     
0.45416    2.16972000      2.07176005     
0.45482    2.16185000      2.07121164     
0.45547    2.12626000      2.07057500     
0.45613    2.12654000      2.06988147     
0.45679    2.17027000      2.06910515     
0.45745    2.19846000      2.06824285     
0.45811    2.21853000      2.06731861     
0.45876    2.22688000      2.06629139     
0.45942    2.26362000      2.06522214     
0.46008    2.21849000      2.06410631     
0.46074    2.17574000      2.06280916     
0.46140    2.16893000      2.06148030     
0.46206    2.19450000      2.06011995     
0.46272    2.12816000      2.05860797     
0.46337    2.22475000      2.05703778     
0.46403    2.16016000      2.05541531     
0.46469    2.11163000      2.05366628     
0.46535    2.09623000      2.05185975     
0.46601    2.08768000      2.04999502     
0.46667    2.12435000      2.04796084     
0.46732    2.09280000      2.04590142     
0.46798    2.07707000      2.04381282     
0.46864    2.10100000      2.04154046     
0.46930    2.10430000      2.03920620     
0.46996    2.13201000      2.03681160     
0.47062    2.19726000      2.03432381     
0.47127    2.17454000      2.03177254     
0.47193    2.18734000      2.02915078     
0.47259    2.16425000      2.02642141     
0.47325    2.14228000      2.02361362     
0.47391    2.10258000      2.02070873     
0.47457    2.08723000      2.01772246     
0.47523    2.09510000      2.01469552     
0.47588    2.09457000      2.01160557     
0.47654    2.14036000      2.00835067     
0.47720    2.13172000      2.00504358     
0.47786    2.08079000      2.00167970     
0.47852    2.11027000      1.99824480     
0.47918    2.10882000      1.99474587     
0.47983    2.14104000      1.99112201     
0.48049    2.11178000      1.98746443     
0.48115    2.12966000      1.98374940     
0.48181    2.10045000      1.97987875     
0.48247    2.08719000      1.97595328     
0.48313    2.08508000      1.97199033     
0.48378    2.04674000      1.96796730     
0.48444    2.08284000      1.96386287     
0.48510    2.10545000      1.95969837     
0.48576    2.10813000      1.95547955     
0.48642    2.08887000      1.95117088     
0.48708    2.09965000      1.94679332     
0.48773    2.13808000      1.94234327     
0.48839    2.10466000      1.93783196     
0.48905    2.08319000      1.93326643     
0.48971    2.11354000      1.92863948     
0.49037    2.09497000      1.92397221     
0.49103    2.15100000      1.91926092     
0.49168    2.16632000      1.91443746     
0.49234    2.16679000      1.90958581     
0.49300    2.13164000      1.90470054     
0.49366    2.06014000      1.89972236     
0.49432    2.08962000      1.89470622     
0.49498    2.04634000      1.88964155     
0.49563    2.05746000      1.88453257     
0.49629    2.05276000      1.87938735     
0.49695    2.05143000      1.87419126     
0.49761    2.07714000      1.86893629     
0.49827    2.05988000      1.86364980     
0.49893    2.04436000      1.85831694     
