  0.0000E+00  0.0000E+00  0.0000E+00
  0.1610E+01  0.3696E-01  0.0000E+00
  0.3220E+01  0.8228E-01  0.0000E+00
  0.4830E+01  0.1379E+00  0.0000E+00
  0.6440E+01  0.2065E+00  0.0000E+00
  0.8050E+01  0.2903E+00  0.0000E+00
  0.9660E+01  0.3906E+00  0.0000E+00
  0.1127E+02  0.5071E+00  0.0000E+00
  0.1288E+02  0.6378E+00  0.0000E+00
  0.1449E+02  0.7792E+00  0.0000E+00
  0.1610E+02  0.9270E+00  0.0000E+00
  0.1771E+02  0.1077E+01  0.0000E+00
  0.1932E+02  0.1227E+01  0.0000E+00
  0.2093E+02  0.1374E+01  0.0000E+00
  0.2254E+02  0.1520E+01  0.0000E+00
  0.2415E+02  0.1664E+01  0.0000E+00
  0.2576E+02  0.1809E+01  0.0000E+00
  0.2737E+02  0.1958E+01  0.0000E+00
  0.2898E+02  0.2110E+01  0.0000E+00
  0.3059E+02  0.2266E+01  0.0000E+00
  0.3220E+02  0.2424E+01  0.0000E+00
  0.3381E+02  0.2581E+01  0.0000E+00
  0.3542E+02  0.2735E+01  0.0000E+00
  0.3703E+02  0.2885E+01  0.0000E+00
  0.3864E+02  0.3028E+01  0.0000E+00
  0.4025E+02  0.3166E+01  0.0000E+00
  0.4186E+02  0.3299E+01  0.0000E+00
  0.4347E+02  0.3429E+01  0.0000E+00
  0.4508E+02  0.3558E+01  0.0000E+00
  0.4669E+02  0.3687E+01  0.0000E+00
  0.4830E+02  0.3815E+01  0.0000E+00
  0.4991E+02  0.3942E+01  0.0000E+00
  0.5152E+02  0.4063E+01  0.0000E+00
  0.5313E+02  0.4177E+01  0.0000E+00
  0.5474E+02  0.4281E+01  0.0000E+00
  0.5635E+02  0.4372E+01  0.0000E+00
  0.5796E+02  0.4449E+01  0.0000E+00
  0.5957E+02  0.4513E+01  0.0000E+00
  0.6118E+02  0.4566E+01  0.0000E+00
  0.6279E+02  0.4608E+01  0.0000E+00
  0.6440E+02  0.4642E+01  0.0000E+00
  0.6601E+02  0.4667E+01  0.0000E+00
  0.6762E+02  0.4683E+01  0.0000E+00
  0.6923E+02  0.4689E+01  0.0000E+00
  0.7084E+02  0.4681E+01  0.0000E+00
  0.7245E+02  0.4659E+01  0.0000E+00
  0.7406E+02  0.4621E+01  0.0000E+00
  0.7567E+02  0.4569E+01  0.0000E+00
  0.7728E+02  0.4502E+01  0.0000E+00
  0.7889E+02  0.4424E+01  0.0000E+00
  0.8050E+02  0.4339E+01  0.0000E+00
  0.8211E+02  0.4247E+01  0.0000E+00
  0.8372E+02  0.4152E+01  0.0000E+00
  0.8533E+02  0.4054E+01  0.0000E+00
  0.8694E+02  0.3952E+01  0.0000E+00
  0.8855E+02  0.3846E+01  0.0000E+00
  0.9016E+02  0.3733E+01  0.0000E+00
  0.9177E+02  0.3614E+01  0.0000E+00
  0.9338E+02  0.3489E+01  0.0000E+00
  0.9499E+02  0.3358E+01  0.0000E+00
  0.9660E+02  0.3225E+01  0.0000E+00
  0.9821E+02  0.3090E+01  0.0000E+00
  0.9982E+02  0.2957E+01  0.0000E+00
  0.1014E+03  0.2826E+01  0.0000E+00
  0.1030E+03  0.2699E+01  0.0000E+00
  0.1047E+03  0.2574E+01  0.0000E+00
  0.1063E+03  0.2451E+01  0.0000E+00
  0.1079E+03  0.2328E+01  0.0000E+00
  0.1095E+03  0.2205E+01  0.0000E+00
  0.1111E+03  0.2081E+01  0.0000E+00
  0.1127E+03  0.1958E+01  0.0000E+00
  0.1143E+03  0.1837E+01  0.0000E+00
  0.1159E+03  0.1721E+01  0.0000E+00
  0.1175E+03  0.1609E+01  0.0000E+00
  0.1191E+03  0.1503E+01  0.0000E+00
  0.1208E+03  0.1402E+01  0.0000E+00
  0.1224E+03  0.1303E+01  0.0000E+00
  0.1240E+03  0.1206E+01  0.0000E+00
  0.1256E+03  0.1108E+01  0.0000E+00
  0.1272E+03  0.1009E+01  0.0000E+00
  0.1288E+03  0.9097E+00  0.0000E+00
  0.1304E+03  0.8117E+00  0.0000E+00
  0.1320E+03  0.7180E+00  0.0000E+00
  0.1336E+03  0.6310E+00  0.0000E+00
  0.1352E+03  0.5521E+00  0.0000E+00
  0.1368E+03  0.4815E+00  0.0000E+00
  0.1385E+03  0.4178E+00  0.0000E+00
  0.1401E+03  0.3590E+00  0.0000E+00
  0.1417E+03  0.3030E+00  0.0000E+00
  0.1433E+03  0.2490E+00  0.0000E+00
  0.1449E+03  0.1976E+00  0.0000E+00
  0.1465E+03  0.1512E+00  0.0000E+00
  0.1481E+03  0.1126E+00  0.0000E+00
  0.1497E+03  0.8388E-01  0.0000E+00
  0.1513E+03  0.6465E-01  0.0000E+00
  0.1530E+03  0.5163E-01  0.0000E+00
  0.1546E+03  0.3926E-01  0.0000E+00
  0.1562E+03  0.2243E-01  0.0000E+00
  0.1578E+03  0.8411E-03  0.0000E+00
  0.1594E+03 -0.1523E-01  0.0000E+00
  0.1610E+03  0.0000E+00  0.0000E+00
          Reciprocal space: Rg =   54.57     , I(0) =   0.4547E+04
     Real space: Rg =   54.45 +- 0.000  I(0) =   0.4547E+04 +-  0.0000E+00
