  0.2590E-01  0.1372E+04  0.1384E+01  0.1390E+04  0.1390E+04
  0.2646E-01  0.1378E+04  0.2568E+01  0.1389E+04  0.1389E+04
  0.2703E-01  0.1374E+04  0.3643E+01  0.1387E+04  0.1387E+04
  0.2759E-01  0.1367E+04  0.4608E+01  0.1385E+04  0.1385E+04
  0.2815E-01  0.1369E+04  0.5464E+01  0.1384E+04  0.1384E+04
  0.2872E-01  0.1368E+04  0.6207E+01  0.1382E+04  0.1382E+04
  0.2928E-01  0.1371E+04  0.6839E+01  0.1380E+04  0.1380E+04
  0.2984E-01  0.1373E+04  0.7357E+01  0.1378E+04  0.1378E+04
  0.3041E-01  0.1380E+04  0.7761E+01  0.1377E+04  0.1377E+04
  0.3097E-01  0.1384E+04  0.8049E+01  0.1375E+04  0.1375E+04
  0.3153E-01  0.1380E+04  0.8221E+01  0.1373E+04  0.1373E+04
  0.3210E-01  0.1375E+04  0.8276E+01  0.1371E+04  0.1371E+04
  0.3266E-01  0.1366E+04  0.8215E+01  0.1369E+04  0.1369E+04
  0.3322E-01  0.1358E+04  0.7868E+01  0.1367E+04  0.1367E+04
  0.3378E-01  0.1350E+04  0.7210E+01  0.1365E+04  0.1365E+04
  0.3435E-01  0.1345E+04  0.6770E+01  0.1363E+04  0.1363E+04
  0.3491E-01  0.1342E+04  0.6248E+01  0.1361E+04  0.1361E+04
  0.3547E-01  0.1340E+04  0.5757E+01  0.1359E+04  0.1359E+04
  0.3604E-01  0.1341E+04  0.4848E+01  0.1357E+04  0.1357E+04
  0.3660E-01  0.1343E+04  0.3795E+01  0.1355E+04  0.1355E+04
  0.3716E-01  0.1343E+04  0.3026E+01  0.1353E+04  0.1353E+04
  0.3773E-01  0.1339E+04  0.2945E+01  0.1350E+04  0.1350E+04
  0.3829E-01  0.1333E+04  0.3097E+01  0.1348E+04  0.1348E+04
  0.3885E-01  0.1330E+04  0.3499E+01  0.1346E+04  0.1346E+04
  0.3942E-01  0.1323E+04  0.3624E+01  0.1344E+04  0.1344E+04
  0.3998E-01  0.1321E+04  0.3318E+01  0.1341E+04  0.1341E+04
  0.4054E-01  0.1315E+04  0.3160E+01  0.1339E+04  0.1339E+04
  0.4110E-01  0.1314E+04  0.3202E+01  0.1337E+04  0.1337E+04
  0.4167E-01  0.1312E+04  0.3516E+01  0.1334E+04  0.1334E+04
  0.4223E-01  0.1308E+04  0.3976E+01  0.1332E+04  0.1332E+04
  0.4279E-01  0.1307E+04  0.4210E+01  0.1329E+04  0.1329E+04
  0.4336E-01  0.1300E+04  0.4333E+01  0.1327E+04  0.1327E+04
  0.4392E-01  0.1298E+04  0.4756E+01  0.1324E+04  0.1324E+04
  0.4448E-01  0.1298E+04  0.5102E+01  0.1322E+04  0.1322E+04
  0.4505E-01  0.1299E+04  0.5218E+01  0.1319E+04  0.1319E+04
  0.4561E-01  0.1299E+04  0.5020E+01  0.1317E+04  0.1317E+04
  0.4617E-01  0.1300E+04  0.4849E+01  0.1314E+04  0.1314E+04
  0.4674E-01  0.1301E+04  0.4571E+01  0.1311E+04  0.1311E+04
  0.4730E-01  0.1300E+04  0.4447E+01  0.1309E+04  0.1309E+04
  0.4786E-01  0.1296E+04  0.4196E+01  0.1306E+04  0.1306E+04
  0.4842E-01  0.1294E+04  0.3903E+01  0.1303E+04  0.1303E+04
  0.4899E-01  0.1293E+04  0.3558E+01  0.1301E+04  0.1301E+04
  0.4955E-01  0.1290E+04  0.3143E+01  0.1298E+04  0.1298E+04
  0.5011E-01  0.1284E+04  0.2966E+01  0.1295E+04  0.1295E+04
  0.5068E-01  0.1282E+04  0.2859E+01  0.1292E+04  0.1292E+04
  0.5124E-01  0.1278E+04  0.2704E+01  0.1289E+04  0.1289E+04
  0.5180E-01  0.1274E+04  0.2312E+01  0.1286E+04  0.1286E+04
  0.5237E-01  0.1271E+04  0.1676E+01  0.1284E+04  0.1284E+04
  0.5293E-01  0.1269E+04  0.1139E+01  0.1281E+04  0.1281E+04
  0.5349E-01  0.1267E+04  0.8056E+00  0.1278E+04  0.1278E+04
  0.5406E-01  0.1265E+04  0.6214E+00  0.1275E+04  0.1275E+04
  0.5462E-01  0.1263E+04  0.4648E+00  0.1272E+04  0.1272E+04
  0.5518E-01  0.1262E+04  0.4131E+00  0.1269E+04  0.1269E+04
  0.5574E-01  0.1258E+04  0.5272E+00  0.1266E+04  0.1266E+04
  0.5631E-01  0.1254E+04  0.6064E+00  0.1262E+04  0.1262E+04
  0.5687E-01  0.1252E+04  0.5761E+00  0.1259E+04  0.1259E+04
  0.5743E-01  0.1249E+04  0.5444E+00  0.1256E+04  0.1256E+04
  0.5800E-01  0.1246E+04  0.5206E+00  0.1253E+04  0.1253E+04
  0.5856E-01  0.1242E+04  0.6323E+00  0.1250E+04  0.1250E+04
  0.5912E-01  0.1239E+04  0.7632E+00  0.1247E+04  0.1247E+04
  0.5969E-01  0.1236E+04  0.9231E+00  0.1243E+04  0.1243E+04
  0.6025E-01  0.1232E+04  0.1088E+01  0.1240E+04  0.1240E+04
  0.6081E-01  0.1229E+04  0.1215E+01  0.1237E+04  0.1237E+04
  0.6137E-01  0.1227E+04  0.1174E+01  0.1234E+04  0.1234E+04
  0.6194E-01  0.1225E+04  0.1136E+01  0.1230E+04  0.1230E+04
  0.6250E-01  0.1223E+04  0.1166E+01  0.1227E+04  0.1227E+04
  0.6306E-01  0.1220E+04  0.1351E+01  0.1224E+04  0.1224E+04
  0.6363E-01  0.1217E+04  0.1439E+01  0.1220E+04  0.1220E+04
  0.6419E-01  0.1213E+04  0.1418E+01  0.1217E+04  0.1217E+04
  0.6475E-01  0.1208E+04  0.1389E+01  0.1213E+04  0.1213E+04
  0.6532E-01  0.1204E+04  0.1344E+01  0.1210E+04  0.1210E+04
  0.6588E-01  0.1201E+04  0.1341E+01  0.1206E+04  0.1206E+04
  0.6644E-01  0.1199E+04  0.1386E+01  0.1203E+04  0.1203E+04
  0.6701E-01  0.1196E+04  0.1540E+01  0.1199E+04  0.1199E+04
  0.6757E-01  0.1195E+04  0.1779E+01  0.1196E+04  0.1196E+04
  0.6813E-01  0.1193E+04  0.1955E+01  0.1192E+04  0.1192E+04
  0.6869E-01  0.1188E+04  0.2044E+01  0.1189E+04  0.1189E+04
  0.6926E-01  0.1183E+04  0.2110E+01  0.1185E+04  0.1185E+04
  0.6982E-01  0.1178E+04  0.2122E+01  0.1182E+04  0.1182E+04
  0.7038E-01  0.1173E+04  0.2187E+01  0.1178E+04  0.1178E+04
  0.7095E-01  0.1169E+04  0.2332E+01  0.1174E+04  0.1174E+04
  0.7151E-01  0.1165E+04  0.2544E+01  0.1171E+04  0.1171E+04
  0.7207E-01  0.1162E+04  0.2862E+01  0.1167E+04  0.1167E+04
  0.7264E-01  0.1158E+04  0.2979E+01  0.1163E+04  0.1163E+04
  0.7320E-01  0.1156E+04  0.2888E+01  0.1160E+04  0.1160E+04
  0.7376E-01  0.1154E+04  0.2721E+01  0.1156E+04  0.1156E+04
  0.7433E-01  0.1151E+04  0.2726E+01  0.1152E+04  0.1152E+04
  0.7489E-01  0.1150E+04  0.2928E+01  0.1148E+04  0.1148E+04
  0.7545E-01  0.1148E+04  0.3191E+01  0.1144E+04  0.1144E+04
  0.7601E-01  0.1147E+04  0.3300E+01  0.1141E+04  0.1141E+04
  0.7658E-01  0.1144E+04  0.3281E+01  0.1137E+04  0.1137E+04
  0.7714E-01  0.1139E+04  0.3222E+01  0.1133E+04  0.1133E+04
  0.7770E-01  0.1134E+04  0.3146E+01  0.1129E+04  0.1129E+04
  0.7827E-01  0.1128E+04  0.3123E+01  0.1125E+04  0.1125E+04
  0.7883E-01  0.1123E+04  0.3160E+01  0.1121E+04  0.1121E+04
  0.7939E-01  0.1118E+04  0.3269E+01  0.1117E+04  0.1117E+04
  0.7996E-01  0.1113E+04  0.3291E+01  0.1114E+04  0.1114E+04
  0.8052E-01  0.1110E+04  0.3241E+01  0.1110E+04  0.1110E+04
  0.8108E-01  0.1107E+04  0.3088E+01  0.1106E+04  0.1106E+04
  0.8165E-01  0.1105E+04  0.2973E+01  0.1102E+04  0.1102E+04
  0.8221E-01  0.1104E+04  0.2765E+01  0.1098E+04  0.1098E+04
  0.8277E-01  0.1101E+04  0.2648E+01  0.1094E+04  0.1094E+04
  0.8333E-01  0.1099E+04  0.2610E+01  0.1090E+04  0.1090E+04
  0.8390E-01  0.1095E+04  0.2593E+01  0.1086E+04  0.1086E+04
  0.8446E-01  0.1092E+04  0.2470E+01  0.1082E+04  0.1082E+04
  0.8502E-01  0.1088E+04  0.2238E+01  0.1078E+04  0.1078E+04
  0.8559E-01  0.1083E+04  0.2146E+01  0.1074E+04  0.1074E+04
  0.8615E-01  0.1079E+04  0.2104E+01  0.1069E+04  0.1069E+04
  0.8671E-01  0.1075E+04  0.2204E+01  0.1065E+04  0.1065E+04
  0.8728E-01  0.1071E+04  0.2313E+01  0.1061E+04  0.1061E+04
  0.8784E-01  0.1065E+04  0.2425E+01  0.1057E+04  0.1057E+04
  0.8840E-01  0.1059E+04  0.2386E+01  0.1053E+04  0.1053E+04
  0.8897E-01  0.1055E+04  0.2184E+01  0.1049E+04  0.1049E+04
  0.8953E-01  0.1050E+04  0.1902E+01  0.1045E+04  0.1045E+04
  0.9009E-01  0.1047E+04  0.1658E+01  0.1041E+04  0.1041E+04
  0.9065E-01  0.1042E+04  0.1448E+01  0.1036E+04  0.1036E+04
  0.9122E-01  0.1040E+04  0.1345E+01  0.1032E+04  0.1032E+04
  0.9178E-01  0.1037E+04  0.1331E+01  0.1028E+04  0.1028E+04
  0.9234E-01  0.1032E+04  0.1336E+01  0.1024E+04  0.1024E+04
  0.9291E-01  0.1028E+04  0.1477E+01  0.1020E+04  0.1020E+04
  0.9347E-01  0.1024E+04  0.1655E+01  0.1015E+04  0.1015E+04
  0.9403E-01  0.1021E+04  0.1811E+01  0.1011E+04  0.1011E+04
  0.9460E-01  0.1016E+04  0.1734E+01  0.1007E+04  0.1007E+04
  0.9516E-01  0.1012E+04  0.1719E+01  0.1003E+04  0.1003E+04
  0.9572E-01  0.1009E+04  0.1740E+01  0.9984E+03  0.9984E+03
  0.9628E-01  0.1006E+04  0.1839E+01  0.9942E+03  0.9942E+03
  0.9685E-01  0.1002E+04  0.1946E+01  0.9899E+03  0.9899E+03
  0.9741E-01  0.9982E+03  0.2037E+01  0.9856E+03  0.9856E+03
  0.9797E-01  0.9934E+03  0.2090E+01  0.9813E+03  0.9813E+03
  0.9854E-01  0.9887E+03  0.2006E+01  0.9770E+03  0.9770E+03
  0.9910E-01  0.9834E+03  0.1961E+01  0.9727E+03  0.9727E+03
  0.9966E-01  0.9775E+03  0.1962E+01  0.9684E+03  0.9684E+03
  0.1002E+00  0.9722E+03  0.2021E+01  0.9641E+03  0.9641E+03
  0.1008E+00  0.9668E+03  0.2157E+01  0.9598E+03  0.9598E+03
  0.1014E+00  0.9623E+03  0.2249E+01  0.9554E+03  0.9554E+03
  0.1019E+00  0.9578E+03  0.2133E+01  0.9511E+03  0.9511E+03
  0.1025E+00  0.9538E+03  0.2050E+01  0.9468E+03  0.9468E+03
  0.1030E+00  0.9497E+03  0.2056E+01  0.9424E+03  0.9424E+03
  0.1036E+00  0.9440E+03  0.2150E+01  0.9381E+03  0.9381E+03
  0.1042E+00  0.9394E+03  0.2372E+01  0.9337E+03  0.9337E+03
  0.1047E+00  0.9337E+03  0.2637E+01  0.9293E+03  0.9293E+03
  0.1053E+00  0.9287E+03  0.2927E+01  0.9250E+03  0.9250E+03
  0.1059E+00  0.9247E+03  0.3098E+01  0.9206E+03  0.9206E+03
  0.1064E+00  0.9210E+03  0.3113E+01  0.9162E+03  0.9162E+03
  0.1070E+00  0.9194E+03  0.3030E+01  0.9118E+03  0.9118E+03
  0.1075E+00  0.9167E+03  0.2954E+01  0.9074E+03  0.9074E+03
  0.1081E+00  0.9149E+03  0.2821E+01  0.9031E+03  0.9031E+03
  0.1087E+00  0.9112E+03  0.2668E+01  0.8987E+03  0.8987E+03
  0.1092E+00  0.9065E+03  0.2451E+01  0.8943E+03  0.8943E+03
  0.1098E+00  0.9024E+03  0.2147E+01  0.8899E+03  0.8899E+03
  0.1104E+00  0.8972E+03  0.1864E+01  0.8855E+03  0.8855E+03
  0.1109E+00  0.8922E+03  0.1579E+01  0.8810E+03  0.8810E+03
  0.1115E+00  0.8871E+03  0.1377E+01  0.8766E+03  0.8766E+03
  0.1121E+00  0.8833E+03  0.1270E+01  0.8722E+03  0.8722E+03
  0.1126E+00  0.8792E+03  0.1158E+01  0.8678E+03  0.8678E+03
  0.1132E+00  0.8746E+03  0.1056E+01  0.8634E+03  0.8634E+03
  0.1137E+00  0.8700E+03  0.7621E+00  0.8590E+03  0.8590E+03
  0.1143E+00  0.8657E+03  0.4137E+00  0.8546E+03  0.8546E+03
  0.1149E+00  0.8608E+03  0.2826E+00  0.8502E+03  0.8502E+03
  0.1154E+00  0.8560E+03  0.3302E+00  0.8457E+03  0.8457E+03
  0.1160E+00  0.8512E+03  0.4283E+00  0.8413E+03  0.8413E+03
  0.1166E+00  0.8464E+03  0.5336E+00  0.8369E+03  0.8369E+03
  0.1171E+00  0.8420E+03  0.5622E+00  0.8325E+03  0.8325E+03
  0.1177E+00  0.8372E+03  0.5992E+00  0.8281E+03  0.8281E+03
  0.1182E+00  0.8326E+03  0.6368E+00  0.8236E+03  0.8236E+03
  0.1188E+00  0.8272E+03  0.7859E+00  0.8192E+03  0.8192E+03
  0.1194E+00  0.8221E+03  0.9607E+00  0.8148E+03  0.8148E+03
  0.1199E+00  0.8162E+03  0.1097E+01  0.8104E+03  0.8104E+03
  0.1205E+00  0.8113E+03  0.1205E+01  0.8060E+03  0.8060E+03
  0.1211E+00  0.8068E+03  0.1290E+01  0.8016E+03  0.8016E+03
  0.1216E+00  0.8033E+03  0.1343E+01  0.7971E+03  0.7971E+03
  0.1222E+00  0.7994E+03  0.1338E+01  0.7927E+03  0.7927E+03
  0.1227E+00  0.7954E+03  0.1289E+01  0.7883E+03  0.7883E+03
  0.1233E+00  0.7918E+03  0.1235E+01  0.7839E+03  0.7839E+03
  0.1239E+00  0.7871E+03  0.1055E+01  0.7795E+03  0.7795E+03
  0.1244E+00  0.7820E+03  0.8227E+00  0.7751E+03  0.7751E+03
  0.1250E+00  0.7762E+03  0.6363E+00  0.7707E+03  0.7707E+03
  0.1256E+00  0.7713E+03  0.5180E+00  0.7663E+03  0.7663E+03
  0.1261E+00  0.7665E+03  0.4777E+00  0.7619E+03  0.7619E+03
  0.1267E+00  0.7622E+03  0.5536E+00  0.7575E+03  0.7575E+03
  0.1273E+00  0.7580E+03  0.7104E+00  0.7532E+03  0.7532E+03
  0.1278E+00  0.7530E+03  0.8170E+00  0.7488E+03  0.7488E+03
  0.1284E+00  0.7491E+03  0.8368E+00  0.7444E+03  0.7444E+03
  0.1289E+00  0.7447E+03  0.7993E+00  0.7400E+03  0.7400E+03
  0.1295E+00  0.7397E+03  0.8059E+00  0.7357E+03  0.7357E+03
  0.1301E+00  0.7339E+03  0.8707E+00  0.7313E+03  0.7313E+03
  0.1306E+00  0.7283E+03  0.9302E+00  0.7269E+03  0.7269E+03
  0.1312E+00  0.7244E+03  0.1042E+01  0.7226E+03  0.7226E+03
  0.1318E+00  0.7201E+03  0.1132E+01  0.7182E+03  0.7182E+03
  0.1323E+00  0.7163E+03  0.1272E+01  0.7139E+03  0.7139E+03
  0.1329E+00  0.7122E+03  0.1425E+01  0.7096E+03  0.7096E+03
  0.1334E+00  0.7085E+03  0.1631E+01  0.7052E+03  0.7052E+03
  0.1340E+00  0.7050E+03  0.1731E+01  0.7009E+03  0.7009E+03
  0.1346E+00  0.7007E+03  0.1755E+01  0.6966E+03  0.6966E+03
  0.1351E+00  0.6963E+03  0.1728E+01  0.6923E+03  0.6923E+03
  0.1357E+00  0.6918E+03  0.1656E+01  0.6880E+03  0.6880E+03
  0.1363E+00  0.6881E+03  0.1534E+01  0.6837E+03  0.6837E+03
  0.1368E+00  0.6848E+03  0.1574E+01  0.6794E+03  0.6794E+03
  0.1374E+00  0.6805E+03  0.1751E+01  0.6751E+03  0.6751E+03
  0.1380E+00  0.6761E+03  0.1970E+01  0.6708E+03  0.6708E+03
  0.1385E+00  0.6709E+03  0.2186E+01  0.6665E+03  0.6665E+03
  0.1391E+00  0.6663E+03  0.2399E+01  0.6623E+03  0.6623E+03
  0.1396E+00  0.6605E+03  0.2589E+01  0.6580E+03  0.6580E+03
  0.1402E+00  0.6548E+03  0.2608E+01  0.6538E+03  0.6538E+03
  0.1408E+00  0.6501E+03  0.2565E+01  0.6495E+03  0.6495E+03
  0.1413E+00  0.6453E+03  0.2462E+01  0.6453E+03  0.6453E+03
  0.1419E+00  0.6405E+03  0.2304E+01  0.6411E+03  0.6411E+03
  0.1425E+00  0.6356E+03  0.2136E+01  0.6369E+03  0.6369E+03
  0.1430E+00  0.6322E+03  0.2003E+01  0.6327E+03  0.6327E+03
  0.1436E+00  0.6285E+03  0.1996E+01  0.6285E+03  0.6285E+03
  0.1441E+00  0.6251E+03  0.2051E+01  0.6243E+03  0.6243E+03
  0.1447E+00  0.6211E+03  0.2155E+01  0.6201E+03  0.6201E+03
  0.1453E+00  0.6179E+03  0.2201E+01  0.6160E+03  0.6160E+03
  0.1458E+00  0.6149E+03  0.2197E+01  0.6118E+03  0.6118E+03
  0.1464E+00  0.6116E+03  0.2063E+01  0.6076E+03  0.6076E+03
  0.1470E+00  0.6082E+03  0.1905E+01  0.6035E+03  0.6035E+03
  0.1475E+00  0.6047E+03  0.1732E+01  0.5994E+03  0.5994E+03
  0.1481E+00  0.6014E+03  0.1562E+01  0.5953E+03  0.5953E+03
  0.1486E+00  0.5974E+03  0.1437E+01  0.5912E+03  0.5912E+03
  0.1492E+00  0.5935E+03  0.1392E+01  0.5871E+03  0.5871E+03
  0.1498E+00  0.5891E+03  0.1355E+01  0.5830E+03  0.5830E+03
  0.1503E+00  0.5846E+03  0.1341E+01  0.5789E+03  0.5789E+03
  0.1509E+00  0.5800E+03  0.1326E+01  0.5749E+03  0.5749E+03
  0.1515E+00  0.5758E+03  0.1327E+01  0.5708E+03  0.5708E+03
  0.1520E+00  0.5718E+03  0.1272E+01  0.5668E+03  0.5668E+03
  0.1526E+00  0.5671E+03  0.1115E+01  0.5627E+03  0.5627E+03
  0.1532E+00  0.5627E+03  0.9367E+00  0.5587E+03  0.5587E+03
  0.1537E+00  0.5586E+03  0.7590E+00  0.5547E+03  0.5547E+03
  0.1543E+00  0.5542E+03  0.6223E+00  0.5507E+03  0.5507E+03
  0.1548E+00  0.5499E+03  0.5498E+00  0.5467E+03  0.5467E+03
  0.1554E+00  0.5457E+03  0.5083E+00  0.5428E+03  0.5428E+03
  0.1560E+00  0.5415E+03  0.5284E+00  0.5388E+03  0.5388E+03
  0.1565E+00  0.5376E+03  0.5719E+00  0.5349E+03  0.5349E+03
  0.1571E+00  0.5338E+03  0.6001E+00  0.5309E+03  0.5309E+03
  0.1577E+00  0.5299E+03  0.5925E+00  0.5270E+03  0.5270E+03
  0.1582E+00  0.5259E+03  0.5615E+00  0.5231E+03  0.5231E+03
  0.1588E+00  0.5222E+03  0.5256E+00  0.5192E+03  0.5192E+03
  0.1593E+00  0.5183E+03  0.4590E+00  0.5153E+03  0.5153E+03
  0.1599E+00  0.5145E+03  0.4328E+00  0.5115E+03  0.5115E+03
  0.1605E+00  0.5104E+03  0.3996E+00  0.5076E+03  0.5076E+03
  0.1610E+00  0.5065E+03  0.3839E+00  0.5038E+03  0.5038E+03
  0.1616E+00  0.5027E+03  0.3714E+00  0.5000E+03  0.5000E+03
  0.1622E+00  0.4986E+03  0.3755E+00  0.4962E+03  0.4962E+03
  0.1627E+00  0.4945E+03  0.4029E+00  0.4924E+03  0.4924E+03
  0.1633E+00  0.4902E+03  0.4306E+00  0.4886E+03  0.4886E+03
  0.1638E+00  0.4862E+03  0.4229E+00  0.4848E+03  0.4848E+03
  0.1644E+00  0.4821E+03  0.4051E+00  0.4811E+03  0.4811E+03
  0.1650E+00  0.4781E+03  0.3921E+00  0.4773E+03  0.4773E+03
  0.1655E+00  0.4744E+03  0.3710E+00  0.4736E+03  0.4736E+03
  0.1661E+00  0.4711E+03  0.3833E+00  0.4699E+03  0.4699E+03
  0.1667E+00  0.4673E+03  0.4310E+00  0.4662E+03  0.4662E+03
  0.1672E+00  0.4636E+03  0.4279E+00  0.4625E+03  0.4625E+03
  0.1678E+00  0.4602E+03  0.4249E+00  0.4588E+03  0.4588E+03
  0.1684E+00  0.4566E+03  0.4437E+00  0.4552E+03  0.4552E+03
  0.1689E+00  0.4527E+03  0.4729E+00  0.4515E+03  0.4515E+03
  0.1695E+00  0.4490E+03  0.5105E+00  0.4479E+03  0.4479E+03
  0.1700E+00  0.4458E+03  0.5589E+00  0.4443E+03  0.4443E+03
  0.1706E+00  0.4423E+03  0.6192E+00  0.4407E+03  0.4407E+03
  0.1712E+00  0.4385E+03  0.6802E+00  0.4371E+03  0.4371E+03
  0.1717E+00  0.4349E+03  0.7426E+00  0.4336E+03  0.4336E+03
  0.1723E+00  0.4309E+03  0.8003E+00  0.4300E+03  0.4300E+03
  0.1729E+00  0.4267E+03  0.8120E+00  0.4265E+03  0.4265E+03
  0.1734E+00  0.4224E+03  0.7900E+00  0.4230E+03  0.4230E+03
  0.1740E+00  0.4186E+03  0.7359E+00  0.4195E+03  0.4195E+03
  0.1745E+00  0.4151E+03  0.6833E+00  0.4160E+03  0.4160E+03
  0.1751E+00  0.4117E+03  0.6379E+00  0.4126E+03  0.4126E+03
  0.1757E+00  0.4085E+03  0.5753E+00  0.4091E+03  0.4091E+03
  0.1762E+00  0.4054E+03  0.4928E+00  0.4057E+03  0.4057E+03
  0.1768E+00  0.4022E+03  0.4428E+00  0.4023E+03  0.4023E+03
  0.1774E+00  0.3990E+03  0.4117E+00  0.3989E+03  0.3989E+03
  0.1779E+00  0.3957E+03  0.3826E+00  0.3955E+03  0.3955E+03
  0.1785E+00  0.3921E+03  0.3605E+00  0.3921E+03  0.3921E+03
  0.1791E+00  0.3886E+03  0.3055E+00  0.3887E+03  0.3887E+03
  0.1796E+00  0.3855E+03  0.2226E+00  0.3854E+03  0.3854E+03
  0.1802E+00  0.3823E+03  0.1987E+00  0.3821E+03  0.3821E+03
  0.1807E+00  0.3790E+03  0.2045E+00  0.3788E+03  0.3788E+03
  0.1813E+00  0.3755E+03  0.2295E+00  0.3755E+03  0.3755E+03
  0.1819E+00  0.3721E+03  0.2533E+00  0.3722E+03  0.3722E+03
  0.1824E+00  0.3690E+03  0.2605E+00  0.3690E+03  0.3690E+03
  0.1830E+00  0.3656E+03  0.2495E+00  0.3658E+03  0.3658E+03
  0.1836E+00  0.3622E+03  0.2376E+00  0.3625E+03  0.3625E+03
  0.1841E+00  0.3589E+03  0.2312E+00  0.3593E+03  0.3593E+03
  0.1847E+00  0.3557E+03  0.2357E+00  0.3562E+03  0.3562E+03
  0.1852E+00  0.3526E+03  0.2337E+00  0.3530E+03  0.3530E+03
  0.1858E+00  0.3495E+03  0.2248E+00  0.3498E+03  0.3498E+03
  0.1864E+00  0.3461E+03  0.2441E+00  0.3467E+03  0.3467E+03
  0.1869E+00  0.3429E+03  0.2758E+00  0.3436E+03  0.3436E+03
  0.1875E+00  0.3397E+03  0.3059E+00  0.3405E+03  0.3405E+03
  0.1881E+00  0.3364E+03  0.3201E+00  0.3374E+03  0.3374E+03
  0.1886E+00  0.3331E+03  0.3245E+00  0.3344E+03  0.3344E+03
  0.1892E+00  0.3298E+03  0.3330E+00  0.3313E+03  0.3313E+03
  0.1897E+00  0.3269E+03  0.3237E+00  0.3283E+03  0.3283E+03
  0.1903E+00  0.3239E+03  0.3037E+00  0.3253E+03  0.3253E+03
  0.1909E+00  0.3209E+03  0.2711E+00  0.3223E+03  0.3223E+03
  0.1914E+00  0.3180E+03  0.2425E+00  0.3193E+03  0.3193E+03
  0.1920E+00  0.3150E+03  0.2293E+00  0.3164E+03  0.3164E+03
  0.1926E+00  0.3123E+03  0.2350E+00  0.3134E+03  0.3134E+03
  0.1931E+00  0.3095E+03  0.2647E+00  0.3105E+03  0.3105E+03
  0.1937E+00  0.3066E+03  0.3115E+00  0.3076E+03  0.3076E+03
  0.1943E+00  0.3036E+03  0.3041E+00  0.3047E+03  0.3047E+03
  0.1948E+00  0.3008E+03  0.2946E+00  0.3019E+03  0.3019E+03
  0.1954E+00  0.2981E+03  0.2981E+00  0.2990E+03  0.2990E+03
  0.1959E+00  0.2954E+03  0.3378E+00  0.2962E+03  0.2962E+03
  0.1965E+00  0.2928E+03  0.4121E+00  0.2934E+03  0.2934E+03
  0.1971E+00  0.2902E+03  0.5034E+00  0.2906E+03  0.2906E+03
  0.1976E+00  0.2876E+03  0.5735E+00  0.2878E+03  0.2878E+03
  0.1982E+00  0.2850E+03  0.6352E+00  0.2850E+03  0.2850E+03
  0.1988E+00  0.2823E+03  0.6986E+00  0.2823E+03  0.2823E+03
  0.1993E+00  0.2791E+03  0.7361E+00  0.2796E+03  0.2796E+03
  0.1999E+00  0.2758E+03  0.7574E+00  0.2769E+03  0.2769E+03
  0.2004E+00  0.2725E+03  0.7507E+00  0.2742E+03  0.2742E+03
  0.2010E+00  0.2696E+03  0.7179E+00  0.2715E+03  0.2715E+03
  0.2016E+00  0.2668E+03  0.6624E+00  0.2688E+03  0.2688E+03
  0.2021E+00  0.2642E+03  0.5962E+00  0.2662E+03  0.2662E+03
  0.2027E+00  0.2621E+03  0.5225E+00  0.2636E+03  0.2636E+03
  0.2033E+00  0.2599E+03  0.4491E+00  0.2610E+03  0.2610E+03
  0.2038E+00  0.2578E+03  0.3844E+00  0.2584E+03  0.2584E+03
  0.2044E+00  0.2553E+03  0.3282E+00  0.2559E+03  0.2559E+03
  0.2049E+00  0.2526E+03  0.2835E+00  0.2533E+03  0.2533E+03
  0.2055E+00  0.2500E+03  0.2515E+00  0.2508E+03  0.2508E+03
  0.2061E+00  0.2474E+03  0.2073E+00  0.2483E+03  0.2483E+03
  0.2066E+00  0.2450E+03  0.1218E+00  0.2458E+03  0.2458E+03
  0.2072E+00  0.2424E+03  0.7931E-01  0.2433E+03  0.2433E+03
  0.2078E+00  0.2399E+03  0.6813E-01  0.2409E+03  0.2409E+03
  0.2083E+00  0.2378E+03  0.8354E-01  0.2384E+03  0.2384E+03
  0.2089E+00  0.2353E+03  0.1072E+00  0.2360E+03  0.2360E+03
  0.2095E+00  0.2330E+03  0.1150E+00  0.2336E+03  0.2336E+03
  0.2100E+00  0.2306E+03  0.9512E-01  0.2312E+03  0.2312E+03
  0.2106E+00  0.2283E+03  0.9939E-01  0.2289E+03  0.2289E+03
  0.2111E+00  0.2259E+03  0.1187E+00  0.2265E+03  0.2265E+03
  0.2117E+00  0.2236E+03  0.1495E+00  0.2242E+03  0.2242E+03
  0.2123E+00  0.2215E+03  0.1780E+00  0.2219E+03  0.2219E+03
  0.2128E+00  0.2192E+03  0.2015E+00  0.2196E+03  0.2196E+03
  0.2134E+00  0.2170E+03  0.2293E+00  0.2173E+03  0.2173E+03
  0.2140E+00  0.2148E+03  0.2482E+00  0.2151E+03  0.2151E+03
  0.2145E+00  0.2128E+03  0.2635E+00  0.2128E+03  0.2128E+03
  0.2151E+00  0.2107E+03  0.2629E+00  0.2106E+03  0.2106E+03
  0.2156E+00  0.2086E+03  0.2851E+00  0.2084E+03  0.2084E+03
  0.2162E+00  0.2066E+03  0.3029E+00  0.2062E+03  0.2062E+03
  0.2168E+00  0.2044E+03  0.3374E+00  0.2040E+03  0.2040E+03
  0.2173E+00  0.2022E+03  0.3352E+00  0.2019E+03  0.2019E+03
  0.2179E+00  0.1998E+03  0.3133E+00  0.1998E+03  0.1998E+03
  0.2185E+00  0.1977E+03  0.2994E+00  0.1976E+03  0.1976E+03
  0.2190E+00  0.1955E+03  0.3110E+00  0.1955E+03  0.1955E+03
  0.2196E+00  0.1933E+03  0.3491E+00  0.1935E+03  0.1935E+03
  0.2201E+00  0.1913E+03  0.4077E+00  0.1914E+03  0.1914E+03
  0.2207E+00  0.1893E+03  0.4683E+00  0.1894E+03  0.1894E+03
  0.2213E+00  0.1875E+03  0.5150E+00  0.1873E+03  0.1873E+03
  0.2218E+00  0.1852E+03  0.5483E+00  0.1853E+03  0.1853E+03
  0.2224E+00  0.1832E+03  0.5848E+00  0.1833E+03  0.1833E+03
  0.2230E+00  0.1809E+03  0.6017E+00  0.1813E+03  0.1813E+03
  0.2235E+00  0.1784E+03  0.6155E+00  0.1794E+03  0.1794E+03
  0.2241E+00  0.1760E+03  0.6360E+00  0.1774E+03  0.1774E+03
  0.2247E+00  0.1738E+03  0.6489E+00  0.1755E+03  0.1755E+03
  0.2252E+00  0.1721E+03  0.6427E+00  0.1736E+03  0.1736E+03
  0.2258E+00  0.1704E+03  0.5931E+00  0.1717E+03  0.1717E+03
  0.2263E+00  0.1690E+03  0.5180E+00  0.1699E+03  0.1699E+03
  0.2269E+00  0.1674E+03  0.4690E+00  0.1680E+03  0.1680E+03
  0.2275E+00  0.1661E+03  0.4377E+00  0.1662E+03  0.1662E+03
  0.2280E+00  0.1644E+03  0.4361E+00  0.1643E+03  0.1643E+03
  0.2286E+00  0.1624E+03  0.4416E+00  0.1625E+03  0.1625E+03
  0.2292E+00  0.1602E+03  0.4609E+00  0.1607E+03  0.1607E+03
  0.2297E+00  0.1585E+03  0.4238E+00  0.1590E+03  0.1590E+03
  0.2303E+00  0.1570E+03  0.3878E+00  0.1572E+03  0.1572E+03
  0.2308E+00  0.1555E+03  0.3827E+00  0.1555E+03  0.1555E+03
  0.2314E+00  0.1541E+03  0.4111E+00  0.1537E+03  0.1537E+03
  0.2320E+00  0.1530E+03  0.4598E+00  0.1520E+03  0.1520E+03
  0.2325E+00  0.1517E+03  0.5146E+00  0.1503E+03  0.1503E+03
  0.2331E+00  0.1500E+03  0.5554E+00  0.1487E+03  0.1487E+03
  0.2337E+00  0.1484E+03  0.5927E+00  0.1470E+03  0.1470E+03
  0.2342E+00  0.1468E+03  0.6191E+00  0.1454E+03  0.1454E+03
  0.2348E+00  0.1449E+03  0.6371E+00  0.1437E+03  0.1437E+03
  0.2353E+00  0.1429E+03  0.6192E+00  0.1421E+03  0.1421E+03
  0.2359E+00  0.1412E+03  0.6017E+00  0.1405E+03  0.1405E+03
  0.2365E+00  0.1394E+03  0.5765E+00  0.1390E+03  0.1390E+03
  0.2370E+00  0.1378E+03  0.5280E+00  0.1374E+03  0.1374E+03
  0.2376E+00  0.1362E+03  0.4426E+00  0.1359E+03  0.1359E+03
  0.2382E+00  0.1349E+03  0.3434E+00  0.1343E+03  0.1343E+03
  0.2387E+00  0.1334E+03  0.2840E+00  0.1328E+03  0.1328E+03
  0.2393E+00  0.1319E+03  0.2686E+00  0.1313E+03  0.1313E+03
  0.2399E+00  0.1307E+03  0.2597E+00  0.1298E+03  0.1298E+03
  0.2404E+00  0.1294E+03  0.2748E+00  0.1284E+03  0.1284E+03
  0.2410E+00  0.1280E+03  0.3212E+00  0.1269E+03  0.1269E+03
  0.2415E+00  0.1267E+03  0.3352E+00  0.1255E+03  0.1255E+03
  0.2421E+00  0.1254E+03  0.3032E+00  0.1241E+03  0.1241E+03
  0.2427E+00  0.1240E+03  0.2728E+00  0.1227E+03  0.1227E+03
  0.2432E+00  0.1226E+03  0.2604E+00  0.1213E+03  0.1213E+03
  0.2438E+00  0.1215E+03  0.2835E+00  0.1199E+03  0.1199E+03
  0.2444E+00  0.1203E+03  0.3381E+00  0.1185E+03  0.1185E+03
  0.2449E+00  0.1190E+03  0.4064E+00  0.1172E+03  0.1172E+03
  0.2455E+00  0.1176E+03  0.4687E+00  0.1158E+03  0.1158E+03
  0.2460E+00  0.1164E+03  0.5136E+00  0.1145E+03  0.1145E+03
  0.2466E+00  0.1150E+03  0.5268E+00  0.1132E+03  0.1132E+03
  0.2472E+00  0.1133E+03  0.5319E+00  0.1119E+03  0.1119E+03
  0.2477E+00  0.1116E+03  0.5379E+00  0.1107E+03  0.1107E+03
  0.2483E+00  0.1101E+03  0.5437E+00  0.1094E+03  0.1094E+03
  0.2489E+00  0.1087E+03  0.5309E+00  0.1082E+03  0.1082E+03
  0.2494E+00  0.1073E+03  0.5010E+00  0.1069E+03  0.1069E+03
  0.2500E+00  0.1063E+03  0.4533E+00  0.1057E+03  0.1057E+03
  0.2505E+00  0.1053E+03  0.3964E+00  0.1045E+03  0.1045E+03
  0.2511E+00  0.1045E+03  0.3589E+00  0.1033E+03  0.1033E+03
  0.2517E+00  0.1034E+03  0.3424E+00  0.1022E+03  0.1022E+03
  0.2522E+00  0.1026E+03  0.3363E+00  0.1010E+03  0.1010E+03
  0.2528E+00  0.1016E+03  0.3616E+00  0.9985E+02  0.9985E+02
  0.2534E+00  0.1005E+03  0.3788E+00  0.9872E+02  0.9872E+02
  0.2539E+00  0.9918E+02  0.3390E+00  0.9760E+02  0.9760E+02
  0.2545E+00  0.9784E+02  0.2983E+00  0.9650E+02  0.9650E+02
  0.2551E+00  0.9690E+02  0.2801E+00  0.9541E+02  0.9541E+02
  0.2556E+00  0.9549E+02  0.2966E+00  0.9433E+02  0.9433E+02
  0.2562E+00  0.9430E+02  0.3409E+00  0.9326E+02  0.9326E+02
  0.2567E+00  0.9293E+02  0.3980E+00  0.9221E+02  0.9221E+02
  0.2573E+00  0.9180E+02  0.4609E+00  0.9117E+02  0.9117E+02
  0.2579E+00  0.9092E+02  0.4824E+00  0.9015E+02  0.9015E+02
  0.2584E+00  0.8998E+02  0.4948E+00  0.8913E+02  0.8913E+02
  0.2590E+00  0.8928E+02  0.5260E+00  0.8813E+02  0.8813E+02
  0.2596E+00  0.8853E+02  0.5721E+00  0.8715E+02  0.8715E+02
  0.2601E+00  0.8793E+02  0.6208E+00  0.8617E+02  0.8617E+02
  0.2607E+00  0.8713E+02  0.6295E+00  0.8521E+02  0.8521E+02
  0.2612E+00  0.8622E+02  0.5831E+00  0.8426E+02  0.8426E+02
  0.2618E+00  0.8511E+02  0.5183E+00  0.8332E+02  0.8332E+02
  0.2624E+00  0.8407E+02  0.4659E+00  0.8240E+02  0.8240E+02
  0.2629E+00  0.8292E+02  0.4326E+00  0.8149E+02  0.8149E+02
  0.2635E+00  0.8171E+02  0.4433E+00  0.8058E+02  0.8058E+02
  0.2641E+00  0.8095E+02  0.4910E+00  0.7970E+02  0.7970E+02
  0.2646E+00  0.8000E+02  0.5513E+00  0.7882E+02  0.7882E+02
  0.2652E+00  0.7893E+02  0.6173E+00  0.7795E+02  0.7795E+02
  0.2657E+00  0.7793E+02  0.6272E+00  0.7710E+02  0.7710E+02
  0.2663E+00  0.7682E+02  0.6083E+00  0.7626E+02  0.7626E+02
  0.2669E+00  0.7569E+02  0.6043E+00  0.7543E+02  0.7543E+02
  0.2674E+00  0.7437E+02  0.6032E+00  0.7461E+02  0.7461E+02
  0.2680E+00  0.7309E+02  0.6201E+00  0.7381E+02  0.7381E+02
  0.2686E+00  0.7224E+02  0.6452E+00  0.7301E+02  0.7301E+02
  0.2691E+00  0.7142E+02  0.6787E+00  0.7223E+02  0.7223E+02
  0.2697E+00  0.7077E+02  0.6961E+00  0.7145E+02  0.7145E+02
  0.2703E+00  0.7027E+02  0.6858E+00  0.7069E+02  0.7069E+02
  0.2708E+00  0.6983E+02  0.6898E+00  0.6994E+02  0.6994E+02
  0.2714E+00  0.6958E+02  0.6833E+00  0.6920E+02  0.6920E+02
  0.2719E+00  0.6908E+02  0.6500E+00  0.6847E+02  0.6847E+02
  0.2725E+00  0.6844E+02  0.5894E+00  0.6775E+02  0.6775E+02
  0.2731E+00  0.6775E+02  0.4931E+00  0.6704E+02  0.6704E+02
  0.2736E+00  0.6724E+02  0.3964E+00  0.6635E+02  0.6635E+02
  0.2742E+00  0.6649E+02  0.3151E+00  0.6566E+02  0.6566E+02
  0.2748E+00  0.6567E+02  0.2684E+00  0.6498E+02  0.6498E+02
  0.2753E+00  0.6484E+02  0.2336E+00  0.6431E+02  0.6431E+02
  0.2759E+00  0.6419E+02  0.2175E+00  0.6366E+02  0.6366E+02
  0.2764E+00  0.6359E+02  0.2124E+00  0.6301E+02  0.6301E+02
  0.2770E+00  0.6274E+02  0.2092E+00  0.6237E+02  0.6237E+02
  0.2776E+00  0.6205E+02  0.1880E+00  0.6175E+02  0.6175E+02
  0.2781E+00  0.6138E+02  0.1275E+00  0.6113E+02  0.6113E+02
  0.2787E+00  0.6088E+02  0.8326E-01  0.6052E+02  0.6052E+02
  0.2793E+00  0.6026E+02  0.4917E-01  0.5992E+02  0.5992E+02
  0.2798E+00  0.5956E+02  0.2692E-01  0.5933E+02  0.5933E+02
  0.2804E+00  0.5888E+02  0.3578E-01  0.5876E+02  0.5876E+02
  0.2809E+00  0.5844E+02  0.6130E-01  0.5819E+02  0.5819E+02
  0.2815E+00  0.5791E+02  0.1007E+00  0.5762E+02  0.5762E+02
  0.2821E+00  0.5733E+02  0.1321E+00  0.5707E+02  0.5707E+02
  0.2826E+00  0.5674E+02  0.1613E+00  0.5653E+02  0.5653E+02
  0.2832E+00  0.5606E+02  0.1901E+00  0.5600E+02  0.5600E+02
  0.2838E+00  0.5545E+02  0.1987E+00  0.5547E+02  0.5547E+02
  0.2843E+00  0.5466E+02  0.2058E+00  0.5495E+02  0.5495E+02
  0.2849E+00  0.5409E+02  0.2134E+00  0.5445E+02  0.5445E+02
  0.2854E+00  0.5349E+02  0.2238E+00  0.5395E+02  0.5395E+02
  0.2860E+00  0.5296E+02  0.2231E+00  0.5346E+02  0.5346E+02
  0.2866E+00  0.5252E+02  0.2236E+00  0.5297E+02  0.5297E+02
  0.2871E+00  0.5212E+02  0.2221E+00  0.5250E+02  0.5250E+02
  0.2877E+00  0.5187E+02  0.2112E+00  0.5203E+02  0.5203E+02
  0.2883E+00  0.5144E+02  0.2019E+00  0.5158E+02  0.5158E+02
  0.2888E+00  0.5097E+02  0.1889E+00  0.5113E+02  0.5113E+02
  0.2894E+00  0.5068E+02  0.1677E+00  0.5069E+02  0.5069E+02
  0.2900E+00  0.5037E+02  0.1442E+00  0.5025E+02  0.5025E+02
  0.2905E+00  0.4988E+02  0.1138E+00  0.4982E+02  0.4982E+02
  0.2911E+00  0.4942E+02  0.8754E-01  0.4941E+02  0.4941E+02
  0.2916E+00  0.4895E+02  0.7630E-01  0.4899E+02  0.4899E+02
  0.2922E+00  0.4867E+02  0.7500E-01  0.4859E+02  0.4859E+02
  0.2928E+00  0.4805E+02  0.7470E-01  0.4819E+02  0.4819E+02
  0.2933E+00  0.4770E+02  0.7814E-01  0.4781E+02  0.4781E+02
  0.2939E+00  0.4737E+02  0.8625E-01  0.4742E+02  0.4742E+02
  0.2945E+00  0.4696E+02  0.8426E-01  0.4705E+02  0.4705E+02
  0.2950E+00  0.4646E+02  0.7666E-01  0.4668E+02  0.4668E+02
  0.2956E+00  0.4601E+02  0.6937E-01  0.4632E+02  0.4632E+02
  0.2961E+00  0.4579E+02  0.6280E-01  0.4597E+02  0.4597E+02
  0.2967E+00  0.4543E+02  0.5738E-01  0.4562E+02  0.4562E+02
  0.2973E+00  0.4523E+02  0.5351E-01  0.4528E+02  0.4528E+02
  0.2978E+00  0.4466E+02  0.5160E-01  0.4495E+02  0.4495E+02
  0.2984E+00  0.4433E+02  0.5207E-01  0.4462E+02  0.4462E+02
  0.2990E+00  0.4387E+02  0.5533E-01  0.4430E+02  0.4430E+02
  0.2995E+00  0.4350E+02  0.6179E-01  0.4398E+02  0.4398E+02
  0.3001E+00  0.4335E+02  0.7186E-01  0.4367E+02  0.4367E+02
  0.3006E+00  0.4295E+02  0.8597E-01  0.4337E+02  0.4337E+02
