1.003000E-02	6.76889E02	5.55278E00
1.064000E-02	6.46414E02	1.71880E01
1.125000E-02	6.44920E02	6.20283E00
1.186000E-02	6.23293E02	4.86215E00
1.247000E-02	6.05377E02	5.17822E00
1.308000E-02	5.99462E02	6.38396E00
1.368000E-02	5.79557E02	4.78160E00
1.429000E-02	5.57076E02	7.12456E00
1.490000E-02	5.42446E02	5.11996E00
1.551000E-02	5.23094E02	4.98090E00
1.612000E-02	5.16275E02	5.23434E00
1.672000E-02	4.98907E02	4.97228E00
1.733000E-02	4.80999E02	5.91152E00
1.794000E-02	4.68143E02	4.13740E00
1.855000E-02	4.52272E02	6.42516E00
1.916000E-02	4.36493E02	3.20841E00
1.976000E-02	4.27975E02	6.28930E00
2.037000E-02	4.12834E02	1.11099E01
2.098000E-02	3.98942E02	5.91341E00
2.159000E-02	3.82420E02	3.70568E00
2.220000E-02	3.72769E02	5.66388E00
2.280000E-02	3.63773E02	2.15521E00
2.341000E-02	3.49181E02	5.11705E00
2.402000E-02	3.43001E02	3.02376E00
2.463000E-02	3.31331E02	1.87648E00
2.524000E-02	3.21201E02	1.76923E00
2.585000E-02	3.14490E02	2.09431E00
2.645000E-02	3.05836E02	1.77720E00
2.706000E-02	2.95481E02	1.96164E00
2.767000E-02	2.90312E02	1.76050E00
2.828000E-02	2.81029E02	1.54192E00
2.889000E-02	2.75482E02	1.33884E00
2.949000E-02	2.69665E02	1.40845E00
3.010000E-02	2.62660E02	1.25856E00
3.071000E-02	2.57772E02	1.15615E00
3.132000E-02	2.52446E02	1.07155E00
3.193000E-02	2.45644E02	1.16007E00
3.254000E-02	2.40616E02	1.06126E00
3.314000E-02	2.36111E02	1.13184E00
3.375000E-02	2.28915E02	1.06115E00
3.436000E-02	2.27316E02	1.08519E00
3.497000E-02	2.21837E02	9.72740E-01
3.558000E-02	2.18938E02	9.75216E-01
3.618000E-02	2.14569E02	8.85932E-01
3.679000E-02	2.11895E02	9.47458E-01
3.740000E-02	2.07357E02	9.29201E-01
3.801000E-02	2.04938E02	9.59323E-01
3.862000E-02	2.01040E02	1.03861E00
3.922000E-02	1.97739E02	9.28503E-01
3.983000E-02	1.93727E02	9.91133E-01
4.044000E-02	1.90538E02	1.00511E00
4.105000E-02	1.86412E02	9.84897E-01
4.166000E-02	1.83571E02	8.65806E-01
4.226000E-02	1.81008E02	7.87305E-01
4.287000E-02	1.78337E02	7.98111E-01
4.348000E-02	1.75737E02	8.16909E-01
4.409000E-02	1.71442E02	7.73235E-01
4.470000E-02	1.68946E02	7.32870E-01
4.530000E-02	1.65946E02	7.38498E-01
4.591000E-02	1.64966E02	8.30529E-01
4.652000E-02	1.61165E02	7.43518E-01
4.713000E-02	1.60855E02	7.93428E-01
4.774000E-02	1.56923E02	7.00362E-01
4.835000E-02	1.54139E02	7.05945E-01
4.895000E-02	1.51011E02	5.79875E-01
4.956000E-02	1.49887E02	6.95454E-01
5.017000E-02	1.46240E02	6.58489E-01
5.078000E-02	1.44703E02	6.81812E-01
5.139000E-02	1.43637E02	7.09164E-01
5.200000E-02	1.41156E02	6.95544E-01
5.260000E-02	1.39034E02	6.67269E-01
5.321000E-02	1.36181E02	6.64455E-01
5.382000E-02	1.34946E02	5.42617E-01
5.443000E-02	1.32121E02	5.95161E-01
5.504000E-02	1.28731E02	6.86539E-01
5.564000E-02	1.27527E02	5.58849E-01
5.625000E-02	1.26188E02	6.50722E-01
5.686000E-02	1.23582E02	6.33860E-01
5.747000E-02	1.22574E02	5.76971E-01
5.808000E-02	1.20059E02	5.25350E-01
5.868000E-02	1.19751E02	5.96422E-01
5.929000E-02	1.18540E02	6.23302E-01
5.990000E-02	1.17429E02	5.57385E-01
6.051000E-02	1.14865E02	6.01217E-01
6.112000E-02	1.13120E02	5.14184E-01
6.173000E-02	1.11222E02	4.82419E-01
6.233000E-02	1.10510E02	5.49709E-01
6.294000E-02	1.08449E02	5.44756E-01
6.355000E-02	1.07416E02	5.80191E-01
6.416000E-02	1.06045E02	4.83725E-01
6.477000E-02	1.05583E02	4.93338E-01
6.537000E-02	1.03878E02	4.95274E-01
6.598000E-02	1.03422E02	5.59952E-01
6.659000E-02	1.01166E02	5.49191E-01
6.720000E-02	1.00820E02	5.04189E-01
6.781000E-02	9.91601E01	5.35548E-01
6.841000E-02	9.84346E01	4.91852E-01
6.902000E-02	9.63750E01	4.90073E-01
6.963000E-02	9.57911E01	5.18552E-01
7.024000E-02	9.44341E01	4.98470E-01
7.085000E-02	9.25407E01	5.11730E-01
7.146000E-02	9.19217E01	4.85818E-01
7.206000E-02	9.04392E01	4.64274E-01
7.267000E-02	8.93773E01	5.03671E-01
7.328000E-02	8.88398E01	4.39015E-01
7.389000E-02	8.74593E01	4.46804E-01
7.450000E-02	8.64516E01	4.52230E-01
7.510000E-02	8.47873E01	4.70532E-01
7.571000E-02	8.36096E01	4.61933E-01
7.632000E-02	8.28107E01	4.15827E-01
7.693000E-02	8.21253E01	5.05067E-01
7.754000E-02	8.10740E01	4.40366E-01
7.814000E-02	7.96591E01	4.56192E-01
7.875000E-02	7.96021E01	4.50114E-01
7.936000E-02	7.84041E01	3.95296E-01
7.997000E-02	7.71141E01	4.43653E-01
8.058000E-02	7.67603E01	4.81631E-01
8.118000E-02	7.53895E01	4.52838E-01
8.179000E-02	7.46323E01	4.46377E-01
8.240000E-02	7.34735E01	4.43135E-01
8.301000E-02	7.28871E01	4.46894E-01
8.362000E-02	7.11887E01	3.85773E-01
8.422000E-02	7.12276E01	3.88632E-01
8.483000E-02	6.95063E01	3.92279E-01
8.544000E-02	7.00325E01	4.01802E-01
8.605000E-02	6.83310E01	4.30933E-01
8.666000E-02	6.83468E01	3.85120E-01
8.727000E-02	6.71025E01	3.67853E-01
8.787000E-02	6.63576E01	4.01104E-01
8.848000E-02	6.59066E01	3.80010E-01
8.909000E-02	6.45832E01	3.92504E-01
8.970000E-02	6.42675E01	3.98740E-01
9.031000E-02	6.35021E01	3.66435E-01
9.091000E-02	6.25072E01	3.71208E-01
9.152000E-02	6.23577E01	3.46039E-01
9.213000E-02	6.13330E01	3.64634E-01
9.274000E-02	6.14635E01	3.68731E-01
9.335000E-02	6.02208E01	3.62563E-01
9.395000E-02	5.99719E01	3.56597E-01
9.456000E-02	5.86063E01	3.83612E-01
9.517000E-02	5.82585E01	3.34625E-01
9.578000E-02	5.79133E01	3.86606E-01
9.639000E-02	5.63746E01	3.69001E-01
9.699000E-02	5.56367E01	3.71748E-01
9.760000E-02	5.55537E01	3.46602E-01
9.821000E-02	5.45252E01	3.92189E-01
9.882000E-02	5.39965E01	3.62270E-01
9.943000E-02	5.34320E01	3.76228E-01
1.000400E-01	5.30394E01	3.46984E-01
1.006400E-01	5.24719E01	3.67988E-01
1.012500E-01	5.19800E01	3.51959E-01
1.018600E-01	5.08942E01	3.79627E-01
1.024700E-01	5.05869E01	3.80032E-01
1.030800E-01	5.03046E01	3.74720E-01
1.036900E-01	4.92285E01	3.73234E-01
1.042900E-01	4.88056E01	3.44981E-01
1.049000E-01	4.79053E01	3.45588E-01
1.055100E-01	4.85703E01	3.37664E-01
1.061200E-01	4.78888E01	3.44080E-01
1.067300E-01	4.66474E01	3.25732E-01
1.073300E-01	4.64709E01	3.44283E-01
1.079400E-01	4.57596E01	3.32261E-01
1.085500E-01	4.51091E01	3.27871E-01
1.091600E-01	4.46631E01	3.76160E-01
1.097700E-01	4.40428E01	3.04976E-01
1.103700E-01	4.29752E01	3.40748E-01
1.109800E-01	4.26101E01	3.22423E-01
1.115900E-01	4.25492E01	3.52230E-01
1.122000E-01	4.22296E01	3.31878E-01
1.128100E-01	4.18442E01	3.62901E-01
1.134100E-01	4.11175E01	3.45746E-01
1.140200E-01	4.02587E01	3.13981E-01
1.146300E-01	3.97629E01	3.20172E-01
1.152400E-01	3.91371E01	3.25845E-01
1.158500E-01	3.92355E01	3.15602E-01
1.164600E-01	3.88542E01	3.36471E-01
1.170600E-01	3.86308E01	3.18168E-01
1.176700E-01	3.81072E01	3.58060E-01
1.182800E-01	3.76739E01	3.20307E-01
1.188900E-01	3.71025E01	3.22356E-01
1.195000E-01	3.71086E01	3.39960E-01
1.201000E-01	3.64164E01	3.18236E-01
1.207100E-01	3.59948E01	3.11099E-01
1.213200E-01	3.58751E01	2.96376E-01
1.219300E-01	3.48871E01	3.25687E-01
1.225400E-01	3.48567E01	3.17065E-01
1.231400E-01	3.43910E01	2.91288E-01
1.237500E-01	3.37890E01	2.99235E-01
1.243600E-01	3.34991E01	3.11392E-01
1.249700E-01	3.33669E01	2.79740E-01
1.255800E-01	3.30364E01	3.09388E-01
1.261800E-01	3.28962E01	2.95881E-01
1.267900E-01	3.22477E01	3.24854E-01
1.274000E-01	3.15507E01	2.71500E-01
1.280100E-01	3.18202E01	3.03940E-01
1.286200E-01	3.09363E01	3.31473E-01
1.292300E-01	3.08947E01	3.05719E-01
1.298300E-01	3.06150E01	2.94553E-01
1.304400E-01	3.03288E01	2.88609E-01
1.310500E-01	2.95791E01	2.95521E-01
1.316600E-01	2.95068E01	2.80573E-01
1.322600E-01	2.89855E01	3.10919E-01
1.328700E-01	2.85457E01	3.21770E-01
1.334800E-01	2.80689E01	3.17560E-01
1.340900E-01	2.75506E01	3.08961E-01
1.347000E-01	2.71391E01	3.41221E-01
1.353100E-01	2.77511E01	2.84670E-01
1.359100E-01	2.77525E01	3.08961E-01
1.365200E-01	2.67069E01	2.73571E-01
1.371300E-01	2.66024E01	3.15759E-01
1.377400E-01	2.64912E01	2.86876E-01
1.383500E-01	2.57167E01	2.85345E-01
1.389500E-01	2.59132E01	2.77286E-01
1.395600E-01	2.52023E01	2.78974E-01
1.401700E-01	2.53473E01	3.02522E-01
1.407800E-01	2.53175E01	3.04548E-01
1.413900E-01	2.43978E01	2.97682E-01
1.420000E-01	2.44769E01	3.12518E-01
1.426000E-01	2.39835E01	2.99010E-01
1.432100E-01	2.37188E01	3.09996E-01
1.438200E-01	2.35863E01	2.79965E-01
1.444300E-01	2.23392E01	2.94035E-01
1.450400E-01	2.23526E01	2.75260E-01
1.456400E-01	2.21865E01	2.83364E-01
1.462500E-01	2.19180E01	2.96962E-01
1.468600E-01	2.23716E01	2.92639E-01
1.474700E-01	2.14552E01	2.79222E-01
1.480800E-01	2.21773E01	2.71883E-01
1.486800E-01	2.10125E01	2.78389E-01
1.492900E-01	2.15239E01	2.82869E-01
1.499000E-01	2.08182E01	2.69474E-01
1.505100E-01	2.08838E01	2.65872E-01
1.511200E-01	2.05755E01	3.01689E-01
1.517200E-01	2.02548E01	2.78164E-01
1.523300E-01	1.99079E01	2.65669E-01
1.529400E-01	1.97971E01	2.73369E-01
1.535500E-01	1.96230E01	2.59096E-01
1.541600E-01	1.94715E01	2.77443E-01
1.547700E-01	1.88492E01	2.97727E-01
1.553700E-01	1.88082E01	2.73616E-01
1.559800E-01	1.81936E01	2.65804E-01
1.565900E-01	1.77396E01	2.82936E-01
1.572000E-01	1.77957E01	2.61595E-01
1.578100E-01	1.76440E01	2.69294E-01
1.584100E-01	1.81545E01	2.66120E-01
1.590200E-01	1.76136E01	2.57250E-01
1.596300E-01	1.72715E01	2.48762E-01
1.602400E-01	1.70214E01	2.85503E-01
1.608400E-01	1.64532E01	2.75687E-01
1.614500E-01	1.61821E01	2.55291E-01
1.620600E-01	1.63813E01	2.81451E-01
1.626700E-01	1.60533E01	2.48762E-01
1.632800E-01	1.60442E01	2.55043E-01
1.638900E-01	1.61091E01	2.70757E-01
1.644900E-01	1.55889E01	2.82283E-01
1.651000E-01	1.56351E01	2.75710E-01
1.657100E-01	1.53429E01	2.68236E-01
1.663200E-01	1.50292E01	2.73143E-01
1.669300E-01	1.42359E01	2.34287E-01
1.675300E-01	1.50853E01	2.71432E-01
1.681400E-01	1.48274E01	2.50766E-01
1.687500E-01	1.43728E01	2.49911E-01
1.693600E-01	1.43728E01	2.64138E-01
1.699700E-01	1.40940E01	2.69902E-01
1.705700E-01	1.34236E01	2.44643E-01
1.711800E-01	1.39021E01	2.81743E-01
1.717900E-01	1.28890E01	2.48402E-01
1.724000E-01	1.30028E01	2.77421E-01
1.730100E-01	1.28507E01	2.62000E-01
1.736100E-01	1.27352E01	2.59298E-01
1.742200E-01	1.25430E01	2.55381E-01
1.748300E-01	1.24207E01	2.54255E-01
1.754400E-01	1.28081E01	2.66052E-01
1.760500E-01	1.25688E01	2.49235E-01
1.766600E-01	1.26270E01	2.66727E-01
1.772600E-01	1.18930E01	2.78884E-01
1.778700E-01	1.22998E01	2.51329E-01
1.784800E-01	1.21490E01	2.72963E-01
1.790900E-01	1.19132E01	2.53918E-01
1.796900E-01	1.16539E01	2.52995E-01
1.803000E-01	1.20644E01	2.49483E-01
1.809100E-01	1.14715E01	2.41108E-01
1.815200E-01	1.18485E01	2.52477E-01
1.821300E-01	1.12197E01	2.75282E-01
1.827400E-01	1.12171E01	2.68573E-01
1.833400E-01	1.07366E01	2.60199E-01
1.839500E-01	1.06154E01	2.63103E-01
1.845600E-01	1.10329E01	2.75372E-01
1.851700E-01	1.02656E01	2.73053E-01
1.857800E-01	1.06367E01	2.62653E-01
1.863800E-01	1.00020E01	2.75057E-01
1.869900E-01	9.93724E00	2.63486E-01
1.876000E-01	9.95457E00	2.76678E-01
1.882100E-01	9.87877E00	3.03490E-01
1.888200E-01	9.93976E00	2.57430E-01
1.894200E-01	9.37839E00	2.70982E-01
1.900300E-01	9.35279E00	2.67966E-01
1.906400E-01	9.81630E00	2.71883E-01
1.912490E-01	9.05366E00	1.73155E-01
1.918570E-01	9.03917E00	1.75513E-01
1.924650E-01	8.76549E00	1.47438E-01
1.930730E-01	8.69365E00	1.69975E-01
1.936810E-01	8.08622E00	2.53335E-01
1.942890E-01	8.44645E00	1.80796E-01
1.948970E-01	8.71431E00	1.87298E-01
1.955050E-01	8.43845E00	1.48948E-01
1.961130E-01	8.48800E00	1.75169E-01
1.967210E-01	8.31149E00	2.37573E-01
1.973290E-01	8.47196E00	1.63034E-01
1.979370E-01	8.26651E00	1.73062E-01
1.985450E-01	7.92750E00	1.39627E-01
1.991530E-01	8.03705E00	2.06015E-01
1.997610E-01	7.28142E00	2.17680E-01
2.003690E-01	7.85375E00	1.76795E-01
2.009770E-01	7.82227E00	1.48994E-01
2.015850E-01	7.65771E00	1.68702E-01
2.021930E-01	7.48364E00	1.69945E-01
2.028020E-01	7.64734E00	2.32597E-01
2.034100E-01	7.51284E00	1.68411E-01
2.040180E-01	7.27045E00	1.67518E-01
2.046260E-01	7.33178E00	1.40488E-01
2.052340E-01	7.05348E00	1.74212E-01
2.058420E-01	7.10634E00	2.24701E-01
2.064500E-01	7.18428E00	1.67586E-01
2.070580E-01	6.82308E00	1.76527E-01
2.076660E-01	6.92139E00	1.44102E-01
2.082740E-01	6.56052E00	1.70152E-01
2.088820E-01	6.92614E00	2.26596E-01
2.094900E-01	6.59547E00	1.74064E-01
2.100980E-01	6.59478E00	1.66306E-01
2.107060E-01	6.48668E00	1.41142E-01
2.113140E-01	6.23896E00	1.69903E-01
2.119220E-01	5.95248E00	2.10147E-01
2.125300E-01	6.26413E00	1.71423E-01
2.131380E-01	5.95775E00	1.66384E-01
2.137460E-01	5.99327E00	1.35246E-01
2.143540E-01	5.97869E00	1.71978E-01
2.149620E-01	5.77816E00	2.17393E-01
2.155700E-01	5.89468E00	1.65616E-01
2.161780E-01	5.85235E00	1.67554E-01
2.167860E-01	5.90578E00	1.44328E-01
2.173940E-01	5.72495E00	1.59935E-01
2.180020E-01	5.71792E00	2.07497E-01
2.186100E-01	5.73794E00	1.69607E-01
2.192190E-01	5.85683E00	2.19152E-01
2.198270E-01	5.39110E00	1.44492E-01
2.204350E-01	5.65431E00	2.46039E-01
2.210430E-01	5.36631E00	1.66293E-01
2.216510E-01	5.21787E00	5.25485E-01
2.222590E-01	5.39488E00	1.78442E-01
2.228670E-01	4.73899E00	1.61990E-01
2.234750E-01	4.95582E00	1.72795E-01
2.240830E-01	4.71481E00	1.66296E-01
2.246910E-01	4.82569E00	2.94504E-01
2.252990E-01	4.68545E00	1.64140E-01
2.259070E-01	4.97312E00	1.34086E-01
2.265150E-01	4.51755E00	1.62746E-01
2.271230E-01	4.82995E00	1.62603E-01
2.277310E-01	4.33256E00	2.00044E-01
2.283390E-01	4.37957E00	1.56829E-01
2.289470E-01	4.81889E00	1.63680E-01
2.295550E-01	4.53690E00	1.36204E-01
2.301630E-01	4.41395E00	1.53016E-01
2.307710E-01	4.39948E00	1.98479E-01
2.313790E-01	4.38229E00	1.62625E-01
2.319870E-01	4.21136E00	1.57655E-01
2.325950E-01	4.35936E00	1.37535E-01
2.332030E-01	4.26824E00	1.53373E-01
2.338110E-01	4.20518E00	1.98333E-01
2.344190E-01	4.04791E00	1.62898E-01
2.350270E-01	4.33265E00	1.59516E-01
2.356350E-01	3.92425E00	1.34765E-01
2.362430E-01	4.05558E00	1.60721E-01
2.368510E-01	3.75356E00	3.59063E-01
2.374590E-01	3.93342E00	1.77584E-01
2.380670E-01	4.06124E00	2.43468E-01
2.386750E-01	3.80238E00	1.89599E-01
2.392830E-01	3.58326E00	1.70383E-01
2.398910E-01	3.52987E00	2.02875E-01
2.404990E-01	3.30756E00	1.83082E-01
2.411070E-01	3.54933E00	1.65697E-01
2.417150E-01	3.39201E00	1.35091E-01
2.423230E-01	3.61963E00	1.61670E-01
2.429310E-01	3.17116E00	1.96652E-01
2.435390E-01	3.44404E00	1.54332E-01
2.441470E-01	3.51055E00	1.58554E-01
2.447550E-01	3.06005E00	1.30888E-01
2.453630E-01	3.06575E00	1.78854E-01
2.459710E-01	3.74528E00	1.94592E-01
2.465790E-01	3.31954E00	1.54105E-01
2.471870E-01	3.19466E00	1.53074E-01
2.477950E-01	3.35237E00	2.05835E-01
2.484030E-01	3.11291E00	2.05242E-01
2.490110E-01	3.10750E00	2.03389E-01
2.496190E-01	3.05062E00	1.54100E-01
2.502270E-01	2.80527E00	1.35871E-01
2.508350E-01	2.94829E00	1.59673E-01
2.514430E-01	2.94778E00	1.60360E-01
2.520510E-01	3.00769E00	1.97571E-01
2.526590E-01	2.56229E00	1.57617E-01
2.532670E-01	2.49838E00	1.52498E-01
2.538750E-01	2.68367E00	1.31905E-01
2.544830E-01	2.82583E00	1.61005E-01
2.550910E-01	2.66500E00	2.03598E-01
2.556990E-01	2.89003E00	1.50392E-01
2.563070E-01	2.59660E00	1.56540E-01
2.569150E-01	2.76520E00	1.37308E-01
2.575230E-01	2.65856E00	1.53053E-01
2.581310E-01	2.37356E00	1.74510E-01
2.587390E-01	2.34276E00	1.53948E-01
2.593470E-01	2.61565E00	1.96574E-01
2.599550E-01	2.10662E00	1.88472E-01
2.605630E-01	2.09032E00	1.83047E-01
2.611710E-01	2.39049E00	2.01907E-01
2.617790E-01	2.19870E00	1.89509E-01
2.623870E-01	2.25331E00	1.87206E-01
2.629950E-01	1.81215E00	1.89437E-01
2.636030E-01	2.47756E00	1.88170E-01
2.642110E-01	1.95918E00	1.81476E-01
2.648190E-01	1.82744E00	1.82343E-01
2.654270E-01	1.92129E00	1.94617E-01
2.660350E-01	2.14373E00	1.87483E-01
2.666430E-01	2.24562E00	1.76023E-01
2.672510E-01	1.92997E00	1.90234E-01
2.678590E-01	2.33777E00	1.85153E-01
2.684670E-01	2.32786E00	1.89428E-01
2.690750E-01	2.11870E00	1.82171E-01
2.696830E-01	2.01685E00	1.87015E-01
2.702910E-01	1.86280E00	1.74181E-01
2.708990E-01	1.86564E00	1.80708E-01
2.715070E-01	1.86170E00	1.78153E-01
2.721150E-01	1.69012E00	1.85370E-01
2.727230E-01	1.59254E00	1.81900E-01
2.733310E-01	1.93054E00	1.78403E-01
2.739390E-01	1.71436E00	1.79355E-01
2.745470E-01	1.91782E00	1.79495E-01
2.751550E-01	2.05518E00	1.90359E-01
2.757630E-01	1.51330E00	1.73254E-01
2.763710E-01	1.72982E00	1.81033E-01
2.769790E-01	1.44451E00	1.64574E-01
2.775870E-01	1.34097E00	1.75132E-01
2.781950E-01	1.48524E00	1.70501E-01
2.788030E-01	1.41513E00	1.82627E-01
2.794110E-01	1.28620E00	1.66756E-01
2.800190E-01	1.43103E00	1.78388E-01
2.806260E-01	1.16753E00	1.71517E-01
2.812340E-01	1.41476E00	1.86648E-01
2.818420E-01	1.21574E00	1.80132E-01
2.824500E-01	1.31561E00	5.02680E-01
2.830580E-01	1.07152E00	2.02005E-01
2.836660E-01	1.24602E00	1.81679E-01
2.842740E-01	1.31599E00	1.73150E-01
2.848820E-01	1.13612E00	1.65897E-01
2.854900E-01	1.15995E00	1.66321E-01
2.860980E-01	1.32412E00	1.73184E-01
2.867060E-01	1.03679E00	1.66923E-01
2.873140E-01	1.15790E00	1.71640E-01
2.879220E-01	1.43292E00	1.75832E-01
2.885300E-01	1.29744E00	1.75971E-01
2.891380E-01	1.32623E00	2.09909E-01
2.897460E-01	8.42282E-01	2.98481E-01
2.903540E-01	1.23154E00	1.63430E-01
2.909620E-01	8.66851E-01	1.69359E-01
2.915700E-01	9.82852E-01	1.66000E-01
2.921780E-01	1.03586E00	1.69924E-01
2.927860E-01	9.39903E-01	1.64140E-01
2.933940E-01	9.12661E-01	1.60779E-01
2.940020E-01	1.01754E00	1.61828E-01
2.946100E-01	9.21668E-01	1.61552E-01
2.952170E-01	8.66610E-01	1.63133E-01
2.958250E-01	9.47177E-01	1.71436E-01
2.964330E-01	1.06275E00	1.71475E-01
2.970410E-01	8.97265E-01	1.67342E-01
2.976490E-01	1.16927E00	1.64196E-01
2.982570E-01	5.83992E-01	1.62455E-01
2.988650E-01	1.14163E00	1.67280E-01
2.994730E-01	9.16139E-01	1.62343E-01
3.000810E-01	1.11023E00	1.65551E-01
3.006890E-01	8.60726E-01	1.70007E-01
3.012970E-01	5.78757E-01	1.56822E-01
3.019050E-01	7.87063E-01	1.52355E-01
3.025130E-01	8.70408E-01	1.58371E-01
3.031210E-01	6.37284E-01	1.58815E-01
3.037290E-01	4.74459E-01	1.63502E-01
3.043370E-01	5.68321E-01	1.59646E-01
3.049450E-01	7.83774E-01	1.54863E-01
3.055530E-01	7.07577E-01	1.52423E-01
3.061600E-01	8.33109E-01	1.65539E-01
3.067680E-01	5.53032E-01	1.56086E-01
3.073760E-01	5.87264E-01	1.56856E-01
3.079840E-01	4.53017E-01	2.99864E-01
3.085920E-01	5.33457E-01	1.52436E-01
3.092000E-01	5.12282E-01	3.36229E-01
3.098080E-01	4.59956E-01	1.49429E-01
3.104160E-01	5.27792E-01	1.48914E-01
3.110240E-01	8.67803E-01	1.62871E-01
3.116320E-01	4.91182E-01	1.54192E-01
3.122400E-01	6.62674E-01	1.53172E-01
3.128480E-01	7.61908E-01	1.55932E-01
3.134560E-01	4.82132E-01	1.44396E-01
3.140640E-01	6.57911E-01	1.62149E-01
3.146710E-01	9.69683E-01	1.48552E-01
3.152790E-01	7.64188E-01	1.61292E-01
3.158870E-01	1.12646E00	1.68666E-01
3.164950E-01	5.87974E-01	1.73517E-01
3.171030E-01	6.92285E-01	1.97169E-01
3.177110E-01	5.26006E-01	2.02982E-01
3.183190E-01	4.17270E-01	1.95570E-01
3.189270E-01	7.13198E-01	2.27492E-01
3.201430E-01	8.22209E-01	2.22502E-01
3.207510E-01	4.85537E-01	2.20670E-01
3.213590E-01	9.10650E-01	2.17354E-01
3.219670E-01	7.53283E-01	2.63489E-01
3.225740E-01	5.57082E-01	2.82156E-01
3.231820E-01	3.85364E-01	2.94960E-01
3.237900E-01	6.19760E-02	3.85166E-01

# Following corresponds to: HUabDNA_1.dat

0.008818 1266.703587 48.578147
0.010034 1599.699076 12.806044
0.010642 1572.636924 9.613541
0.011250 1532.958317 9.435218
0.011859 1520.734079 21.227416
0.012467 1516.268217 11.946492
0.013075 1461.410831 21.803319
0.013683 1467.045189 27.612041
0.014291 1450.354322 6.705662
0.014899 1429.003872 12.141486
0.015507 1379.614241 8.234614
0.016115 1362.240337 8.347019
0.016724 1317.822822 18.289302
0.017332 1297.832002 5.878734
0.017940 1253.364715 13.703972
0.018548 1224.784705 20.419634
0.019156 1189.864479 26.690818
0.019764 1180.906278 9.760163
0.020372 1126.172750 31.874895
0.020980 1115.261805 27.176155
0.021589 1086.778906 18.753414
0.022197 1067.537110 16.275493
0.022805 1044.140094 6.380482
0.023413 1012.262218 3.679768
0.024021 998.452623 2.879853
0.024629 968.121789 2.723886
0.025237 949.775688 2.946032
0.025845 924.149941 2.395707
0.026454 902.136300 2.405550
0.027062 878.261292 2.305700
0.027670 862.267131 2.511810
0.028278 841.576793 2.189443
0.028886 826.027958 2.743217
0.029494 806.146514 2.163162
0.030102 784.999555 2.270838
0.030710 773.783735 2.518719
0.031319 751.954568 1.740055
0.031927 736.675247 1.828491
0.032535 714.924454 1.846183
0.033143 706.427348 1.717851
0.033751 688.916341 1.842443
0.034359 675.955274 1.519787
0.034967 661.276870 1.611791
0.035575 651.987714 1.554790
0.036184 638.967791 1.619578
0.036792 632.322090 1.756534
0.037400 618.027038 1.515190
0.038008 604.610889 1.397085
0.038616 593.179025 1.537159
0.039224 582.351007 1.524448
0.039832 573.227886 1.604573
0.040440 562.898036 1.364464
0.041049 556.105570 1.440316
0.041657 546.967396 1.208050
0.042265 537.468801 1.274484
0.042873 527.909924 1.296057
0.043481 520.622000 1.276704
0.044089 511.009192 1.113015
0.044697 504.717179 1.275698
0.045305 494.600577 1.136468
0.045914 485.977231 1.119656
0.046522 480.287041 1.062842
0.047130 472.168956 1.140278
0.047738 465.574788 0.971133
0.048346 456.830832 1.057016
0.048954 450.260044 1.028016
0.049562 442.880343 1.078237
0.050170 435.723513 1.042522
0.050779 426.959410 0.950421
0.051387 420.626774 0.928727
0.051995 415.086784 0.832481
0.052603 409.500106 0.998568
0.053211 402.413346 0.885077
0.053819 396.931107 0.987682
0.054427 390.892305 0.906828
0.055035 385.733591 0.898550
0.055644 379.453778 0.861349
0.056252 372.684885 0.880940
0.056860 367.150524 0.836260
0.057468 361.779201 0.903544
0.058076 356.670022 0.829138
0.058684 350.581376 0.830951
0.059292 346.539829 0.833492
0.059900 339.993054 0.868269
0.060509 334.725302 0.785323
0.061117 329.022912 0.780466
0.061725 325.665576 0.841290
0.062333 319.589094 0.724933
0.062941 316.154383 0.769828
0.063549 311.154599 0.820102
0.064157 307.738321 0.832483
0.064765 302.367695 0.841481
0.065374 297.540843 0.801346
0.065982 293.744377 0.742614
0.066590 290.338772 0.700946
0.067198 287.288862 0.739577
0.067806 282.388137 0.757322
0.068414 279.019495 0.786091
0.069022 274.185159 0.853602
0.069630 271.078534 1.005989
0.070238 266.947575 0.832624
0.070847 264.331393 1.491751
0.071455 260.564128 0.925758
0.072063 256.153350 1.813059
0.072671 253.420650 1.126069
0.073279 249.491648 0.609569
0.073887 245.942005 0.640307
0.074495 242.134177 0.587106
0.075103 237.417906 0.593231
0.075712 235.447821 0.623253
0.076320 231.527907 0.663792
0.076928 228.399180 0.567562
0.077536 225.246789 0.576391
0.078144 221.815725 0.566365
0.078752 219.563129 0.552143
0.079360 216.025184 0.543647
0.079968 213.959336 0.618998
0.080576 210.964501 0.530826
0.081185 208.557243 0.571289
0.081793 205.509450 0.549630
0.082401 202.766266 0.525886
0.083009 198.952523 0.508897
0.083617 197.791181 0.541699
0.084225 194.724002 0.577992
0.084833 192.213840 0.526975
0.085441 189.138418 0.512987
0.086049 185.996029 0.527901
0.086658 183.786551 0.481463
0.087266 180.198538 0.524628
0.087874 179.296943 0.564618
0.088482 177.159696 0.538417
0.089090 174.429003 0.534017
0.089698 172.011541 0.509855
0.090306 170.359608 0.469127
0.090914 168.109511 0.464975
0.091522 165.534623 0.516969
0.092131 163.971220 0.476125
0.092739 161.715458 0.475207
0.093347 159.267030 0.527663
0.093955 157.132628 0.486379
0.094563 154.849733 0.473637
0.095171 152.409996 0.463092
0.095779 150.495339 0.448197
0.096387 149.006939 0.464191
0.096995 146.935439 0.482079
0.097604 144.964916 0.468085
0.098212 143.318718 0.458816
0.098820 141.644370 0.428110
0.099428 139.652390 0.458630
0.100036 137.913081 0.417607
0.100644 136.438689 0.436167
0.101252 134.905764 0.447067
0.101860 133.147302 0.428052
0.102468 132.013034 0.396763
0.103077 130.046417 0.441228
0.103685 128.427415 0.419128
0.104293 126.689978 0.422312
0.104901 123.982597 0.430714
0.105509 123.228601 0.394968
0.106117 121.504584 0.487367
0.106725 121.035746 0.378291
0.107333 118.397204 0.603506
0.107941 117.119996 0.407757
0.108550 115.646741 0.451191
0.109158 113.665310 0.384720
0.109766 113.093665 0.375840
0.110374 111.021555 0.403805
0.110982 110.311180 0.408056
0.111590 108.651438 0.574077
0.112198 106.747357 0.399658
0.112806 105.661927 0.410831
0.113414 104.125317 0.403099
0.114022 102.300140 0.396982
0.114631 101.843832 0.379838
0.115239 98.994806 0.364903
0.115847 98.531709 0.390374
0.116455 97.475091 0.416283
0.117063 96.974651 0.334339
0.117671 95.957820 0.381707
0.118279 95.198288 0.387608
0.118887 93.582677 0.356899
0.119495 92.473075 0.350571
0.120103 90.785302 0.379379
0.120712 89.605310 0.351067
0.121320 88.684502 0.359072
0.121928 86.940821 0.414141
0.122536 86.586563 0.347457
0.123144 85.679982 0.454607
0.123752 84.781927 0.379757
0.124360 83.841417 0.334836
0.124968 82.959967 0.389581
0.125576 81.770824 0.363466
0.126184 80.346820 0.415042
0.126793 79.707270 0.323907
0.127401 78.977111 0.324378
0.128009 77.915169 0.356477
0.128617 76.941446 0.299671
0.129225 76.942457 0.336893
0.129833 75.346989 0.341964
0.130441 74.490715 0.346541
0.131049 73.296253 0.351418
0.131657 72.885432 0.338474
0.132265 72.012231 0.346873
0.132873 71.202722 0.342548
0.133482 70.092199 0.343724
0.134090 68.801023 0.350189
0.134698 68.778889 0.318431
0.135306 67.482623 0.349707
0.135914 66.853706 0.342437
0.136522 66.531888 0.367579
0.137130 64.402009 0.338460
0.137738 65.023550 0.343927
0.138346 63.573276 0.327718
0.138954 63.108101 0.339692
0.139562 62.452029 0.329418
0.140171 62.140188 0.321920
0.140779 61.556990 0.325751
0.141387 60.834272 0.343587
0.141995 59.607717 0.290246
0.142603 59.276974 0.366715
0.143211 58.866294 0.327160
0.143819 58.140659 0.311241
0.144427 57.822499 0.307106
0.145035 57.124870 0.321656
0.145643 56.047005 0.287466
0.146251 55.579946 0.305666
0.146860 54.814381 0.322476
0.147468 54.064612 0.298048
0.148076 53.503541 0.322852
0.148684 52.928217 0.313913
0.149292 51.977966 0.297645
0.149900 51.842123 0.282905
0.150508 50.978648 0.317993
0.151116 49.807657 0.271863
0.151724 50.097825 0.310518
0.152332 49.696015 0.276540
0.152940 49.241257 0.294618
0.153548 48.700772 0.292060
0.154156 48.050985 0.294113
0.154765 47.357892 0.481164
0.155373 46.799302 0.369134
0.155981 45.948540 0.440251
0.156589 44.906898 0.377649
0.157197 45.256157 0.422819
0.157805 44.421038 0.403252
0.158413 44.515330 0.410126
0.159021 44.245434 0.413172
0.159629 43.450908 0.393229
0.160237 43.477534 0.400246
0.160845 42.646918 0.386666
0.161453 42.598626 0.420018
0.162061 42.292790 0.342479
0.162670 41.517311 0.421634
0.163278 41.118224 0.337570
0.163886 40.376803 0.408174
0.164494 39.976563 0.348254
0.165102 39.827798 0.387473
0.165710 38.949837 0.334732
0.166318 38.816702 0.391672
0.166926 38.359995 0.345982
0.167534 37.722501 0.334560
0.168142 37.348257 0.356131
0.168750 36.999224 0.362000
0.169358 37.069616 0.361204
0.169966 36.212479 0.332225
0.170574 36.024896 0.358821
0.171183 35.467568 0.296484
0.171791 35.142114 0.375867
0.172399 34.402195 0.311275
0.173007 34.663405 0.356876
0.173615 34.427235 0.313574
0.174223 33.986255 0.364453
0.174831 33.706185 0.327220
0.175439 32.879086 0.329315
0.176047 32.843372 0.325060
0.176655 31.999027 0.328961
0.177263 31.932970 0.337408
0.177871 31.237947 0.332979
0.178479 31.553604 0.330792
0.179087 31.025254 0.308708
0.179695 30.443234 0.328355
0.180304 30.187973 0.309862
0.180912 30.001022 0.324544
0.181520 29.763002 0.281577
0.182128 29.653531 0.313155
0.182736 28.985365 0.298684
0.183344 29.422112 0.304104
0.183952 28.430550 0.288857
0.184560 28.653128 0.298168
0.185168 28.239438 0.288441
0.185776 28.153127 0.296239
0.186384 27.900016 0.305749
0.186992 27.725026 0.282218
0.187600 26.888029 0.298082
0.188208 26.613454 0.273898
0.188816 26.428406 0.305562
0.189424 26.334070 0.261051
0.190032 26.035149 0.290297
0.190641 25.437449 0.268357
0.191249 25.655218 0.291080
0.191857 25.378273 0.290326
0.192465 24.884229 0.279023
0.193073 25.255536 0.274049
0.193681 24.820569 0.291379
0.194289 24.392032 0.306801
0.194897 24.002968 0.286568
0.195505 23.788639 0.285648
0.196113 23.781202 0.264298
0.196721 23.761042 0.279093
0.197329 23.511683 0.248729
0.197937 23.556715 0.278314
0.198545 23.004242 0.262022
0.199153 22.911528 0.270585
0.199761 22.794080 0.258613
0.200369 22.270154 0.278150
0.200977 22.092467 0.262148
0.201585 21.585040 0.253632
0.202193 21.432287 0.254155
0.202802 21.839348 0.249851
0.203410 21.429124 0.249308
0.204018 21.579884 0.247158
0.204626 21.046502 0.262932
0.205234 20.334898 0.253129
0.205842 20.179407 0.271156
0.206450 19.686200 0.252628
0.207058 19.898128 0.269321
0.207666 19.666669 0.250672
0.208274 19.403885 0.260776
0.208882 19.326708 0.239195
0.209490 19.011014 0.250221
0.210098 19.109219 0.239829
0.210706 19.210288 0.242288
0.211314 18.651769 0.240481
0.211922 18.946294 0.230869
0.212530 18.655281 0.244522
0.213138 18.532827 0.234229
0.213746 18.187872 0.240103
0.214354 18.263983 0.222345
0.214962 18.018437 0.232644
0.215570 17.981670 0.219015
0.216178 17.533385 0.239962
0.216786 17.800230 0.224044
0.217394 17.658515 0.236226
0.218002 17.298540 0.231539
0.218610 16.761408 0.227952
0.219219 16.752906 0.231671
0.219827 16.440094 0.216484
0.220435 16.071047 0.229358
0.221043 16.425359 0.222197
0.221651 16.365998 0.226275
0.222259 16.505439 0.214151
0.222867 15.641511 0.238144
0.223475 15.631428 0.233342
0.224083 14.945791 0.225198
0.224691 15.430545 0.207794
0.225299 14.924372 0.235264
0.225907 15.129468 0.221975
0.226515 14.895734 0.219345
0.227123 14.733495 0.223410
0.227731 14.568794 0.226446
0.228339 14.580217 0.222841
0.228947 14.312656 0.206300
0.229555 14.387011 0.222450
0.230163 14.016641 0.208430
0.230771 14.006759 0.209646
0.231379 13.773774 0.201762
0.231987 13.748975 0.223302
0.232595 13.300904 0.204669
0.233203 13.330021 0.220676
0.233811 13.286761 0.210639
0.234419 12.911894 0.221345
0.235027 13.030740 0.220649
0.235635 13.115888 0.212863
0.236243 13.015994 0.206544
0.236851 13.295293 0.203032
0.237459 12.490462 0.194675
0.238067 12.851153 0.211454
0.238675 12.170186 0.218341
0.239283 12.095653 0.206180
0.239891 12.445031 0.216406
0.240499 12.439221 0.205862
0.241107 12.120281 0.220092
0.241715 11.783194 0.197906
0.242323 11.300573 0.209252
0.242931 11.936020 0.208202
0.243539 11.339198 0.213217
0.244147 11.484139 0.198286
0.244755 11.024830 0.203018
0.245363 10.799200 0.200811
0.245971 10.884388 0.222069
0.246579 10.899019 0.216662
0.247187 10.664952 0.203245
0.247795 10.815707 0.205542
0.248403 10.860759 0.207371
0.249011 10.876705 0.202262
0.249619 11.074656 0.199505
0.250227 10.720121 0.211195
0.250835 10.675615 0.202000
0.251443 10.574254 0.211469
0.252051 10.004817 0.198069
0.252659 9.937882 0.200350
0.253267 9.933736 0.198515
0.253875 9.536630 0.214253
0.254483 9.613824 0.198052
0.255091 9.704386 0.197149
0.255699 9.631808 0.199989
0.256307 9.558199 0.209815
0.256915 8.828385 0.199608
0.257523 9.107928 0.188647
0.258131 9.176326 0.198462
0.258739 8.676791 0.188721
0.259347 9.074615 0.196754
0.259955 8.867938 0.187565
0.260563 8.955945 0.196247
0.261171 9.119454 0.202543
0.261779 8.423058 0.197934
0.262387 8.661990 0.189768
0.262995 7.955493 0.189154
0.263603 8.414399 0.193090
0.264211 8.267329 0.197585
0.264819 8.333046 0.192781
0.265427 8.439514 0.191076
0.266035 8.127030 0.191654
0.266643 8.124706 0.178958
0.267251 7.936372 0.179612
0.267859 8.353395 0.189446
0.268467 7.942543 0.185184
0.269075 7.764335 0.191507
0.269683 7.778571 0.184198
0.270291 7.623877 0.187583
0.270899 7.387369 0.194139
0.271507 7.305339 0.186217
0.272115 7.166294 0.187624
0.272723 7.365066 0.194723
0.273331 7.181061 0.190217
0.273939 7.661217 0.198045
0.274547 7.199462 0.179605
0.275155 7.158049 0.188597
0.275763 7.082473 0.172412
0.276371 6.915077 0.192322
0.276979 6.897988 0.188712
0.277587 6.698756 0.187498
0.278195 6.843738 0.181444
0.278803 7.064994 0.198337
0.279411 7.064465 0.180548
0.280019 6.797619 0.196969
0.280626 6.797991 0.179454
0.281234 6.799366 0.186139
0.281842 6.387397 0.185534
0.282450 6.631250 0.180041
0.283058 6.532899 0.188855
0.283666 6.149460 0.181299
0.284274 6.238403 0.174383
0.284882 5.844202 0.180014
0.285490 5.870907 0.181973
0.286098 6.016497 0.179077
0.286706 5.896493 0.179808
0.287314 6.040143 0.176036
0.287922 5.692085 0.187235
0.288530 6.071232 0.177426
0.289138 5.913188 0.180758
0.289746 6.162008 0.177784
0.290354 5.599425 0.169317
0.290962 5.527262 0.175074
0.291570 5.501553 0.172102
0.292178 5.229899 0.180481
0.292786 5.305191 0.169520
0.293394 5.443699 0.166940
0.294002 5.437425 0.178654
0.294610 5.510130 0.169979
0.295217 5.535797 0.168666
0.295825 5.144195 0.174629
0.296433 5.639772 0.175830
0.297041 5.353794 0.171359
0.297649 5.058415 0.181744
0.298257 5.246321 0.180101
0.298865 4.894178 0.180668
0.299473 5.134535 0.169038
0.300081 4.828653 0.167935
0.300689 4.826325 0.165046
0.301297 4.865738 0.155013
0.301905 5.255622 0.165719
0.302513 4.867233 0.163547
0.303121 4.911511 0.166577
0.303729 4.922806 0.167500
0.304337 4.865975 0.157432
0.304945 5.180509 0.166282
0.305553 5.033693 0.152182
0.306160 4.934498 0.168690
0.306768 4.887473 0.163867
0.307376 4.668280 0.162972
0.307984 4.712412 0.158716
0.308592 4.857555 0.169213
0.309200 4.493176 0.162428
0.309808 4.687538 0.161958
0.310416 4.467575 0.156252
0.311024 4.533239 0.160951
0.311632 4.396290 0.162796
0.312240 4.512884 0.154170
0.312848 4.505672 0.154375
0.313456 4.516351 0.152422
0.314064 4.147010 0.155779
0.314671 4.461328 0.151102
0.315279 4.013074 0.170902
0.315887 4.209234 0.174521
0.316495 3.915602 0.190593
0.317103 4.272219 0.192868
0.317711 4.151244 0.207098
0.318319 4.181418 0.194061
0.318927 4.505913 0.216676
0.319535 4.064206 0.224418
0.320143 4.323337 0.223115
0.320751 4.561854 0.230514
0.321359 3.801460 0.223020
0.321967 4.187697 0.265233
0.322574 3.285159 0.261770
0.323182 4.136421 0.335029
0.323790 3.531545 0.366608
0.324398 3.105359 0.674826

# Following corresponds to: HUabDNA_4.dat

0.008818 1331.027250 47.265237
0.010034 1650.335861 9.194488
0.010642 1623.267042 16.138682
0.011250 1602.871170 16.605338
0.011859 1553.333735 26.683346
0.012467 1561.529977 12.362433
0.013075 1487.670962 20.838148
0.013683 1508.192513 30.152845
0.014291 1473.917721 6.805879
0.014899 1427.890510 12.440727
0.015507 1395.874379 7.027954
0.016115 1368.507153 7.162387
0.016724 1315.069778 20.246774
0.017332 1283.856862 6.388044
0.017940 1242.158115 15.152871
0.018548 1209.343562 20.671053
0.019156 1164.915989 26.516523
0.019764 1150.811608 9.495783
0.020372 1096.655748 31.540564
0.020980 1079.071381 26.220913
0.021589 1046.209374 18.678616
0.022197 1025.173475 16.401161
0.022805 993.866045 6.816729
0.023413 959.589071 5.029165
0.024021 948.489541 3.743677
0.024629 909.531618 3.396151
0.025237 894.980024 3.670281
0.025845 861.560797 2.909973
0.026454 840.634248 2.978763
0.027062 813.209953 2.457154
0.027670 796.219893 2.575292
0.028278 770.796351 2.438294
0.028886 753.517261 2.222033
0.029494 733.914106 2.495087
0.030102 712.037175 2.119763
0.030710 698.749976 2.455971
0.031319 678.541508 1.888042
0.031927 661.304845 1.771203
0.032535 640.146027 1.415439
0.033143 627.909097 1.723718
0.033751 609.777854 1.623993
0.034359 597.169410 1.800782
0.034967 581.849182 1.698220
0.035575 571.709946 1.758310
0.036184 558.190873 1.638939
0.036792 548.097350 1.756345
0.037400 532.819583 1.692010
0.038008 522.186799 1.628146
0.038616 511.287219 1.815956
0.039224 496.827216 1.516215
0.039832 489.549727 1.619631
0.040440 478.230160 1.218959
0.041049 470.178701 1.342773
0.041657 459.305167 1.397885
0.042265 451.739919 1.307130
0.042873 440.843648 1.233404
0.043481 433.959259 1.155737
0.044089 422.428076 1.141932
0.044697 417.856557 1.131930
0.045305 409.293901 1.215495
0.045914 401.369761 1.140911
0.046522 395.050775 0.961336
0.047130 386.389320 1.090464
0.047738 378.738537 0.884665
0.048346 370.921314 1.021385
0.048954 364.297514 0.927390
0.049562 358.074212 0.890744
0.050170 350.403932 0.960082
0.050779 342.965438 0.863883
0.051387 336.042829 0.850140
0.051995 329.887919 0.874890
0.052603 323.006399 0.938446
0.053211 316.185455 0.825400
0.053819 311.404144 0.800064
0.054427 304.378347 0.875673
0.055035 300.151014 0.864813
0.055644 294.483099 0.769393
0.056252 288.245298 0.728674
0.056860 282.498577 0.871772
0.057468 278.180388 0.820036
0.058076 274.179258 0.733651
0.058684 268.814852 0.802856
0.059292 263.779513 0.764232
0.059900 257.858640 0.765268
0.060509 253.400864 0.815622
0.061117 247.067333 0.812959
0.061725 243.470295 0.780687
0.062333 237.822286 0.782899
0.062941 234.133080 0.769159
0.063549 231.036937 0.630245
0.064157 225.430336 0.850887
0.064765 223.022097 0.762671
0.065374 218.265383 0.722931
0.065982 213.375386 0.696046
0.066590 210.628276 0.638220
0.067198 206.823431 0.660754
0.067806 203.610537 0.638906
0.068414 198.868210 0.649369
0.069022 194.978707 0.649451
0.069630 192.478500 0.782819
0.070238 188.370949 0.581554
0.070847 186.259677 1.111762
0.071455 182.092030 0.741907
0.072063 179.926078 1.275631
0.072671 175.419029 0.794565
0.073279 172.086124 0.605063
0.073887 168.848752 0.571859
0.074495 165.505802 0.589512
0.075103 162.652287 0.603311
0.075712 159.181868 0.586388
0.076320 156.939326 0.622356
0.076928 153.043433 0.554321
0.077536 150.523137 0.564939
0.078144 147.685182 0.541775
0.078752 144.943965 0.586317
0.079360 142.600805 0.534383
0.079968 140.339920 0.545710
0.080576 137.285376 0.510876
0.081185 135.241388 0.463842
0.081793 132.483807 0.535831
0.082401 130.724569 0.515433
0.083009 127.840562 0.523162
0.083617 126.007498 0.514579
0.084225 123.769523 0.529279
0.084833 120.992452 0.448572
0.085441 118.547731 0.504891
0.086049 116.636561 0.472974
0.086658 114.023268 0.450396
0.087266 112.586615 0.458758
0.087874 110.610936 0.462074
0.088482 109.306469 0.446462
0.089090 107.473032 0.469744
0.089698 105.091173 0.442365
0.090306 102.694744 0.443261
0.090914 100.911893 0.449539
0.091522 99.746663 0.464928
0.092131 97.226203 0.453210
0.092739 94.889483 0.431328
0.093347 93.382699 0.432909
0.093955 91.950366 0.420250
0.094563 90.511027 0.401336
0.095171 88.795172 0.433143
0.095779 86.226782 0.441273
0.096387 85.516033 0.421006
0.096995 83.542478 0.469079
0.097604 82.900666 0.399463
0.098212 81.202250 0.470815
0.098820 79.660729 0.404071
0.099428 78.260241 0.430692
0.100036 76.800644 0.368302
0.100644 75.754055 0.416241
0.101252 74.669292 0.420190
0.101860 73.141030 0.365154
0.102468 71.792124 0.419151
0.103077 70.305996 0.371703
0.103685 69.588600 0.366762
0.104293 68.238834 0.406747
0.104901 67.278733 0.381498
0.105509 66.199764 0.339765
0.106117 64.823244 0.436144
0.106725 64.265595 0.390065
0.107333 62.161935 0.530584
0.107941 61.644119 0.381315
0.108550 60.465459 0.380929
0.109158 59.117163 0.350716
0.109766 58.625944 0.337404
0.110374 57.489089 0.348134
0.110982 55.930686 0.372335
0.111590 55.464995 0.557962
0.112198 54.075192 0.338591
0.112806 52.822518 0.353757
0.113414 52.463217 0.425220
0.114022 51.113216 0.371358
0.114631 50.860723 0.426142
0.115239 49.521636 0.407004
0.115847 48.831387 0.341435
0.116455 47.868770 0.399421
0.117063 47.529519 0.340694
0.117671 47.165261 0.333405
0.118279 45.902555 0.391998
0.118887 45.482933 0.352878
0.119495 44.658078 0.359882
0.120103 43.777606 0.332329
0.120712 42.298173 0.319770
0.121320 42.070005 0.710873
0.121928 40.908055 0.495704
0.122536 40.810142 0.977997
0.123144 40.735853 2.490147
0.123752 39.665349 0.340917
0.124360 39.479117 0.304278
0.124968 38.845270 0.389093
0.125576 38.623143 0.335182
0.126184 37.093071 0.398346
0.126793 36.909067 0.333481
0.127401 36.317950 0.323791
0.128009 36.253285 0.307816
0.128617 35.573673 0.333034
0.129225 35.313596 0.305795
0.129833 34.757950 0.314480
0.130441 33.864257 0.311540
0.131049 33.341512 0.308155
0.131657 32.985349 0.278594
0.132265 32.664578 0.319651
0.132873 32.027430 0.320716
0.133482 30.629433 0.316830
0.134090 30.755622 0.334366
0.134698 30.682489 0.306433
0.135306 30.099643 0.291859
0.135914 29.484863 0.303356
0.136522 29.551927 0.327484
0.137130 28.718235 0.293889
0.137738 28.639442 0.284232
0.138346 28.400325 0.303337
0.138954 27.671188 0.322861
0.139562 27.409508 0.284208
0.140171 27.589582 0.312198
0.140779 26.734079 0.297476
0.141387 26.991861 0.294978
0.141995 26.148516 0.294813
0.142603 26.144082 0.296082
0.143211 26.064445 0.295001
0.143819 25.688958 0.285346
0.144427 25.165646 0.298011
0.145035 24.845855 0.306592
0.145643 24.622152 0.295743
0.146251 24.470606 0.295731
0.146860 24.038751 0.321292
0.147468 23.930872 0.284018
0.148076 23.360515 0.292079
0.148684 22.680120 0.297629
0.149292 22.441353 0.307251
0.149900 22.050949 0.267212
0.150508 22.145529 0.297758
0.151116 21.648223 0.286050
0.151724 21.809627 0.285247
0.152332 21.517294 0.255624
0.152940 21.273094 0.275373
0.153548 21.123445 0.260231
0.154156 20.793045 0.278742
0.154765 20.647558 0.307329
0.155373 20.656676 0.277725
0.155981 20.071758 0.301252
0.156589 19.588445 0.297017
0.157197 19.867645 0.305588
0.157805 18.854957 0.283394
0.158413 19.314309 0.279721
0.159021 18.989562 0.304407
0.159629 19.246245 0.293784
0.160237 19.324063 0.275421
0.160845 18.570132 0.319870
0.161453 18.786260 0.298080
0.162061 18.832789 0.280477
0.162670 18.070837 0.299863
0.163278 18.441141 0.272101
0.163886 17.710016 0.288056
0.164494 17.312838 0.256050
0.165102 17.371318 0.277428
0.165710 17.012333 0.272541
0.166318 16.373953 0.282480
0.166926 16.447623 0.269646
0.167534 16.379576 0.261921
0.168142 16.006147 0.273694
0.168750 16.295717 0.263942
0.169358 16.416404 0.270361
0.169966 15.868918 0.260876
0.170574 15.564027 0.287319
0.171183 15.626112 0.262130
0.171791 14.885011 0.272616
0.172399 15.048057 0.257316
0.173007 14.485177 0.281223
0.173615 14.945953 0.269492
0.174223 15.285834 0.276007
0.174831 14.852352 0.259037
0.175439 14.174452 0.266560
0.176047 14.247270 0.266539
0.176655 14.390174 0.250433
0.177263 14.284762 0.264914
0.177871 13.473128 0.263393
0.178479 14.137056 0.277643
0.179087 13.632883 0.275310
0.179695 13.250531 0.270717
0.180304 13.319843 0.279234
0.180912 13.797286 0.259795
0.181520 13.981840 0.239429
0.182128 13.350289 0.259891
0.182736 13.214820 0.255979
0.183344 13.249912 0.252904
0.183952 13.153928 0.258930
0.184560 12.717783 0.245970
0.185168 12.731386 0.257636
0.185776 12.649216 0.255729
0.186384 12.903995 0.245498
0.186992 12.750068 0.263835
0.187600 12.087939 0.249105
0.188208 12.131184 0.251199
0.188816 12.183672 0.256096
0.189424 12.129990 0.236630
0.190032 11.836650 0.228336
0.190641 11.705716 0.227848
0.191249 11.179530 0.260980
0.191857 11.875298 0.239723
0.192465 11.299673 0.239274
0.193073 11.593532 0.243730
0.193681 11.321572 0.249645
0.194289 11.128165 0.259967
0.194897 11.484481 0.265476
0.195505 11.117458 0.243666
0.196113 10.708219 0.241846
0.196721 10.694420 0.257988
0.197329 10.884595 0.232180
0.197937 10.806427 0.227081
0.198545 10.670334 0.222920
0.199153 10.239504 0.229432
0.199761 10.656746 0.223140
0.200369 9.745269 0.244759
0.200977 10.743545 0.252856
0.201585 10.041711 0.232114
0.202193 10.030117 0.271488
0.202802 10.419317 0.236761
0.203410 10.066370 0.248073
0.204018 10.263381 0.221648
0.204626 10.120670 0.237900
0.205234 9.332826 0.227834
0.205842 9.572541 0.235620
0.206450 9.683977 0.220511
0.207058 9.310467 0.230228
0.207666 9.287584 0.229072
0.208274 8.985716 0.240489
0.208882 8.922221 0.231649
0.209490 8.863372 0.217172
0.210098 8.750690 0.227124
0.210706 8.847561 0.237370
0.211314 8.664113 0.225895
0.211922 9.308636 0.221380
0.212530 8.855587 0.207411
0.213138 9.137714 0.229672
0.213746 8.755765 0.221169
0.214354 8.851837 0.220558
0.214962 8.781131 0.225448
0.215570 8.747810 0.218525
0.216178 8.320904 0.218206
0.216786 8.458177 0.215685
0.217394 8.252861 0.212127
0.218002 8.527090 0.216512
0.218610 7.917408 0.228208
0.219219 7.992775 0.216769
0.219827 7.624743 0.213580
0.220435 7.772057 0.217614
0.221043 7.790605 0.228971
0.221651 8.247227 0.220881
0.222259 8.378562 0.221573
0.222867 8.008218 0.227525
0.223475 8.210009 0.204613
0.224083 7.521399 0.207685
0.224691 7.822819 0.214329
0.225299 7.524597 0.215796
0.225907 7.793439 0.227565
0.226515 7.176359 0.214325
0.227123 7.547273 0.207382
0.227731 7.561436 0.215927
0.228339 7.662419 0.203926
0.228947 7.531295 0.217564
0.229555 7.491529 0.201322
0.230163 7.445888 0.214388
0.230771 6.975421 0.204678
0.231379 7.230258 0.200387
0.231987 7.064846 0.201846
0.232595 6.955984 0.199186
0.233203 6.929671 0.209687
0.233811 6.480972 0.205585
0.234419 6.779732 0.207097
0.235027 6.823776 0.209796
0.235635 6.804489 0.208100
0.236243 6.863733 0.211543
0.236851 6.883477 0.202989
0.237459 6.744511 0.202799
0.238067 6.734525 0.199244
0.238675 6.778316 0.222103
0.239283 6.407215 0.203659
0.239891 6.825964 0.209369
0.240499 6.638040 0.195365
0.241107 6.536997 0.205121
0.241715 6.448488 0.194800
0.242323 6.109147 0.205445
0.242931 6.257611 0.202318
0.243539 6.422640 0.202682
0.244147 6.421033 0.201343
0.244755 6.160579 0.210623
0.245363 5.877819 0.206437
0.245971 5.840309 0.197467
0.246579 6.148129 0.199953
0.247187 5.998634 0.202985
0.247795 6.261058 0.196796
0.248403 6.155527 0.193885
0.249011 6.102685 0.178993
0.249619 6.488968 0.191319
0.250227 6.105151 0.193568
0.250835 6.451691 0.194542
0.251443 6.158877 0.205913
0.252051 5.773388 0.192537
0.252659 5.692940 0.194758
0.253267 5.862976 0.190481
0.253875 5.612131 0.200669
0.254483 5.696198 0.205069
0.255091 5.635193 0.196035
0.255699 5.603009 0.201572
0.256307 5.740059 0.186404
0.256915 5.410836 0.194461
0.257523 5.480531 0.184267
0.258131 5.340683 0.194923
0.258739 5.126442 0.192813
0.259347 5.107236 0.196620
0.259955 4.955938 0.178461
0.260563 5.142357 0.189039
0.261171 5.228444 0.191199
0.261779 5.204352 0.191327
0.262387 5.336481 0.188810
0.262995 5.056924 0.186121
0.263603 5.067012 0.188967
0.264211 5.016007 0.206144
0.264819 5.243695 0.187235
0.265427 4.920641 0.189054
0.266035 5.511889 0.183999
0.266643 5.272513 0.205446
0.267251 5.132373 0.235158
0.267859 5.308524 0.187560
0.268467 5.154777 0.192551
0.269075 4.909313 0.201226
0.269683 5.133722 0.194151
0.270291 5.100972 0.197302
0.270899 4.712411 0.190113
0.271507 4.572455 0.184874
0.272115 4.498840 0.186012
0.272723 4.788470 0.179796
0.273331 4.777683 0.191993
0.273939 4.986132 0.197635
0.274547 5.047599 0.181903
0.275155 4.912152 0.213141
0.275763 4.663529 0.196722
0.276371 4.585292 0.525534
0.276979 4.681481 0.386797
0.277587 4.634070 0.224449
0.278195 4.480472 0.290956
0.278803 4.696886 0.205810
0.279411 4.609922 0.184796
0.280019 4.642521 0.189424
0.280626 4.729020 0.186627
0.281234 4.702395 0.175384
0.281842 4.324221 0.175988
0.282450 4.403242 0.178094
0.283058 4.570995 0.184741
0.283666 4.423913 0.172560
0.284274 4.040650 0.173621
0.284882 4.285390 0.181549
0.285490 4.023734 0.169965
0.286098 3.896599 0.171999
0.286706 3.782770 0.175604
0.287314 4.045761 0.211901
0.287922 4.037868 0.236682
0.288530 4.203918 0.330150
0.289138 4.229455 0.206840
0.289746 4.478574 0.167590
0.290354 4.040704 0.175656
0.290962 4.234652 0.174459
0.291570 4.112773 0.181300
0.292178 3.990264 0.202210
0.292786 4.263980 0.172874
0.293394 4.071617 0.172472
0.294002 3.852063 0.166601
0.294610 3.947374 0.172905
0.295217 3.709934 0.172614
0.295825 3.847611 0.172832
0.296433 3.939027 0.167638
0.297041 3.676714 0.167501
0.297649 3.591951 0.175746
0.298257 3.836473 0.172745
0.298865 3.465184 0.165029
0.299473 3.806462 0.159349
0.300081 3.818066 0.158405
0.300689 4.228751 0.162196
0.301297 4.128503 0.158110
0.301905 4.294197 0.156159
0.302513 3.986845 0.163278
0.303121 3.908025 0.156505
0.303729 3.722627 0.165749
0.304337 3.711403 0.149346
0.304945 4.258001 0.160670
0.305553 3.966601 0.158930
0.306160 4.166221 0.170080
0.306768 3.690837 0.164590
0.307376 3.755636 0.162030
0.307984 3.588411 0.156407
0.308592 3.950666 0.167158
0.309200 3.513603 0.171937
0.309808 3.668476 0.155089
0.310416 3.629075 0.159053
0.311024 3.783400 0.159491
0.311632 3.477665 0.154048
0.312240 3.372080 0.151846
0.312848 3.591984 0.169928
0.313456 3.662316 0.155549
0.314064 3.511049 0.164951
0.314671 3.734505 0.159871
0.315279 3.307316 0.166700
0.315887 3.460394 0.182688
0.316495 3.348029 0.177151
0.317103 3.724217 0.190714
0.317711 3.386288 0.196238
0.318319 3.399576 0.202627
0.318927 3.480409 0.215493
0.319535 3.105200 0.216499
0.320143 3.463425 0.223263
0.320751 3.596745 0.247722
0.321359 3.224817 0.255432
0.321967 3.425614 0.262743
0.322574 3.074611 0.255863
0.323182 2.848496 0.337989
0.323790 2.152695 0.359866
0.324398 1.815703 0.696374

# Following corresponds to: HUabDNA_8.dat

0.008818 1016.970601 42.576225
0.010034 1238.136509 5.844861
0.010642 1232.552984 10.335043
0.011250 1213.805455 11.208223
0.011859 1185.537325 19.174111
0.012467 1190.697654 11.397989
0.013075 1136.147673 17.271428
0.013683 1118.551360 23.237371
0.014291 1100.869350 6.463481
0.014899 1080.123637 8.879026
0.015507 1035.127002 5.545718
0.016115 1020.690740 5.826760
0.016724 982.891211 15.211744
0.017332 958.786789 5.442786
0.017940 927.453643 11.773142
0.018548 901.539247 16.212283
0.019156 869.248782 19.867024
0.019764 848.238097 6.954068
0.020372 810.227208 22.665136
0.020980 796.535339 19.624028
0.021589 773.810663 13.811333
0.022197 759.113913 12.331923
0.022805 735.768009 5.132883
0.023413 710.229442 3.947985
0.024021 698.517425 3.206912
0.024629 673.628791 2.775698
0.025237 658.271669 2.652979
0.025845 635.171910 2.151064
0.026454 615.395087 2.339943
0.027062 595.024498 1.986113
0.027670 581.813262 1.938155
0.028278 563.611757 1.764704
0.028886 548.887290 1.938738
0.029494 534.956100 1.887956
0.030102 516.265984 1.567239
0.030710 506.271831 1.763834
0.031319 491.927864 1.367692
0.031927 484.420030 1.481045
0.032535 468.014188 1.734299
0.033143 460.472846 1.679734
0.033751 445.561976 1.471895
0.034359 435.026975 1.886939
0.034967 425.386357 1.585608
0.035575 417.836916 1.341050
0.036184 406.647794 1.223127
0.036792 400.344993 1.492833
0.037400 387.899086 1.323785
0.038008 380.834409 1.130784
0.038616 372.285860 1.217548
0.039224 363.454712 1.323370
0.039832 357.826347 1.124624
0.040440 349.136873 0.977374
0.041049 342.935802 1.125070
0.041657 335.053167 0.937337
0.042265 327.662344 1.015579
0.042873 320.574629 0.994010
0.043481 315.551414 1.114092
0.044089 305.330726 0.844360
0.044697 300.813494 1.023870
0.045305 295.281285 0.959949
0.045914 290.329988 0.817236
0.046522 284.634242 0.928865
0.047130 277.618924 0.856901
0.047738 272.190369 0.968742
0.048346 265.236654 0.837126
0.048954 259.590530 0.818849
0.049562 256.381233 0.905979
0.050170 251.157787 0.885837
0.050779 246.114616 0.824643
0.051387 239.871479 0.794446
0.051995 235.461964 0.791788
0.052603 230.406941 0.761195
0.053211 225.596725 0.764581
0.053819 221.166408 0.751365
0.054427 217.391771 0.699211
0.055035 213.562058 0.687019
0.055644 210.835369 0.698369
0.056252 203.529218 0.732385
0.056860 200.837375 0.714317
0.057468 197.193552 0.733598
0.058076 192.978128 0.686907
0.058684 189.411686 0.688395
0.059292 184.866370 0.760075
0.059900 180.550433 0.723427
0.060509 177.452617 0.724864
0.061117 173.283149 0.659218
0.061725 171.369891 0.732178
0.062333 165.805619 0.621114
0.062941 164.252192 0.632601
0.063549 160.765778 0.687229
0.064157 156.743075 0.655602
0.064765 153.655853 0.600011
0.065374 149.919803 0.621566
0.065982 147.851963 0.532102
0.066590 145.299394 0.637519
0.067198 141.117054 0.578914
0.067806 139.191993 0.613351
0.068414 136.078372 0.691261
0.069022 133.267146 0.588012
0.069630 130.697538 0.580867
0.070238 128.886792 0.482579
0.070847 126.978034 0.851691
0.071455 123.893558 0.614927
0.072063 122.416917 0.953514
0.072671 117.954942 0.639067
0.073279 116.978982 0.621672
0.073887 114.167991 0.503418
0.074495 111.248012 0.529274
0.075103 108.240124 0.505579
0.075712 107.324577 0.475022
0.076320 105.064688 0.525603
0.076928 103.385618 0.500208
0.077536 100.822225 0.421822
0.078144 98.663121 0.519020
0.078752 96.801085 0.440491
0.079360 94.608541 0.421889
0.079968 93.333379 0.479802
0.080576 90.851956 0.435000
0.081185 89.592416 0.473229
0.081793 86.869555 0.475807
0.082401 85.182654 0.572970
0.083009 82.277951 0.431220
0.083617 82.089770 0.510883
0.084225 80.284258 0.461127
0.084833 78.272698 0.379478
0.085441 77.203469 0.458927
0.086049 75.063098 0.443509
0.086658 73.709104 0.438464
0.087266 71.838690 0.426689
0.087874 70.518024 0.409985
0.088482 68.656139 0.390352
0.089090 67.804671 0.402689
0.089698 66.014740 0.415091
0.090306 65.054470 0.405371
0.090914 63.276921 0.398883
0.091522 62.558829 0.467779
0.092131 60.876327 0.390999
0.092739 59.537103 0.448010
0.093347 58.202463 0.414947
0.093955 56.981726 0.426753
0.094563 56.245973 0.397835
0.095171 54.290061 0.401459
0.095779 53.260209 0.422018
0.096387 52.678263 0.394845
0.096995 50.779485 0.414229
0.097604 50.263751 0.400789
0.098212 49.287843 0.407713
0.098820 48.494614 0.394537
0.099428 47.705111 0.388187
0.100036 45.508231 0.348421
0.100644 45.225850 0.379149
0.101252 45.103330 0.415790
0.101860 44.189536 0.381605
0.102468 43.436554 0.356808
0.103077 42.635984 0.349501
0.103685 41.795398 0.356682
0.104293 41.190109 0.399044
0.104901 39.696326 0.360331
0.105509 39.332706 0.339932
0.106117 37.687195 0.465598
0.106725 36.728551 0.346564
0.107333 35.780069 0.565122
0.107941 35.639781 0.350964
0.108550 34.721914 0.381239
0.109158 33.931158 0.328187
0.109766 33.621064 0.344461
0.110374 32.632052 0.348119
0.110982 32.413397 0.329580
0.111590 32.280439 0.541989
0.112198 30.528680 0.329852
0.112806 30.237466 0.326887
0.113414 29.358555 0.331288
0.114022 29.075843 0.349300
0.114631 28.426017 0.357298
0.115239 27.626328 0.344790
0.115847 27.197470 0.367082
0.116455 26.158254 0.344624
0.117063 26.149710 0.310769
0.117671 25.858215 0.326138
0.118279 24.852180 0.329538
0.118887 25.004655 0.311124
0.119495 23.719282 0.335613
0.120103 24.434922 0.334367
0.120712 23.284988 0.299372
0.121320 22.673113 0.298908
0.121928 22.788482 0.399284
0.122536 22.254807 0.319315
0.123144 22.702989 0.429858
0.123752 21.957679 0.358659
0.124360 21.658499 0.305520
0.124968 21.452619 0.355550
0.125576 20.701738 0.329058
0.126184 19.980635 0.385076
0.126793 20.238021 0.321031
0.127401 19.561987 0.305585
0.128009 19.192161 0.309009
0.128617 19.439750 0.293170
0.129225 19.066059 0.288518
0.129833 18.752541 0.313046
0.130441 18.711027 0.300419
0.131049 17.941683 0.317209
0.131657 17.404586 0.294542
0.132265 17.491180 0.302602
0.132873 17.153168 0.300120
0.133482 16.486774 0.276041
0.134090 16.340688 0.283060
0.134698 16.580008 0.278890
0.135306 15.877718 0.291986
0.135914 15.623994 0.323406
0.136522 15.644919 0.298453
0.137130 15.437493 0.315075
0.137738 14.996033 0.294098
0.138346 15.207555 0.292657
0.138954 14.495401 0.303813
0.139562 14.312478 0.269585
0.140171 14.496996 0.321824
0.140779 13.686324 0.283044
0.141387 14.032539 0.287946
0.141995 13.308549 0.299557
0.142603 13.729542 0.312413
0.143211 13.950836 0.286873
0.143819 14.082984 0.281139
0.144427 13.846670 0.464676
0.145035 13.180015 0.292807
0.145643 12.373771 0.321040
0.146251 12.557541 0.273477
0.146860 12.426321 0.273436
0.147468 12.822580 0.286406
0.148076 12.291341 0.273990
0.148684 11.647855 0.272130
0.149292 11.404950 0.286568
0.149900 11.498571 0.278275
0.150508 11.692576 0.295898
0.151116 11.255781 0.276602
0.151724 11.121873 0.284405
0.152332 11.084176 0.265697
0.152940 11.216958 0.285495
0.153548 11.354066 0.283078
0.154156 10.972373 0.280790
0.154765 10.533300 0.273971
0.155373 10.761375 0.250614
0.155981 10.450946 0.280169
0.156589 10.127266 0.253524
0.157197 10.400752 0.270432
0.157805 9.835430 0.252680
0.158413 9.993968 0.273127
0.159021 10.069462 0.271984
0.159629 9.900439 0.263526
0.160237 10.237863 0.265608
0.160845 9.633855 0.269405
0.161453 9.523151 0.254618
0.162061 10.063456 0.263071
0.162670 9.455704 0.263163
0.163278 9.579990 0.257181
0.163886 9.557693 0.267295
0.164494 8.683917 0.244432
0.165102 9.253079 0.272565
0.165710 8.782160 0.244120
0.166318 8.583782 0.246918
0.166926 8.579915 0.250249
0.167534 8.439661 0.234891
0.168142 8.263683 0.246798
0.168750 8.461492 0.257009
0.169358 8.642918 0.251939
0.169966 8.458347 0.253630
0.170574 8.033203 0.268773
0.171183 8.393683 0.238902
0.171791 7.544672 0.266962
0.172399 7.801384 0.235360
0.173007 7.765193 0.258547
0.173615 7.814037 0.250409
0.174223 7.734761 0.260116
0.174831 7.634851 0.254123
0.175439 7.040555 0.251490
0.176047 7.186362 0.251019
0.176655 6.936965 0.241357
0.177263 7.125190 0.252694
0.177871 7.181044 0.237353
0.178479 7.552976 0.252985
0.179087 7.306326 0.250443
0.179695 6.533382 0.256038
0.180304 6.977693 0.248464
0.180912 6.672730 0.237321
0.181520 6.953307 0.235325
0.182128 6.985586 0.240984
0.182736 6.994945 0.238031
0.183344 7.176968 0.249494
0.183952 6.783203 0.229882
0.184560 7.321994 0.222241
0.185168 6.788876 0.239672
0.185776 7.140145 0.235115
0.186384 6.890457 0.235896
0.186992 6.733575 0.244424
0.187600 6.343693 0.229553
0.188208 6.333947 0.233668
0.188816 6.389286 0.234632
0.189424 6.382870 0.233997
0.190032 6.025422 0.231911
0.190641 6.391246 0.237420
0.191249 5.883995 0.240594
0.191857 6.377546 0.235094
0.192465 6.243566 0.225937
0.193073 6.147518 0.213695
0.193681 5.998434 0.242913
0.194289 6.033091 0.269960
0.194897 5.674622 0.260783
0.195505 5.733305 0.253704
0.196113 5.507407 0.234195
0.196721 5.607336 0.247268
0.197329 5.434917 0.220744
0.197937 5.504098 0.214506
0.198545 5.356021 0.236206
0.199153 5.299634 0.230105
0.199761 5.776019 0.209723
0.200369 5.347534 0.238575
0.200977 5.579521 0.232335
0.201585 5.283245 0.221040
0.202193 5.070050 0.233319
0.202802 5.932890 0.217169
0.203410 5.213603 0.228174
0.204018 5.136375 0.216914
0.204626 4.887893 0.214495
0.205234 4.463625 0.212844
0.205842 4.872488 0.227045
0.206450 4.925914 0.227343
0.207058 4.726387 0.215643
0.207666 5.207009 0.231117
0.208274 4.541779 0.235332
0.208882 4.565193 0.218598
0.209490 4.280356 0.209193
0.210098 4.491500 0.237370
0.210706 4.791018 0.224279
0.211314 4.446685 0.220307
0.211922 5.010319 0.213208
0.212530 4.790391 0.218859
0.213138 4.634330 0.216828
0.213746 4.666024 0.224470
0.214354 4.603479 0.223859
0.214962 4.495635 0.205733
0.215570 4.673475 0.211829
0.216178 4.310744 0.201253
0.216786 4.640784 0.214851
0.217394 4.401234 0.202012
0.218002 4.583123 0.223325
0.218610 3.757005 0.208758
0.219219 4.286146 0.210859
0.219827 3.925440 0.210507
0.220435 3.732108 0.213249
0.221043 3.688624 0.205261
0.221651 4.369568 0.199760
0.222259 4.154793 0.202407
0.222867 4.276298 0.262972
0.223475 4.054240 0.208303
0.224083 3.836139 0.207281
0.224691 4.046625 0.205596
0.225299 3.693290 0.207626
0.225907 4.029607 0.216403
0.226515 3.464162 0.204423
0.227123 3.986653 0.209686
0.227731 4.158162 0.216349
0.228339 4.101261 0.207976
0.228947 3.985752 0.199140
0.229555 3.995144 0.196084
0.230163 4.334060 0.209548
0.230771 3.642055 0.189266
0.231379 4.089835 0.199354
0.231987 4.174514 0.203178
0.232595 4.124420 0.205723
0.233203 4.106865 0.207604
0.233811 3.828036 0.196754
0.234419 3.520806 0.205543
0.235027 3.749819 0.196675
0.235635 3.797258 0.198644
0.236243 3.701474 0.222048
0.236851 3.947420 0.219075
0.237459 3.588936 0.205221
0.238067 3.455843 0.204434
0.238675 3.420363 0.200426
0.239283 3.376825 0.193941
0.239891 3.624591 0.200257
0.240499 3.732834 0.194354
0.241107 3.664845 0.200696
0.241715 3.289962 0.191538
0.242323 3.165036 0.196905
0.242931 3.407966 0.201420
0.243539 3.433355 0.202050
0.244147 3.559298 0.199720
0.244755 3.261991 0.206825
0.245363 3.254786 0.203579
0.245971 3.742767 0.218095
0.246579 3.440713 0.208787
0.247187 3.463888 0.203176
0.247795 3.539363 0.193949
0.248403 3.692592 0.194354
0.249011 3.815860 0.193668
0.249619 3.955273 0.189599
0.250227 3.473706 0.204102
0.250835 3.528771 0.193413
0.251443 3.594894 0.193573
0.252051 3.112397 0.194843
0.252659 3.378866 0.181762
0.253267 3.574545 0.191295
0.253875 3.180909 0.194333
0.254483 3.527832 0.199942
0.255091 3.353492 0.192407
0.255699 3.424441 0.190879
0.256307 3.483593 0.188111
0.256915 3.490103 0.186796
0.257523 3.427316 0.189343
0.258131 3.638506 0.181245
0.258739 3.540301 0.193003
0.259347 3.229693 0.193778
0.259955 3.191592 0.182174
0.260563 3.277902 0.202472
0.261171 3.485594 0.194317
0.261779 3.300468 0.200663
0.262387 3.387932 0.190885
0.262995 3.211682 0.191329
0.263603 3.129547 0.185392
0.264211 3.231114 0.192760
0.264819 3.449847 0.187702
0.265427 3.079829 0.189497
0.266035 3.203806 0.190060
0.266643 3.133683 0.182680
0.267251 2.750064 0.190490
0.267859 3.220054 0.184356
0.268467 2.911035 0.187436
0.269075 3.046250 0.191848
0.269683 2.999493 0.185627
0.270291 3.028746 0.180132
0.270899 3.004618 0.175378
0.271507 2.844147 0.177836
0.272115 2.715897 0.182993
0.272723 2.844681 0.189789
0.273331 2.576903 0.194757
0.273939 3.216107 0.182888
0.274547 2.938241 0.180086
0.275155 3.084733 0.180187
0.275763 3.060355 0.166066
0.276371 3.062693 0.188254
0.276979 3.013187 0.184043
0.277587 3.075290 0.193074
0.278195 2.841558 0.188466
0.278803 3.230389 0.184982
0.279411 2.996418 0.181901
0.280019 3.200647 0.180819
0.280626 3.247936 0.182786
0.281234 3.471503 0.176163
0.281842 2.880502 0.171044
0.282450 3.276405 0.170497
0.283058 2.977055 0.177834
0.283666 3.083384 0.179269
0.284274 2.936013 0.179175
0.284882 2.746440 0.167850
0.285490 2.742741 0.171485
0.286098 2.885104 0.177898
0.286706 2.812481 0.168330
0.287314 2.818041 0.168031
0.287922 2.771360 0.336068
0.288530 2.698000 0.170575
0.289138 2.924942 0.292670
0.289746 3.032024 0.239996
0.290354 2.631212 0.171863
0.290962 2.792872 0.170370
0.291570 2.944241 0.178241
0.292178 2.707609 0.172802
0.292786 3.204366 0.168437
0.293394 2.928265 0.171976
0.294002 2.904966 0.158744
0.294610 2.873413 0.172176
0.295217 2.738871 0.174163
0.295825 2.561259 0.172313
0.296433 2.892062 0.167464
0.297041 2.814026 0.167329
0.297649 2.534465 0.174897
0.298257 2.894481 0.165112
0.298865 2.403082 0.169140
0.299473 2.554112 0.163218
0.300081 2.632208 0.161360
0.300689 2.591670 0.163429
0.301297 2.858242 0.163277
0.301905 2.705135 0.161475
0.302513 2.604995 0.164609
0.303121 2.544185 0.159226
0.303729 2.594024 0.175899
0.304337 2.634298 0.157501
0.304945 2.474792 0.171225
0.305553 2.580583 0.151371
0.306160 2.559424 0.170587
0.306768 2.444984 0.154452
0.307376 2.728125 0.161772
0.307984 2.319884 0.158769
0.308592 2.861631 0.163324
0.309200 2.468261 0.152570
0.309808 2.467934 0.151807
0.310416 2.509839 0.150618
0.311024 2.477630 0.156863
0.311632 2.373233 0.166973
0.312240 2.256628 0.163358
0.312848 2.697642 0.165701
0.313456 2.540186 0.159483
0.314064 2.452007 0.163775
0.314671 2.619663 0.155209
0.315279 2.443759 0.174159
0.315887 2.428742 0.169990
0.316495 2.251339 0.186650
0.317103 2.240077 0.195062
0.317711 2.311263 0.199032
0.318319 2.292833 0.201347
0.318927 2.413117 0.226055
0.319535 1.911364 0.224079
0.320143 2.419147 0.229414
0.320751 2.301180 0.235604
0.321359 2.133244 0.236847
0.321967 2.519339 0.266985
0.322574 1.803831 0.259972
0.323182 2.479129 0.315047
0.323790 2.129677 0.344141
0.324398 2.421990 0.645109

# Following corresponds to: HUabDNA_16.dat

0.008818 729.437506 32.186167
0.010034 901.843864 5.728113
0.010642 852.163374 9.802436
0.011250 861.198319 10.475978
0.011859 830.856497 12.338348
0.012467 838.307557 8.792581
0.013075 795.757633 12.362541
0.013683 786.576289 18.067859
0.014291 760.440956 6.592721
0.014899 751.373042 10.071910
0.015507 721.219379 5.992868
0.016115 707.011228 6.302223
0.016724 670.738772 10.125803
0.017332 664.073101 4.110467
0.017940 635.483890 8.396485
0.018548 613.274196 10.434600
0.019156 590.790249 13.631187
0.019764 577.481859 4.524859
0.020372 544.041726 14.800616
0.020980 537.067343 13.007754
0.021589 519.716764 8.567169
0.022197 503.294921 7.429002
0.022805 487.009575 3.361430
0.023413 469.112805 2.572982
0.024021 459.927322 2.579221
0.024629 441.829798 2.041073
0.025237 430.548589 2.163330
0.025845 414.553509 1.905902
0.026454 404.110808 1.888864
0.027062 390.064050 1.576932
0.027670 381.300784 1.747638
0.028278 368.483486 1.538633
0.028886 359.837537 1.472007
0.029494 348.339758 1.388754
0.030102 337.839512 1.154190
0.030710 329.755699 1.294690
0.031319 320.764153 1.115462
0.031927 312.037218 1.291943
0.032535 306.052868 0.954237
0.033143 299.040033 1.185023
0.033751 290.767999 1.160613
0.034359 284.261049 1.305106
0.034967 276.925644 1.152355
0.035575 269.791701 0.967561
0.036184 263.997084 1.075734
0.036792 256.400837 1.044274
0.037400 250.679750 1.103368
0.038008 241.982876 1.087151
0.038616 240.255787 1.112421
0.039224 235.308342 0.975165
0.039832 231.172530 1.047248
0.040440 225.781777 0.937696
0.041049 219.418988 1.039520
0.041657 214.451898 0.989733
0.042265 210.741991 0.850734
0.042873 205.294440 0.935829
0.043481 201.270270 1.035255
0.044089 196.386088 0.815175
0.044697 192.250882 0.701238
0.045305 187.968801 0.705140
0.045914 183.276009 0.880296
0.046522 179.592312 0.768285
0.047130 175.989379 0.832954
0.047738 172.490596 0.883836
0.048346 168.699066 0.779581
0.048954 165.740736 0.903666
0.049562 160.357958 0.730599
0.050170 158.076117 0.779164
0.050779 153.804562 0.652378
0.051387 150.622092 0.740729
0.051995 146.581364 0.697462
0.052603 143.779601 0.760734
0.053211 141.281724 0.754594
0.053819 138.192228 0.568312
0.054427 135.352827 0.619737
0.055035 131.143405 0.637653
0.055644 128.909641 0.604992
0.056252 125.205089 0.619354
0.056860 122.795439 0.510855
0.057468 120.648834 0.646821
0.058076 116.969756 0.518807
0.058684 115.121853 0.570509
0.059292 112.988923 0.569671
0.059900 109.170139 0.568026
0.060509 107.654301 0.625427
0.061117 104.965774 0.592170
0.061725 103.671801 0.551731
0.062333 100.297074 0.583251
0.062941 98.189825 0.530185
0.063549 97.167976 0.544530
0.064157 93.274528 0.677940
0.064765 91.521598 0.548627
0.065374 89.010308 0.553138
0.065982 88.353405 0.536150
0.066590 85.865572 0.568356
0.067198 84.480166 0.563795
0.067806 82.561905 0.552274
0.068414 80.399856 0.653975
0.069022 79.496462 0.541200
0.069630 77.083341 0.508780
0.070238 75.888372 0.562777
0.070847 73.971177 0.631453
0.071455 72.012433 0.543159
0.072063 70.776492 0.702635
0.072671 68.061995 0.535061
0.073279 67.624915 0.451890
0.073887 65.364454 0.428296
0.074495 64.282254 0.506716
0.075103 62.359147 0.445569
0.075712 61.389605 0.426068
0.076320 59.683711 0.472631
0.076928 58.382824 0.439755
0.077536 57.262350 0.458872
0.078144 55.890778 0.410510
0.078752 53.837122 0.454152
0.079360 53.771809 0.392288
0.079968 51.668370 0.398666
0.080576 50.786103 0.412676
0.081185 49.105431 0.410210
0.081793 48.412073 0.419105
0.082401 47.774417 0.459748
0.083009 46.695344 0.418472
0.083617 45.579606 0.411082
0.084225 43.655595 0.419301
0.084833 42.592113 0.378564
0.085441 40.636014 0.412326
0.086049 39.911584 0.404118
0.086658 39.784820 0.431328
0.087266 38.482054 0.410521
0.087874 38.866768 0.380371
0.088482 37.158092 0.375255
0.089090 35.958592 0.393665
0.089698 35.785130 0.396720
0.090306 33.722236 0.411215
0.090914 33.335312 0.374140
0.091522 33.231427 0.418162
0.092131 32.073855 0.372058
0.092739 31.536512 0.419973
0.093347 30.514473 0.367811
0.093955 29.819997 0.373947
0.094563 29.098490 0.369986
0.095171 27.962892 0.390699
0.095779 26.430946 0.403693
0.096387 26.827985 0.380214
0.096995 26.427313 0.352333
0.097604 25.399116 0.375943
0.098212 24.688284 0.377633
0.098820 24.134412 0.388611
0.099428 23.716980 0.348702
0.100036 22.308375 0.352773
0.100644 22.447689 0.354169
0.101252 21.559658 0.403779
0.101860 20.797144 0.376711
0.102468 20.430923 0.363636
0.103077 20.678078 0.370365
0.103685 19.367191 0.372391
0.104293 19.234687 0.355878
0.104901 18.271759 0.344270
0.105509 18.258901 0.334422
0.106117 17.239219 0.329720
0.106725 17.114237 0.319770
0.107333 16.392018 0.343086
0.107941 16.584904 0.306044
0.108550 15.626684 0.350280
0.109158 15.752492 0.341826
0.109766 15.228812 0.322814
0.110374 14.949835 0.330698
0.110982 14.856660 0.329311
0.111590 14.448122 0.324872
0.112198 13.630795 0.341797
0.112806 13.625682 0.333114
0.113414 13.303927 0.319528
0.114022 12.647396 0.357708
0.114631 12.480143 0.318331
0.115239 12.286076 0.321721
0.115847 12.016915 0.303827
0.116455 12.235974 0.325825
0.117063 11.016710 0.319769
0.117671 11.162425 0.340071
0.118279 10.918820 0.319043
0.118887 10.277197 0.301012
0.119495 10.766557 0.314734
0.120103 10.860874 0.319790
0.120712 10.800100 0.313828
0.121320 10.497157 0.287269
0.121928 10.525598 0.301885
0.122536 9.493610 0.287609
0.123144 9.889544 0.303132
0.123752 8.910339 0.302123
0.124360 8.555178 0.298795
0.124968 9.000190 0.267688
0.125576 8.685888 0.308088
0.126184 8.425213 0.281303
0.126793 8.321257 0.313641
0.127401 8.058086 0.291017
0.128009 8.251933 0.319015
0.128617 8.104084 0.295235
0.129225 7.821252 0.306089
0.129833 7.879140 0.286837
0.130441 8.030859 0.329181
0.131049 7.436699 0.326851
0.131657 7.579931 0.293066
0.132265 7.434453 0.279177
0.132873 7.030763 0.319197
0.133482 6.906242 0.282432
0.134090 6.330237 0.312341
0.134698 6.403915 0.298259
0.135306 6.158549 0.290042
0.135914 5.767509 0.306935
0.136522 6.548382 0.309420
0.137130 6.345415 0.304754
0.137738 5.582876 0.273252
0.138346 5.896930 0.297849
0.138954 6.395527 0.307020
0.139562 6.774785 0.294206
0.140171 6.074639 0.294213
0.140779 5.649944 0.292867
0.141387 5.439975 0.289318
0.141995 5.532772 0.278028
0.142603 5.494207 0.297896
0.143211 5.132248 0.267412
0.143819 5.793849 0.286380
0.144427 5.180754 0.286387
0.145035 4.757943 0.296798
0.145643 5.367901 0.289682
0.146251 5.171926 0.272173
0.146860 5.673065 0.280930
0.147468 4.881667 0.274581
0.148076 5.199512 0.277675
0.148684 4.693409 0.280089
0.149292 4.788465 0.264489
0.149900 5.198650 0.260743
0.150508 4.666971 0.286153
0.151116 5.013850 0.266495
0.151724 4.592766 0.289334
0.152332 4.873562 0.259388
0.152940 4.669221 0.281319
0.153548 4.875076 0.283693
0.154156 4.745730 0.280628
0.154765 3.908470 0.260327
0.155373 4.135014 0.276588
0.155981 4.662204 0.262011
0.156589 4.076641 0.285781
0.157197 4.305718 0.273462
0.157805 4.448045 0.249857
0.158413 4.613975 0.254713
0.159021 4.335387 0.244784
0.159629 4.470461 0.264140
0.160237 3.616514 0.243521
0.160845 3.936115 0.253934
0.161453 3.992015 0.245408
0.162061 3.692065 0.245411
0.162670 3.972344 0.237854
0.163278 3.615665 0.263861
0.163886 3.421550 0.233181
0.164494 3.588823 0.255198
0.165102 3.722689 0.236593
0.165710 3.386773 0.245021
0.166318 3.796955 0.249086
0.166926 3.712934 0.234852
0.167534 3.528894 0.251697
0.168142 3.993844 0.253527
0.168750 3.412683 0.252842
0.169358 3.499527 0.232925
0.169966 3.795698 0.259084
0.170574 3.219318 0.270875
0.171183 3.428686 0.242630
0.171791 3.273394 0.246792
0.172399 3.597366 0.245822
0.173007 3.331852 0.248690
0.173615 3.738080 0.237206
0.174223 3.530459 0.253016
0.174831 3.288745 0.256454
0.175439 3.450508 0.253322
0.176047 3.121881 0.249874
0.176655 3.686902 0.232863
0.177263 3.200536 0.241676
0.177871 3.237962 0.243467
0.178479 2.662896 0.238715
0.179087 2.977176 0.263307
0.179695 2.923720 0.261650
0.180304 2.783066 0.263787
0.180912 2.976487 0.254532
0.181520 2.672796 0.249483
0.182128 3.237690 0.249354
0.182736 2.661814 0.248801
0.183344 2.960664 0.239332
0.183952 2.595693 0.252524
0.184560 2.396388 0.238469
0.185168 2.632998 0.229097
0.185776 2.487735 0.242774
0.186384 2.492242 0.249345
0.186992 2.320831 0.232629
0.187600 2.167659 0.236944
0.188208 2.446828 0.230175
0.188816 2.062046 0.223676
0.189424 2.418050 0.248887
0.190032 2.521336 0.235575
0.190641 2.106682 0.232483
0.191249 2.202457 0.236365
0.191857 2.294105 0.229537
0.192465 1.623426 0.234033
0.193073 2.254543 0.253514
0.193681 1.739888 0.228761
0.194289 2.089922 0.222991
0.194897 2.032855 0.233016
0.195505 1.901869 0.207499
0.196113 2.159299 0.228905
0.196721 1.901016 0.218882
0.197329 2.027243 0.225088
0.197937 2.262060 0.229562
0.198545 2.472764 0.226155
0.199153 2.519637 0.218300
0.199761 2.078797 0.231116
0.200369 1.805918 0.224156
0.200977 2.036872 0.225446
0.201585 1.718482 0.216836
0.202193 2.113497 0.217884
0.202802 1.714333 0.230740
0.203410 1.483320 0.223160
0.204018 1.918630 0.226225
0.204626 1.905011 0.316713
0.205234 1.831830 0.479262
0.205842 1.858619 0.224320
0.206450 1.674391 0.228566
0.207058 2.006320 0.219244
0.207666 2.010262 0.228975
0.208274 1.850132 0.217640
0.208882 2.121454 0.220019
0.209490 2.273048 0.224297
0.210098 2.185963 0.223214
0.210706 1.910170 0.221302
0.211314 1.508104 0.209208
0.211922 1.531903 0.222724
0.212530 1.615278 0.223806
0.213138 1.674149 0.211706
0.213746 1.689063 0.212019
0.214354 1.284273 0.218496
0.214962 1.533224 0.214993
0.215570 1.034625 0.225670
0.216178 1.386961 0.217415
0.216786 1.038172 0.212285
0.217394 1.278118 0.202406
0.218002 1.106454 0.208661
0.218610 1.102429 0.205335
0.219219 1.516132 0.197769
0.219827 1.341899 0.203754
0.220435 1.631321 0.218404
0.221043 1.296136 0.218611
0.221651 1.567091 0.218986
0.222259 1.770297 0.210156
0.222867 1.739609 0.212543
0.223475 1.925945 0.205013
0.224083 1.919928 0.213869
0.224691 1.588040 0.205792
0.225299 1.664591 0.205138
0.225907 1.559237 0.214764
0.226515 1.669144 0.197049
0.227123 1.325088 0.201049
0.227731 1.652009 0.198324
0.228339 1.365434 0.217946
0.228947 1.846479 0.216339
0.229555 1.614780 0.214941
0.230163 1.100563 0.207642
0.230771 1.072030 0.202524
0.231379 1.212455 0.211936
0.231987 1.347858 0.200978
0.232595 1.423952 0.211189
0.233203 1.925319 0.207642
0.233811 1.622555 0.202645
0.234419 1.707223 0.192164
0.235027 1.563024 0.210222
0.235635 1.786464 0.210984
0.236243 1.542826 0.189080
0.236851 1.402911 0.202506
0.237459 1.743091 0.196328
0.238067 1.518272 0.201424
0.238675 1.651586 0.206614
0.239283 1.649162 0.198170
0.239891 1.543698 0.204196
0.240499 1.546965 0.198279
0.241107 1.876614 0.205384
0.241715 1.620919 0.192093
0.242323 1.807540 0.210120
0.242931 1.502917 0.197008
0.243539 1.373644 0.209656
0.244147 1.438332 0.210165
0.244755 1.312232 0.213358
0.245363 1.292683 0.192255
0.245971 1.723035 0.199057
0.246579 1.331949 0.189472
0.247187 1.652620 0.184204
0.247795 1.722540 0.188886
0.248403 1.659076 0.201336
0.249011 1.598573 0.192914
0.249619 1.433662 0.196600
0.250227 1.377248 0.194279
0.250835 1.484443 0.195181
0.251443 1.214857 0.203577
0.252051 1.235461 0.197262
0.252659 1.301818 0.214369
0.253267 1.364760 0.199169
0.253875 1.138865 0.200325
0.254483 1.355305 0.190890
0.255091 1.170548 0.194324
0.255699 1.396238 0.189316
0.256307 1.218949 0.197439
0.256915 1.238082 0.194418
0.257523 1.101228 0.198179
0.258131 1.158677 0.189869
0.258739 1.645198 0.193801
0.259347 1.145604 0.201470
0.259955 1.427793 0.194940
0.260563 1.332560 0.201455
0.261171 1.063569 0.183482
0.261779 1.261143 0.190563
0.262387 1.333695 0.189792
0.262995 1.179075 0.196181
0.263603 1.492549 0.278594
0.264211 1.769217 0.190349
0.264819 1.373932 0.258335
0.265427 1.433988 0.203268
0.266035 1.451740 0.185856
0.266643 0.813266 0.193852
0.267251 1.787215 0.194860
0.267859 1.103683 0.199392
0.268467 1.187875 0.193664
0.269075 0.841342 0.200264
0.269683 1.038762 0.192702
0.270291 1.263836 0.182344
0.270899 1.453076 0.195085
0.271507 1.457691 0.178211
0.272115 1.355952 0.184009
0.272723 1.066663 0.179809
0.273331 1.037047 0.181803
0.273939 1.383874 0.212051
0.274547 0.758733 0.205978
0.275155 1.270763 0.217414
0.275763 1.536945 0.199089
0.276371 1.400177 0.193007
0.276979 1.198429 0.184075
0.277587 1.065743 0.179312
0.278195 1.177829 0.183829
0.278803 1.355002 0.189647
0.279411 1.231949 0.171344
0.280019 1.246924 0.175252
0.280626 0.967197 0.189291
0.281234 1.175304 0.181785
0.281842 1.099642 0.178279
0.282450 0.913307 0.181054
0.283058 1.107968 0.178560
0.283666 0.989077 0.178781
0.284274 1.028491 0.179894
0.284882 1.016628 0.180366
0.285490 1.036053 0.171746
0.286098 1.191902 0.166652
0.286706 1.044159 0.179061
0.287314 1.398284 0.172328
0.287922 0.771712 0.174195
0.288530 1.466820 0.183993
0.289138 1.471904 0.356465
0.289746 0.949437 0.181634
0.290354 0.892804 0.178980
0.290962 0.936145 0.171864
0.291570 1.021967 0.173207
0.292178 0.999595 0.173147
0.292786 1.267179 0.166817
0.293394 1.246056 0.173616
0.294002 1.117440 0.176195
0.294610 1.228271 0.169780
0.295217 1.186711 0.169087
0.295825 1.129282 0.176152
0.296433 1.221785 0.156312
0.297041 1.365505 0.385593
0.297649 1.077871 0.172018
0.298257 1.241978 0.157115
0.298865 1.112686 0.167750
0.299473 1.195004 0.156903
0.300081 0.933559 0.160186
0.300689 1.116403 0.164750
0.301297 1.125125 0.171190
0.301905 1.088772 0.158982
0.302513 1.079312 0.171621
0.303121 0.783122 0.158031
0.303729 1.213848 0.169826
0.304337 1.128752 0.186986
0.304945 1.090527 0.169644
0.305553 1.163018 0.157495
0.306160 0.854570 0.173368
0.306768 0.908346 0.161332
0.307376 0.790124 0.157438
0.307984 0.621019 0.160692
0.308592 0.794566 0.157172
0.309200 0.714365 0.164774
0.309808 1.063889 0.155395
0.310416 1.235049 0.158951
0.311024 1.073741 0.164941
0.311632 1.078153 0.164230
0.312240 1.263257 0.156738
0.312848 1.171907 0.164245
0.313456 1.125154 0.153752
0.314064 0.955764 0.164327
0.314671 0.990020 0.150150
0.315279 0.780218 0.168258
0.315887 1.380858 0.164062
0.316495 0.837279 0.181012
0.317103 0.818433 0.183830
0.317711 0.954981 0.198281
0.318319 0.735279 0.211882
0.318927 0.956072 0.203107
0.319535 1.174463 0.227989
0.320143 0.984170 0.214502
0.320751 1.173210 0.234165
0.321359 1.111369 0.256272
0.321967 1.127269 0.255405
0.322574 1.550923 0.301663
0.323182 0.940077 0.315566
0.323790 1.248927 0.328400
0.324398 1.235066 0.561332

# Following corresponds to: HUabDNA_32.dat

0.010687 534.197108 18.316077
0.011297 526.738624 9.346303
0.011908 514.366267 6.814071
0.012519 527.471707 3.605853
0.013129 521.534962 5.690353
0.013740 502.641325 4.650076
0.014351 483.948793 3.771261
0.014961 477.938793 4.269623
0.015572 465.946209 4.640419
0.016183 452.732371 3.258102
0.016793 428.380662 3.696303
0.017404 418.777177 5.088621
0.018015 403.698086 3.318670
0.018625 393.877762 3.247845
0.019236 388.207867 3.165554
0.019847 370.410678 2.755490
0.020457 359.897724 2.501353
0.021068 346.160103 2.387901
0.021679 338.458341 2.126406
0.022289 324.962033 2.489175
0.022900 318.807068 2.539504
0.023511 310.548953 2.352399
0.024121 299.937894 2.300627
0.024732 288.251310 2.096565
0.025343 280.628018 2.218976
0.025953 274.665553 1.691738
0.026564 268.125246 2.524853
0.027175 259.297258 1.604445
0.027785 251.748927 1.448261
0.028396 243.668123 1.482421
0.029007 237.371924 1.612761
0.029617 232.260654 1.165003
0.030228 225.196974 1.316723
0.030839 222.125714 1.252779
0.031449 216.822644 1.104924
0.032060 211.524635 1.043249
0.032671 204.824887 1.125705
0.033281 200.135481 1.048820
0.033892 194.810809 1.184718
0.034503 192.549781 1.166739
0.035113 188.197530 1.154504
0.035724 185.846677 1.183549
0.036335 179.436794 0.766473
0.036945 176.771370 1.024754
0.037556 171.816284 0.798123
0.038167 169.112605 0.957185
0.038777 164.501701 0.821595
0.039388 161.039642 0.948126
0.039999 156.125325 0.856018
0.040609 156.500128 0.875507
0.041220 151.841799 0.721400
0.041831 151.196093 1.056741
0.042441 144.804234 0.760437
0.043052 143.798890 0.899366
0.043663 139.341957 0.838990
0.044273 137.097430 0.741881
0.044884 135.964542 0.829564
0.045495 130.257624 0.632561
0.046105 129.374925 0.701123
0.046716 125.015072 0.673287
0.047327 123.423438 0.652146
0.047937 119.983884 0.637175
0.048548 118.359125 0.690149
0.049159 116.153613 0.625161
0.049769 114.769312 0.598848
0.050380 110.663487 0.596370
0.050991 109.606621 0.705689
0.051601 105.810789 0.554254
0.052212 104.343534 0.723539
0.052823 101.893214 0.587715
0.053433 99.409324 0.583351
0.054044 97.957253 0.663392
0.054655 96.648920 0.636539
0.055265 95.606780 0.655094
0.055876 91.732797 0.630528
0.056487 91.373864 0.576531
0.057097 87.893347 0.574084
0.057708 86.430720 0.638829
0.058319 84.785753 0.560051
0.058929 83.415152 0.598870
0.059540 81.525836 0.587014
0.060151 80.106647 0.568748
0.060761 78.093761 0.525108
0.061372 76.067395 0.558409
0.061983 74.920457 0.516438
0.062593 74.362898 0.537416
0.063204 73.027158 0.502529
0.063815 70.949905 0.538297
0.064425 70.863566 0.543307
0.065036 67.446798 0.579241
0.065647 66.260082 0.518410
0.066257 64.831630 0.565518
0.066868 64.541709 0.497182
0.067479 62.759024 0.459712
0.068089 62.129007 0.563579
0.068700 61.097034 0.519479
0.069311 59.664430 0.486589
0.069921 58.462897 0.474063
0.070532 57.462966 0.562024
0.071143 55.971571 0.485466
0.071753 54.460011 0.590758
0.072364 53.259981 0.481504
0.072975 52.394716 0.456206
0.073585 51.209673 0.440222
0.074196 51.326405 0.457239
0.074807 49.897105 0.416545
0.075417 49.063868 0.427965
0.076028 48.392541 0.493545
0.076639 46.590568 0.414518
0.077249 45.755757 0.424556
0.077860 43.489984 0.416498
0.078471 43.694464 0.427549
0.079081 41.790920 0.384927
0.079692 40.980319 0.470750
0.080303 40.457354 0.379511
0.080913 39.067914 0.406934
0.081524 38.937819 0.406459
0.082135 38.052900 0.427871
0.082745 37.689654 0.427242
0.083356 37.393446 0.443941
0.083966 36.455653 0.420578
0.084577 36.147463 0.388449
0.085188 34.614986 0.468576
0.085798 34.207733 0.385895
0.086409 33.242964 0.398575
0.087020 32.010575 0.388465
0.087630 31.477111 0.398085
0.088241 30.248496 0.412125
0.088852 30.161205 0.417258
0.089462 28.895064 0.405697
0.090073 28.469761 0.392742
0.090684 28.295941 0.375353
0.091294 27.055841 0.435158
0.091905 26.916855 0.539636
0.092516 26.742924 0.388802
0.093126 25.830803 0.379989
0.093737 24.914216 0.476203
0.094348 24.598836 0.391232
0.094958 24.026327 0.360785
0.095569 23.899025 0.421005
0.096180 23.131025 0.382626
0.096790 22.606109 0.420119
0.097401 21.865369 0.382138
0.098012 21.825349 0.377305
0.098622 21.257718 0.364696
0.099233 20.872455 0.363851
0.099843 20.095366 0.343533
0.100454 19.564714 0.345773
0.101065 19.670603 0.352802
0.101675 18.935388 0.361073
0.102286 19.582212 0.334176
0.102897 18.307650 0.343367
0.103507 18.568420 0.333276
0.104118 17.052834 0.331039
0.104729 16.407963 0.356907
0.105339 15.850596 0.335739
0.105950 15.988051 0.359271
0.106561 15.735281 0.336873
0.107171 15.484068 0.323693
0.107782 15.129649 0.338009
0.108393 14.873884 0.349085
0.109003 14.195975 0.329677
0.109614 14.829389 0.346001
0.110224 13.996174 0.340802
0.110835 13.758617 0.302022
0.111446 13.971589 0.298894
0.112056 13.619640 0.320700
0.112667 13.574766 0.308379
0.113278 12.772324 0.304059
0.113888 12.676720 0.330501
0.114499 12.008794 0.304528
0.115110 12.347414 0.335122
0.115720 11.885309 0.314496
0.116331 11.357674 0.306373
0.116942 11.047164 0.301641
0.117552 11.288644 0.325004
0.118163 11.134337 0.299752
0.118773 10.989569 0.339987
0.119384 10.692116 0.312646
0.119995 10.279150 0.296941
0.120605 10.313130 0.309278
0.121216 9.997489 0.355041
0.121827 9.339310 0.295705
0.122437 9.504957 0.311768
0.123048 9.394736 0.311824
0.123659 9.529117 0.313848
0.124269 8.881116 0.314697
0.124880 9.575462 0.318508
0.125491 8.933088 0.329951
0.126101 8.645452 0.278140
0.126712 8.443427 0.308125
0.127322 8.207094 0.279679
0.127933 8.062993 0.316901
0.128544 8.312291 0.290259
0.129154 7.788034 0.297490
0.129765 8.068601 0.286616
0.130376 8.209854 0.342413
0.130986 8.455423 0.344528
0.131597 7.562156 0.330354
0.132208 7.772309 0.294398
0.132818 7.201277 0.304989
0.133429 6.842393 0.306174
0.134039 7.259303 0.305558
0.134650 6.685463 0.298666
0.135261 6.383320 0.290418
0.135871 6.403015 0.292204
0.136482 7.367423 0.273785
0.137093 6.355427 0.291555
0.137703 6.376262 0.268726
0.138314 6.533399 0.291034
0.138924 5.769073 0.283673
0.139535 6.000392 0.294761
0.140146 5.689700 0.287821
0.140756 6.271407 0.300882
0.141367 5.515169 0.279543
0.141978 5.974864 0.318981
0.142588 5.279757 0.279876
0.143199 5.452528 0.272937
0.143810 5.600603 0.288338
0.144420 5.517142 0.284876
0.145031 5.712811 0.288546
0.145641 5.089439 0.285457
0.146252 5.998541 0.294720
0.146863 5.545596 0.278258
0.147473 5.135692 0.281694
0.148084 5.084916 0.272673
0.148695 4.815753 0.265271
0.149305 4.973530 0.268662
0.149916 4.551783 0.263882
0.150526 4.891243 0.258623
0.151137 4.906461 0.279413
0.151748 4.302828 0.260080
0.152358 4.781228 0.269571
0.152969 4.737721 0.253226
0.153579 4.291491 0.258835
0.154190 4.313274 0.266493
0.154801 4.093859 0.253010
0.155411 4.537974 0.281934
0.156022 4.110274 0.251649
0.156633 4.392437 0.259214
0.157243 4.552647 0.245930
0.157854 4.165811 0.262033
0.158464 4.439056 0.242529
0.159075 4.309890 0.260468
0.159686 3.707622 0.255169
0.160296 4.325348 0.263657
0.160907 3.425755 0.244878
0.161518 4.425817 0.266736
0.162128 3.764722 0.255950
0.162739 3.754707 0.257399
0.163349 3.493647 0.250788
0.163960 3.695832 0.248116
0.164571 3.514373 0.252248
0.165181 3.523333 0.236640
0.165792 3.850408 0.275705
0.166402 3.816925 0.237936
0.167013 3.701924 0.269558
0.167624 3.653097 0.249332
0.168234 3.510310 0.255981
0.168845 3.234639 0.248634
0.169456 3.335152 0.245111
0.170066 3.085164 0.237037
0.170677 3.052535 0.231014
0.171287 3.006953 0.259278
0.171898 3.104804 0.241708
0.172509 3.270407 0.240831
0.173119 3.473970 0.236675
0.173730 3.183266 0.236200
0.174340 3.092406 0.236790
0.174951 3.332291 0.258878
0.175562 3.454358 0.239756
0.176172 2.940604 0.253700
0.176783 3.136763 0.231433
0.177393 2.539842 0.242853
0.178004 2.819289 0.247925
0.178615 3.012446 0.269577
0.179225 3.159365 0.232428
0.179836 2.879174 0.245502
0.180446 3.103012 0.254404
0.181057 2.885750 0.237843
0.181668 2.768205 0.324018
0.182278 3.171328 1.189813
0.182889 2.587182 0.514639
0.183499 2.625800 1.040561
0.184110 2.155674 0.532580
0.184721 1.776916 0.279747
0.185331 2.069219 0.234048
0.185942 2.169594 0.234344
0.186552 2.361155 0.251424
0.187163 2.873040 0.240510
0.187774 2.484642 0.241494
0.188384 2.769750 0.225900
0.188995 2.421669 0.238364
0.189605 2.326967 0.226139
0.190216 2.428093 0.235450
0.190827 2.476974 0.212011
0.191437 2.327185 0.232358
0.192048 2.573855 0.221398
0.192658 2.570817 0.232892
0.193269 2.368579 0.231175
0.193880 2.151132 0.232788
0.194490 2.113082 0.240438
0.195101 1.762852 0.227019
0.195711 2.055907 0.228965
0.196322 2.233668 0.226077
0.196933 1.963795 0.243111
0.197543 2.011333 0.221508
0.198154 1.898539 0.229921
0.198764 2.219303 0.231162
0.199375 2.106025 0.240778
0.199986 2.153323 0.231928
0.200596 1.925339 0.235162
0.201207 2.028977 0.224502
0.201817 1.776338 0.210484
0.202428 1.924047 0.233296
0.203038 1.690629 0.215548
0.203649 1.802898 0.216652
0.204260 2.078806 0.219475
0.204870 1.964874 0.239991
0.205481 1.948491 0.224541
0.206091 1.815117 0.217581
0.206702 1.628292 0.215530
0.207313 1.946901 0.216943
0.207923 1.931644 0.225243
0.208534 2.031008 0.229708
0.209144 2.278702 0.222627
0.209755 1.977814 0.217321
0.210365 1.785573 0.230878
0.210976 2.121304 0.216367
0.211587 1.690230 0.233934
0.212197 1.798951 0.215284
0.212808 1.743730 0.218925
0.213418 1.331215 0.209673
0.214029 1.146378 0.224389
0.214640 1.478363 0.217574
0.215250 1.971981 0.213242
0.215861 1.325172 0.205115
0.216471 1.773509 0.230444
0.217082 1.528032 0.226618
0.217692 1.275827 0.236389
0.218303 1.247789 0.205046
0.218914 1.553350 0.228970
0.219524 1.493057 0.202973
0.220135 1.768788 0.215547
0.220745 1.266880 0.213442
0.221356 1.540344 0.205234
0.221966 1.541092 0.221041
0.222577 1.376142 0.201913
0.223188 1.599710 0.218881
0.223798 1.335256 0.202153
0.224409 1.677378 0.229526
0.225019 1.757849 0.204473
0.225630 1.441864 0.221370
0.226240 1.378098 0.215395
0.226851 1.366372 0.199195
0.227461 1.420075 0.201947
0.228072 1.694352 0.221084
0.228683 1.538219 0.203849
0.229293 1.506721 0.211971
0.229904 1.200382 0.470918
0.230514 1.532459 0.273886
0.231125 0.921877 0.282220
0.231735 1.503698 0.219298
0.232346 1.282378 0.202740
0.232957 1.533149 0.202189
0.233567 1.537323 0.214496
0.234178 1.675318 0.197403
0.234788 1.267287 0.211542
0.235399 1.415016 0.201037
0.236009 1.773410 0.212426
0.236620 1.488375 0.205875
0.237230 1.758220 0.211510
0.237841 1.551253 0.195593
0.238452 1.353523 0.199192
0.239062 1.462079 0.185846
0.239673 1.720200 0.204317
0.240283 1.466117 0.195413
0.240894 1.831645 0.186758
0.241504 1.423839 0.202823
0.242115 1.798739 0.198744
0.242725 1.436943 0.203356
0.243336 1.839277 0.188018
0.243947 1.527628 0.187095
0.244557 1.539848 0.192069
0.245168 1.628374 0.203086
0.245778 1.438119 0.200608
0.246389 1.359811 0.204618
0.246999 1.220905 0.200455
0.247610 1.054678 0.207083
0.248220 1.604261 0.261856
0.248831 1.262106 0.195889
0.249441 1.616122 0.200768
0.250052 1.409813 0.190387
0.250663 1.264012 0.198518
0.251273 1.295773 0.196242
0.251884 1.647043 0.216443
0.252494 1.908163 0.179860
0.253105 1.876740 0.200414
0.253715 1.720081 0.195012
0.254326 1.426629 0.200479
0.254936 1.468830 0.198158
0.255547 1.252596 0.203989
0.256157 0.886829 0.191868
0.256768 1.333282 0.193043
0.257378 1.405525 0.188191
0.257989 1.144427 0.182144
0.258599 1.096849 0.189127
0.259210 1.292646 0.187475
0.259821 1.004276 0.189725
0.260431 1.271510 0.212571
0.261042 1.896581 0.202437
0.261652 0.825082 0.460789
0.262263 1.753579 0.366842
0.262873 1.549168 0.203600
0.263484 1.209620 0.220088
0.264094 1.490991 0.176173
0.264705 1.286407 0.185594
0.265315 1.250941 0.180136
0.265926 1.335538 0.196259
0.266536 1.508419 0.189168
0.267147 1.384452 0.180794
0.267757 1.558203 0.189977
0.268368 1.664148 0.186117
0.268978 1.766952 0.179126
0.269589 1.356558 0.178275
0.270200 1.437043 0.187856
0.270810 1.423729 0.177568
0.271421 1.646165 0.194563
0.272031 1.646344 0.189374
0.272642 1.559001 0.171478
0.273252 1.468010 0.195746
0.273863 1.710318 0.192586
0.274473 1.867839 0.176905
0.275084 1.134246 0.188667
0.275694 1.239760 0.171628
0.276305 0.990573 0.189780
0.276915 1.290290 0.187126
0.277526 1.570021 0.175647
0.278136 1.514852 0.178635
0.278747 1.488653 0.184803
0.279357 1.719124 0.378860
0.279968 1.032277 0.193457
0.280578 1.437384 0.179920
0.281189 1.305109 0.179431
0.281799 1.879196 0.180100
0.282410 1.385236 0.181406
0.283020 1.531948 0.178096
0.283631 1.732771 0.765181
0.284241 1.596481 0.324905
0.284852 1.742112 0.163822
0.285462 1.450333 0.176234
0.286073 1.285717 0.178638
0.286683 1.459560 0.173629
0.287294 1.354070 0.176995
0.287904 1.273336 0.178895
0.288515 1.362765 0.229593
0.289125 1.537732 0.178836
0.289736 1.325800 0.170522
0.290346 1.481675 0.168187
0.290957 1.504403 0.180321
0.291567 1.187035 0.164124
0.292178 1.116218 0.173491
0.292788 1.173567 0.157757
0.293399 1.229293 0.174145
0.294009 1.269712 0.161267
0.294620 1.273778 0.176265
0.295230 1.281334 0.167276
0.295841 0.934932 0.172115
0.296451 1.131123 0.163301
0.297062 1.239454 0.159236
0.297672 1.348653 0.167188
0.298283 1.077705 0.159519
0.298893 1.401590 0.173763
0.299504 1.381774 0.156692
0.300114 1.130415 0.168390
0.300725 1.115551 0.161908
0.301335 1.420123 0.165929
0.301946 1.693135 0.156897
0.302556 1.713275 0.161350
0.303167 1.823823 0.162666
0.303777 1.916357 0.167778
0.304388 1.492041 0.156263
0.304998 1.446608 0.168290
0.305609 1.321244 0.153974
0.306219 1.110425 0.159967
0.306829 0.820460 0.155441
0.307440 1.456051 0.160686
0.308050 1.455989 0.160106
0.308661 1.348714 0.154447
0.309271 1.456555 0.163472
0.309882 1.092852 0.157907
0.310492 1.459427 0.157265
0.311103 0.946878 0.164557
0.311713 1.170116 0.166013
0.312324 1.117719 0.158265
0.312934 1.360304 0.167817
0.313545 1.215912 0.157939
0.314155 1.082327 0.165166
0.314766 1.252039 0.168504
0.315376 1.270922 0.179922
0.315987 1.058621 0.170410
0.316597 1.291362 0.202343
0.317207 1.115265 0.199161
0.317818 1.297550 0.212366
0.318428 1.436684 0.197690
0.319039 1.592861 0.237340
0.319649 1.679370 0.300441
0.320260 1.575530 0.232602
0.320870 1.398607 0.245887
0.321481 0.500978 0.474980
0.322091 0.675114 0.294294
0.322702 0.749447 0.303964
0.323312 0.958554 0.386287
0.323923 1.167698 0.659654
