# SAXS profile: number of points = 512, q_min = 0.010641, q_max = 0.322549, delta_q = 0.00061038747553816
# offset = 0.00000000000000, scaling c = 2.23071542974157e-07, Chi = 1.75462605243274
#  q       exp_intensity   model_intensity
0.01064    139.01218300    138.42123929   
0.01125    142.58952800    137.04226179   
0.01186    139.45560200    135.60519854   
0.01247    138.36205300    134.09449854   
0.01307    135.46021800    132.55046475   
0.01368    133.99594800    130.92780948   
0.01429    130.27668700    129.26576983   
0.01490    131.05217400    127.56054295   
0.01551    128.51619500    125.79249861   
0.01611    126.24246200    123.99903142   
0.01672    125.82164800    122.15027069   
0.01733    121.88459200    120.26861089   
0.01794    120.64328500    118.35923597   
0.01855    119.01575700    116.40230452   
0.01915    116.15303500    114.42518753   
0.01976    114.29237500    112.41751934   
0.02037    111.73179600    110.38692013   
0.02098    110.07038400    108.34167218   
0.02159    107.04971300    106.26740883   
0.02219    105.38944900    104.18492459   
0.02280    102.96002600    102.08722740   
0.02341    101.33791100    99.97935490    
0.02402    98.69027300     97.86636415    
0.02463    96.58690900     95.74590191    
0.02524    93.63898300     93.62514941    
0.02584    91.83381200     91.50393619    
0.02645    89.22985900     89.38379186    
0.02706    88.00540100     87.26994743    
0.02767    84.61438300     85.16741055    
0.02828    83.31859400     83.07343770    
0.02888    80.92886800     80.98976658    
0.02949    78.71895200     78.92603283    
0.03010    76.21525000     76.87196753    
0.03071    74.72882800     74.84313855    
0.03132    72.15270000     72.83263500    
0.03192    70.23918100     70.83906524    
0.03253    68.60712100     68.88055063    
0.03314    65.43147600     66.93723205    
0.03375    64.42708600     65.02797112    
0.03436    61.74213700     63.14388196    
0.03497    60.27409900     61.28283890    
0.03557    57.97855300     59.47039710    
0.03618    56.97394600     57.67719453    
0.03679    54.50167200     55.92237625    
0.03740    53.21976700     54.20487881    
0.03800    51.44599200     52.50770511    
0.03861    49.87044300     50.86940179    
0.03922    48.08408000     49.25326322    
0.03983    46.57935700     47.67593853    
0.04044    44.98063300     46.14345281    
0.04104    43.70332000     44.63319199    
0.04165    42.66927900     43.17908497    
0.04226    40.65223100     41.75483910    
0.04287    40.01926700     40.36687545    
0.04348    38.25960900     39.02913795    
0.04409    37.13014300     37.71407662    
0.04469    35.88166900     36.45374229    
0.04530    34.97193300     35.22476792    
0.04591    33.42282700     34.02756931    
0.04652    32.60778800     32.88351851    
0.04713    31.59605000     31.76139243    
0.04773    30.16638500     30.68781272    
0.04834    29.49948200     29.64794203    
0.04895    28.52102400     28.63428987    
0.04956    27.53766800     27.67256291    
0.05017    26.70302500     26.73273718    
0.05078    25.96452900     25.83393863    
0.05138    24.60288600     24.96949637    
0.05199    24.32749800     24.12523767    
0.05260    23.13888200     23.33271978    
0.05321    22.57347000     22.55808660    
0.05382    21.69262700     21.81659386    
0.05442    21.04313300     21.10846347    
0.05503    20.31155200     20.41724631    
0.05564    19.74850000     19.76924910    
0.05625    19.14243100     19.13878810    
0.05686    18.56846800     18.53395742    
0.05746    18.08954600     17.96007011    
0.05807    17.38233500     17.39947180    
0.05868    17.05938300     16.87349667    
0.05929    16.44591900     16.36445990    
0.05990    16.08394300     15.87424389    
0.06050    15.41670700     15.41169703    
0.06111    15.36445600     14.96057093    
0.06172    14.48807400     14.53473748    
0.06233    14.21576200     14.12440063    
0.06294    13.80981500     13.72729284    
0.06354    13.42199500     13.35386319    
0.06415    12.98335800     12.98932246    
0.06476    12.76596000     12.64309151    
0.06537    12.20589400     12.31039360    
0.06598    12.22441000     11.98598908    
0.06659    11.80559800     11.68178471    
0.06719    11.40385200     11.38427342    
0.06780    11.20854200     11.09949133    
0.06841    10.81586300     10.82613313    
0.06902    10.51141500     10.55876365    
0.06963    10.17595000     10.30635572    
0.07023    10.00221200     10.05929701    
0.07084    9.73439100      9.82084773     
0.07145    9.59327800      9.59173502     
0.07206    9.32113100      9.36700422     
0.07266    9.14538500      9.15267096     
0.07327    8.87737500      8.94298555     
0.07388    8.77038700      8.73900368     
0.07449    8.45436900      8.54225796     
0.07510    8.32899500      8.34904719     
0.07571    8.16443800      8.16299756     
0.07631    7.97230300      7.98097503     
0.07692    7.84006400      7.80272318     
0.07753    7.53067400      7.63066559     
0.07814    7.48326200      7.46100731     
0.07875    7.19797900      7.29641590     
0.07935    7.06310800      7.13536617     
0.07996    6.81956000      6.97685771     
0.08057    6.64655100      6.82366476     
0.08118    6.56281500      6.67238221     
0.08179    6.38169300      6.52485862     
0.08239    6.36081700      6.38060296     
0.08300    6.15497700      6.23813815     
0.08361    6.11699400      6.10025476     
0.08422    5.94076400      5.96427162     
0.08483    5.79097600      5.83126176     
0.08543    5.66193900      5.70147324     
0.08604    5.52523000      5.57327657     
0.08665    5.41821100      5.44916257     
0.08726    5.41664500      5.32688340     
0.08787    5.21466300      5.20707672     
0.08847    5.09633000      5.09059137     
0.08908    4.99472700      4.97561055     
0.08969    4.82928300      4.86426408     
0.09030    4.76077800      4.75496103     
0.09091    4.63533800      4.64776982     
0.09151    4.52605600      4.54406926     
0.09212    4.31773400      4.44182955     
0.09273    4.29232600      4.34270177     
0.09334    4.18538200      4.24599527     
0.09395    4.06594800      4.15106904     
0.09456    3.94377600      4.05981280     
0.09516    3.91723100      3.96996995     
0.09577    3.79824600      3.88302436     
0.09638    3.77524600      3.79851732     
0.09699    3.68431400      3.71547347     
0.09760    3.76311600      3.63618464     
0.09820    3.60829500      3.55823119     
0.09881    3.62214000      3.48277258     
0.09942    3.44659000      3.40982518     
0.10003    3.41524300      3.33816504     
0.10064    3.34831000      3.26988522     
0.10124    3.21941900      3.20298322     
0.10185    3.17789700      3.13813673     
0.10246    3.07953900      3.07567401     
0.10307    3.01195500      3.01447072     
0.10368    2.95912300      2.95606914     
0.10429    2.86858200      2.89908652     
0.10489    2.82890700      2.84371209     
0.10550    2.91305200      2.79066291     
0.10611    2.77630600      2.73859689     
0.10672    2.79842800      2.68875829     
0.10733    2.69923200      2.64026794     
0.10793    2.67784900      2.59295165     
0.10854    2.67206700      2.54773607     
0.10915    2.58678600      2.50331919     
0.10976    2.62246800      2.46056127     
0.11037    2.46886600      2.41902437     
0.11097    2.55210900      2.37830041     
0.11158    2.38312100      2.33935151     
0.11219    2.35717200      2.30101621     
0.11280    2.32053400      2.26379722     
0.11341    2.23719400      2.22768463     
0.11401    2.18458000      2.19212431     
0.11462    2.15496600      2.15792988     
0.11523    2.07645900      2.12421555     
0.11584    1.97796000      2.09129027     
0.11645    2.03275000      2.05920857     
0.11705    2.04459500      2.02752168     
0.11766    1.95404600      1.99674160     
0.11827    1.96198500      1.96636846     
0.11888    1.97487300      1.93650477     
0.11949    1.94528500      1.90728186     
0.12009    1.96007700      1.87833344     
0.12070    1.89185300      1.85000636     
0.12131    1.84681800      1.82200035     
0.12192    1.83438000      1.79430297     
0.12253    1.76763200      1.76710397     
0.12313    1.73351400      1.74009503     
0.12374    1.71940300      1.71348356     
0.12435    1.67825900      1.68710004     
0.12496    1.68402900      1.66095925     
0.12557    1.68754300      1.63523385     
0.12618    1.64321200      1.60965185     
0.12678    1.65833100      1.58435037     
0.12739    1.52067100      1.55929421     
0.12800    1.47017700      1.53437421     
0.12861    1.57328200      1.50983573     
0.12921    1.50392400      1.48542648     
0.12982    1.41885500      1.46125234     
0.13043    1.48482400      1.43733527     
0.13104    1.36227200      1.41354768     
0.13165    1.37337000      1.39010872     
0.13226    1.31119300      1.36683263     
0.13286    1.31956400      1.34378200     
0.13347    1.33331700      1.32103648     
0.13408    1.31960100      1.29843324     
0.13469    1.27720200      1.27618855     
0.13529    1.26203300      1.25415015     
0.13590    1.21655300      1.23233063     
0.13651    1.18364200      1.21088400     
0.13712    1.19102500      1.18959825     
0.13773    1.14488600      1.16864834     
0.13834    1.12663000      1.14800239     
0.13894    1.04607100      1.12757467     
0.13955    1.06855200      1.10759537     
0.14016    1.08857600      1.08779673     
0.14077    0.98799100      1.06837657     
0.14138    1.04375200      1.04927917     
0.14198    0.97141200      1.03038094     
0.14259    1.02806100      1.01200529     
0.14320    1.01578600      0.99382099     
0.14381    0.92530400      0.97599825     
0.14442    0.98261500      0.95855407     
0.14502    0.93941900      0.94130665     
0.14563    0.93540000      0.92459511     
0.14624    0.87411100      0.90809894     
0.14685    0.92943500      0.89193300     
0.14746    0.90177500      0.87618183     
0.14806    0.89681800      0.86062530     
0.14867    0.86533200      0.84554800     
0.14928    0.82185800      0.83071943     
0.14989    0.70603200      0.81618224     
0.15050    0.72588000      0.80207327     
0.15110    0.72049800      0.78815037     
0.15171    0.74554300      0.77466055     
0.15232    0.75127300      0.76142768     
0.15293    0.67317600      0.74842606     
0.15354    0.67360400      0.73583317     
0.15415    0.62989000      0.72342914     
0.15475    0.62475700      0.71137829     
0.15536    0.67809900      0.69959312     
0.15597    0.66028100      0.68798975     
0.15658    0.64121200      0.67679969     
0.15718    0.64882500      0.66575420     
0.15779    0.58462600      0.65498851     
0.15840    0.60597600      0.64448277     
0.15901    0.59357400      0.63411676     
0.15962    0.60848300      0.62411967     
0.16023    0.57422800      0.61425477     
0.16083    0.56023000      0.60461487     
0.16144    0.49263100      0.59521666     
0.16205    0.51188500      0.58593517     
0.16266    0.51410500      0.57694128     
0.16326    0.44592700      0.56808326     
0.16387    0.50618700      0.55940110     
0.16448    0.48693900      0.55094246     
0.16509    0.51723000      0.54258404     
0.16570    0.54098600      0.53446585     
0.16631    0.45912700      0.52647492     
0.16691    0.52941600      0.51861043     
0.16752    0.49156700      0.51095925     
0.16813    0.48502700      0.50339651     
0.16874    0.48032300      0.49602989     
0.16934    0.51528300      0.48879275     
0.16995    0.42365500      0.48165433     
0.17056    0.42108300      0.47472312     
0.17117    0.41338100      0.46787070     
0.17178    0.42232500      0.46117787     
0.17239    0.39080100      0.45462107     
0.17299    0.41786800      0.44814305     
0.17360    0.39326700      0.44187784     
0.17421    0.38003200      0.43568612     
0.17482    0.42918500      0.42962999     
0.17542    0.31657600      0.42371241     
0.17603    0.32018500      0.41786604     
0.17664    0.29531600      0.41222126     
0.17725    0.34978300      0.40664827     
0.17786    0.35422100      0.40120068     
0.17847    0.33155400      0.39591515     
0.17907    0.37596700      0.39070313     
0.17968    0.40364900      0.38566518     
0.18029    0.36441500      0.38072961     
0.18090    0.36535400      0.37590630     
0.18151    0.35633200      0.37123605     
0.18211    0.28213000      0.36663658     
0.18272    0.33490000      0.36221011     
0.18333    0.28614800      0.35789097     
0.18394    0.26740000      0.35366224     
0.18455    0.29182700      0.34961549     
0.18515    0.30058200      0.34563893     
0.18576    0.27428100      0.34180839     
0.18637    0.31487800      0.33810009     
0.18698    0.23352300      0.33447044     
0.18759    0.24340300      0.33102198     
0.18819    0.25426800      0.32764389     
0.18880    0.28425300      0.32440145     
0.18941    0.32648500      0.32127661     
0.19002    0.32619200      0.31821453     
0.19063    0.31779200      0.31534775     
0.19123    0.24705600      0.31254183     
0.19184    0.28716000      0.30983320     
0.19245    0.27532500      0.30726121     
0.19306    0.29142800      0.30475163     
0.19367    0.29941800      0.30237895     
0.19427    0.26113700      0.30007944     
0.19488    0.34117800      0.29786912     
0.19549    0.26979600      0.29577714     
0.19610    0.28876900      0.29373667     
0.19671    0.27202100      0.29181588     
0.19731    0.26264800      0.28995936     
0.19792    0.27202700      0.28816302     
0.19853    0.26411200      0.28648026     
0.19914    0.32227500      0.28483793     
0.19975    0.27428400      0.28327632     
0.20035    0.30901000      0.28177587     
0.20096    0.27000800      0.28031931     
0.20157    0.25333000      0.27894843     
0.20218    0.25719300      0.27760846     
0.20279    0.25009600      0.27632939     
0.20339    0.24760500      0.27509278     
0.20400    0.18732500      0.27387946     
0.20461    0.20856400      0.27272983     
0.20522    0.24562300      0.27159643     
0.20583    0.20047100      0.27049205     
0.20643    0.26344700      0.26942261     
0.20704    0.21002800      0.26836886     
0.20765    0.19478300      0.26733773     
0.20826    0.17195800      0.26632109     
0.20887    0.21400600      0.26532410     
0.20947    0.22788600      0.26432750     
0.21008    0.20970300      0.26333231     
0.21069    0.25304400      0.26234536     
0.21130    0.28271900      0.26135549     
0.21191    0.25564800      0.26036258     
0.21251    0.25755200      0.25935967     
0.21312    0.21005300      0.25835129     
0.21373    0.26314800      0.25732832     
0.21434    0.19322500      0.25629438     
0.21495    0.23621400      0.25525169     
0.21555    0.21282600      0.25417440     
0.21616    0.22077000      0.25308396     
0.21677    0.26036000      0.25196662     
0.21738    0.24869700      0.25082551     
0.21799    0.26643200      0.24966994     
0.21859    0.32310400      0.24846425     
0.21920    0.24267200      0.24724139     
0.21981    0.27702700      0.24598640     
0.22042    0.23641200      0.24469718     
0.22102    0.21384800      0.24339238     
0.22163    0.23085300      0.24203471     
0.22224    0.16078800      0.24065251     
0.22285    0.20396500      0.23923294     
0.22346    0.18696500      0.23777012     
0.22406    0.23300400      0.23628757     
0.22467    0.23951000      0.23475953     
0.22528    0.21379600      0.23320166     
0.22589    0.27600700      0.23160908     
0.22650    0.20164600      0.22997398     
0.22711    0.23798300      0.22831928     
0.22771    0.26823100      0.22661621     
0.22832    0.20975600      0.22488361     
0.22893    0.19606200      0.22312462     
0.22954    0.21020300      0.22132492     
0.23014    0.17143000      0.21950671     
0.23075    0.13618400      0.21764660     
0.23136    0.16093300      0.21576097     
0.23197    0.14219800      0.21385786     
0.23258    0.21479400      0.21191378     
0.23319    0.20722700      0.20995565     
0.23379    0.19292500      0.20797042     
0.23440    0.18610000      0.20596093     
0.23501    0.15217700      0.20393854     
0.23562    0.19804200      0.20189035     
0.23622    0.15557500      0.19983159     
0.23683    0.18947700      0.19775483     
0.23744    0.15407500      0.19566663     
0.23805    0.13228000      0.19357243     
0.23866    0.17739300      0.19145899     
0.23927    0.18936600      0.18934290     
0.23987    0.17886700      0.18722337     
0.24048    0.22150200      0.18510370     
0.24109    0.16326600      0.18298385     
0.24170    0.16117500      0.18086322     
0.24230    0.17303500      0.17874877     
0.24291    0.12499400      0.17663353     
0.24352    0.18018000      0.17453076     
0.24413    0.13405500      0.17243290     
0.24474    0.16059100      0.17034560     
0.24534    0.15762200      0.16827274     
0.24595    0.15251300      0.16621096     
0.24656    0.12548200      0.16417627     
0.24717    0.12302000      0.16215319     
0.24778    0.12675400      0.16015446     
0.24838    0.11780800      0.15817847     
0.24899    0.13656000      0.15621575     
0.24960    0.12943600      0.15429631     
0.25021    0.08504400      0.15239244     
0.25082    0.12107000      0.15051744     
0.25142    0.07866900      0.14868233     
0.25203    0.09293900      0.14686711     
0.25264    0.16484600      0.14509833     
0.25325    0.09568400      0.14335419     
0.25386    0.12306200      0.14164584     
0.25446    0.13691300      0.13998314     
0.25507    0.16947700      0.13834205     
0.25568    0.12641300      0.13675900     
0.25629    0.12831600      0.13520452     
0.25689    0.10554500      0.13368492     
0.25750    0.15439100      0.13222261     
0.25811    0.13125100      0.13078456     
0.25872    0.12949100      0.12940161     
0.25933    0.13770400      0.12805688     
0.25994    0.07741600      0.12674500     
0.26054    0.15939300      0.12549264     
0.26115    0.09667600      0.12426670     
0.26176    0.08700600      0.12309918     
0.26237    0.13562700      0.12196889     
0.26298    0.08405700      0.12086306     
0.26358    0.10601300      0.11983064     
0.26419    0.11185100      0.11882325     
0.26480    0.08801800      0.11786365     
0.26541    0.12221900      0.11694880     
0.26601    0.13669300      0.11605909     
0.26662    0.13460400      0.11523524     
0.26723    0.10455600      0.11443662     
0.26784    0.12983800      0.11367950     
0.26845    0.10525500      0.11296770     
0.26905    0.09728000      0.11227811     
0.26966    0.04066700      0.11164757     
0.27027    0.09451600      0.11104178     
0.27088    0.06314500      0.11046699     
0.27149    0.12424800      0.10994387     
0.27209    0.07629700      0.10944179     
0.27270    0.06306200      0.10898380     
0.27331    0.07380000      0.10854895     
0.27392    0.06466000      0.10813634     
0.27453    0.09508000      0.10777359     
0.27513    0.10866600      0.10742828     
0.27574    0.09459300      0.10711482     
0.27635    0.11393400      0.10682979     
0.27696    0.10484200      0.10656583     
0.27757    0.11549700      0.10634015     
0.27817    0.15263600      0.10612797     
0.27878    0.12900400      0.10594239     
0.27939    0.10417000      0.10578143     
0.28000    0.08876500      0.10563435     
0.28060    0.09513600      0.10551813     
0.28121    0.09051000      0.10541517     
0.28182    0.08120500      0.10533651     
0.28243    0.08132700      0.10527430     
0.28304    0.09745700      0.10522074     
0.28364    0.08280900      0.10519419     
0.28425    0.12583400      0.10517821     
0.28486    0.08838000      0.10517717     
0.28547    0.09083400      0.10519105     
0.28608    0.07834500      0.10521196     
0.28668    0.07570900      0.10525088     
0.28729    0.06204900      0.10529892     
0.28790    0.05708800      0.10535683     
0.28851    0.07503100      0.10542780     
0.28912    0.07139700      0.10550402     
0.28972    0.04349800      0.10559140     
0.29033    0.04284900      0.10568547     
0.29094    0.04657500      0.10578501     
0.29155    0.02320600      0.10589665     
0.29215    0.07395700      0.10601141     
0.29276    0.02900800      0.10613130     
0.29337    0.04212500      0.10625435     
0.29398    0.00865500      0.10637944     
0.29459    0.04760000      0.10651447     
0.29519    0.01591400      0.10665030     
0.29580    0.00394400      0.10678709     
0.29641    0.06325500      0.10692539     
0.29763    0.05743500      0.10720763     
0.29823    0.04826700      0.10735067     
0.29884    0.02874000      0.10749412     
0.29945    0.08351900      0.10763416     
0.30006    0.05796300      0.10777301     
0.30067    0.09206500      0.10791182     
0.30127    0.02175300      0.10804867     
0.30188    0.06065900      0.10818292     
0.30249    0.02878100      0.10831377     
0.30310    0.06221700      0.10844278     
0.30371    0.02989000      0.10856675     
0.30431    0.01913800      0.10868477     
0.30492    0.04520300      0.10879717     
0.30553    0.06748200      0.10890255     
0.30614    0.07042400      0.10900544     
0.30674    0.06058000      0.10910337     
0.30735    0.05895600      0.10919254     
0.30796    0.03805700      0.10927524     
0.30857    0.08844400      0.10934880     
0.30918    0.06375300      0.10941736     
0.30978    0.06647200      0.10947525     
0.31039    0.05035600      0.10952536     
0.31100    0.05209400      0.10957119     
0.31161    0.04009100      0.10959895     
0.31222    0.02979700      0.10962187     
0.31282    0.03355200      0.10963598     
0.31343    0.06354200      0.10963738     
0.31404    0.05785800      0.10963244     
0.31465    0.10014800      0.10961134     
0.31526    0.07360100      0.10958313     
0.31586    0.05554500      0.10954510     
0.31647    0.07072900      0.10949432     
0.31708    0.10167400      0.10943682     
0.31769    0.07559500      0.10935931     
0.31829    0.05664200      0.10927696     
0.31890    0.07525500      0.10918959     
0.32012    0.08385300      0.10896878     
0.32073    0.08433400      0.10884194     
0.32133    0.08106300      0.10870577     
0.32194    0.04258700      0.10856195     
0.32255    0.10450800      0.10840219     
