
           ####    G N O M   ---   Version 4.6                       ####

                                                    17-May-2012   09:26:16
           ===    Run No   1   ===
 Run title:   Merge of: S051_SPN_9p8 Avrag00.dat


  Number of points omitted at the end:         193
   *******    Input file(s) : saxs.dat
           Condition P(rmin) = 0 is used. 
           Condition P(rmax) = 0 is used. 

          Highest ALPHA is found to be   0.8009E+03

  The measure of inconsistency AN1 equals to    0.6683E+00
     Alpha    Discrp  Oscill  Stabil  Sysdev  Positv  Valcen    Total   
  0.8009E+06 54.0444  1.5502  0.9576  0.0000  1.0000  0.7614  0.23277
  0.1602E+06 49.6112  1.5137  0.8554  0.0000  1.0000  0.7700  0.24752
  0.3204E+05 38.8779  1.4019  0.6393  0.1455  1.0000  0.8007  0.29513
  0.6407E+04 24.8659  1.2984  0.4571  0.2182  1.0000  0.8548  0.35185
  0.1281E+04 10.7593  1.2954  0.2337  0.1164  1.0000  0.8958  0.38177
  0.2563E+03  3.1779  1.3222  0.0715  0.4364  1.0000  0.9129  0.55229
  0.5126E+02  0.9278  1.3471  0.0182  0.6909  1.0000  0.9170  0.66307
  0.1025E+02  0.5724  1.3579  0.0052  0.7709  1.0000  0.9177  0.69426
  0.2050E+01  0.5391  1.3643  0.0036  0.7709  1.0000  0.9179  0.68561
  0.4101E+00  0.5330  1.3731  0.0049  0.7709  1.0000  0.9180  0.68140
  0.8201E-01  0.5304  1.3948  0.0115  0.7709  1.0000  0.9183  0.67224
  0.1640E-01  0.5272  1.5332  0.0314  0.7709  0.9999  0.9192  0.60962
  0.3281E-02  0.5200  2.6672  0.1014  0.7709  0.9988  0.9195  0.34879
  0.6561E-03  0.5067  6.3550  0.1587  0.7855  0.9866  0.9012  0.26163
  0.1312E-03  0.4991 10.2405  0.2168  0.7855  0.9569  0.8267  0.17522
  0.2624E-04  0.4933 15.8848  0.5449  0.7564  0.8902  0.6093  0.00000

          ***  Golden section search to maximize estimate ***
     Alpha    Discrp  Oscill  Stabil  Sysdev  Positv  Valcen    Total   
  0.1896E+02  0.6267  1.3547  0.0080  0.7782  1.0000  0.9175  0.70516
  0.2772E+02  0.6963  1.3523  0.0108  0.7636  1.0000  0.9174  0.70671
  0.3506E+02  0.7631  1.3505  0.0131  0.7782  1.0000  0.9173  0.70567
  0.2397E+02  0.6650  1.3532  0.0096  0.7636  1.0000  0.9175  0.70574
  0.3032E+02  0.7192  1.3516  0.0116  0.7782  1.0000  0.9173  0.70927
  0.3205E+02  0.7350  1.3512  0.0122  0.7782  1.0000  0.9173  0.70838
  0.2930E+02  0.7101  1.3519  0.0113  0.7636  1.0000  0.9174  0.70654
  0.3097E+02  0.7251  1.3515  0.0118  0.7782  1.0000  0.9173  0.70899
  0.2993E+02  0.7157  1.3517  0.0115  0.7636  1.0000  0.9174  0.70637
  0.3057E+02  0.7215  1.3515  0.0117  0.7782  1.0000  0.9173  0.70917
  0.3017E+02  0.7179  1.3516  0.0116  0.7636  1.0000  0.9173  0.70629
  0.3041E+02  0.7201  1.3516  0.0116  0.7782  1.0000  0.9173  0.70923
  0.3032E+02  0.7192  1.3516  0.0116  0.7782  1.0000  0.9173  0.70927



             ####            Final results            ####

 Parameter    DISCRP    OSCILL    STABIL    SYSDEV    POSITV    VALCEN
 Weight        1.000     3.000     3.000     3.000     1.000     1.000
 Sigma         0.300     0.600     0.120     0.120     0.120     0.120
 Ideal         0.700     1.100     0.000     1.000     1.000     0.950
 Current       0.719     1.352     0.012     0.778     1.000     0.917
                - - - - - - - - - - - - - - - - - - - - - - - - - 
 Estimate      0.996     0.839     0.991     0.033     1.000     0.929

  Angular   range    :     from    0.0000   to    0.4034
  Real space range   :     from      0.00   to    102.78

  Highest ALPHA (theor) :   0.801E+06                 JOB = 0
  Current ALPHA         :   0.303E+02   Rg :  0.302E+02   I(0) :   0.229E+01

           Total  estimate : 0.709  which is  A REASONABLE  solution

      S          J EXP       ERROR       J REG       I REG

  0.0000E+00  0.2274E+01  0.2480E-01  0.2294E+01  0.2294E+01
  0.1228E-01  0.1978E+01  0.2317E+00  0.2191E+01  0.2191E+01
  0.1371E-01  0.2015E+01  0.1594E+00  0.2167E+01  0.2167E+01
  0.1513E-01  0.2025E+01  0.1198E+00  0.2140E+01  0.2140E+01
  0.1656E-01  0.2039E+01  0.1035E+00  0.2110E+01  0.2110E+01
  0.1799E-01  0.2041E+01  0.8605E-01  0.2079E+01  0.2079E+01
  0.1942E-01  0.2022E+01  0.7191E-01  0.2045E+01  0.2045E+01
  0.2084E-01  0.1981E+01  0.6571E-01  0.2010E+01  0.2010E+01
  0.2227E-01  0.1976E+01  0.6011E-01  0.1972E+01  0.1972E+01
  0.2370E-01  0.1918E+01  0.6382E-01  0.1933E+01  0.1933E+01
  0.2513E-01  0.1892E+01  0.4785E-01  0.1893E+01  0.1893E+01
  0.2655E-01  0.1856E+01  0.4411E-01  0.1851E+01  0.1851E+01
  0.2798E-01  0.1821E+01  0.4269E-01  0.1807E+01  0.1807E+01
  0.2941E-01  0.1765E+01  0.3847E-01  0.1762E+01  0.1762E+01
  0.3084E-01  0.1722E+01  0.3468E-01  0.1717E+01  0.1717E+01
  0.3226E-01  0.1692E+01  0.3058E-01  0.1670E+01  0.1670E+01
  0.3369E-01  0.1630E+01  0.3108E-01  0.1623E+01  0.1623E+01
  0.3512E-01  0.1581E+01  0.2917E-01  0.1575E+01  0.1575E+01
  0.3655E-01  0.1544E+01  0.2590E-01  0.1526E+01  0.1526E+01
  0.3797E-01  0.1505E+01  0.2424E-01  0.1477E+01  0.1477E+01
  0.3940E-01  0.1446E+01  0.2158E-01  0.1428E+01  0.1428E+01
  0.4083E-01  0.1386E+01  0.1668E-01  0.1379E+01  0.1379E+01
  0.4226E-01  0.1363E+01  0.8444E-02  0.1330E+01  0.1330E+01
  0.4368E-01  0.1305E+01  0.1027E-01  0.1281E+01  0.1281E+01
  0.4511E-01  0.1253E+01  0.9287E-02  0.1232E+01  0.1232E+01
  0.4654E-01  0.1212E+01  0.6553E-02  0.1184E+01  0.1184E+01
  0.4797E-01  0.1159E+01  0.8186E-02  0.1136E+01  0.1136E+01
  0.4939E-01  0.1101E+01  0.8269E-02  0.1089E+01  0.1089E+01
  0.5082E-01  0.1052E+01  0.7704E-02  0.1042E+01  0.1042E+01
  0.5225E-01  0.1004E+01  0.7792E-02  0.9968E+00  0.9968E+00
  0.5368E-01  0.9593E+00  0.6970E-02  0.9519E+00  0.9519E+00
  0.5510E-01  0.9149E+00  0.6429E-02  0.9081E+00  0.9081E+00
  0.5653E-01  0.8708E+00  0.5831E-02  0.8652E+00  0.8652E+00
  0.5796E-01  0.8380E+00  0.4387E-02  0.8234E+00  0.8234E+00
  0.5939E-01  0.7882E+00  0.5470E-02  0.7828E+00  0.7828E+00
  0.6081E-01  0.7428E+00  0.5215E-02  0.7433E+00  0.7433E+00
  0.6224E-01  0.7072E+00  0.5059E-02  0.7051E+00  0.7051E+00
  0.6367E-01  0.6700E+00  0.4890E-02  0.6681E+00  0.6681E+00
  0.6510E-01  0.6352E+00  0.4727E-02  0.6324E+00  0.6324E+00
  0.6652E-01  0.6009E+00  0.4436E-02  0.5980E+00  0.5980E+00
  0.6795E-01  0.5660E+00  0.3805E-02  0.5650E+00  0.5650E+00
  0.6938E-01  0.5339E+00  0.3749E-02  0.5333E+00  0.5333E+00
  0.7081E-01  0.5019E+00  0.3780E-02  0.5029E+00  0.5029E+00
  0.7224E-01  0.4734E+00  0.3526E-02  0.4738E+00  0.4738E+00
  0.7366E-01  0.4494E+00  0.3029E-02  0.4461E+00  0.4461E+00
  0.7509E-01  0.4278E+00  0.3351E-02  0.4197E+00  0.4197E+00
  0.7652E-01  0.3987E+00  0.3148E-02  0.3946E+00  0.3946E+00
  0.7795E-01  0.3704E+00  0.2769E-02  0.3708E+00  0.3708E+00
  0.7937E-01  0.3509E+00  0.2517E-02  0.3483E+00  0.3483E+00
  0.8080E-01  0.3280E+00  0.2691E-02  0.3269E+00  0.3269E+00
  0.8223E-01  0.3063E+00  0.2623E-02  0.3068E+00  0.3068E+00
  0.8366E-01  0.2859E+00  0.2619E-02  0.2878E+00  0.2878E+00
  0.8508E-01  0.2674E+00  0.2313E-02  0.2700E+00  0.2700E+00
  0.8651E-01  0.2502E+00  0.2346E-02  0.2532E+00  0.2532E+00
  0.8794E-01  0.2363E+00  0.2440E-02  0.2374E+00  0.2374E+00
  0.8937E-01  0.2244E+00  0.2255E-02  0.2227E+00  0.2227E+00
  0.9079E-01  0.2106E+00  0.2247E-02  0.2089E+00  0.2089E+00
  0.9222E-01  0.1954E+00  0.2117E-02  0.1961E+00  0.1961E+00
  0.9365E-01  0.1866E+00  0.1996E-02  0.1841E+00  0.1841E+00
  0.9508E-01  0.1729E+00  0.2000E-02  0.1729E+00  0.1729E+00
  0.9650E-01  0.1628E+00  0.1726E-02  0.1625E+00  0.1625E+00
  0.9793E-01  0.1519E+00  0.1808E-02  0.1528E+00  0.1528E+00
  0.9936E-01  0.1420E+00  0.1917E-02  0.1439E+00  0.1439E+00
  0.1008E+00  0.1336E+00  0.1872E-02  0.1355E+00  0.1355E+00
  0.1022E+00  0.1268E+00  0.1747E-02  0.1278E+00  0.1278E+00
  0.1036E+00  0.1228E+00  0.1788E-02  0.1207E+00  0.1207E+00
  0.1051E+00  0.1129E+00  0.1743E-02  0.1141E+00  0.1141E+00
  0.1065E+00  0.1060E+00  0.1571E-02  0.1079E+00  0.1079E+00
  0.1079E+00  0.9895E-01  0.1509E-02  0.1022E+00  0.1022E+00
  0.1094E+00  0.9584E-01  0.1433E-02  0.9698E-01  0.9698E-01
  0.1108E+00  0.9097E-01  0.1464E-02  0.9209E-01  0.9209E-01
  0.1122E+00  0.8594E-01  0.1436E-02  0.8756E-01  0.8756E-01
  0.1136E+00  0.8319E-01  0.1480E-02  0.8335E-01  0.8335E-01
  0.1151E+00  0.8060E-01  0.1387E-02  0.7944E-01  0.7944E-01
  0.1165E+00  0.7487E-01  0.1379E-02  0.7579E-01  0.7579E-01
  0.1179E+00  0.7215E-01  0.1396E-02  0.7239E-01  0.7239E-01
  0.1193E+00  0.6947E-01  0.1302E-02  0.6921E-01  0.6921E-01
  0.1208E+00  0.6626E-01  0.1284E-02  0.6624E-01  0.6624E-01
  0.1222E+00  0.6443E-01  0.1298E-02  0.6345E-01  0.6345E-01
  0.1236E+00  0.6018E-01  0.1288E-02  0.6082E-01  0.6082E-01
  0.1251E+00  0.5699E-01  0.1299E-02  0.5834E-01  0.5834E-01
  0.1265E+00  0.5541E-01  0.1277E-02  0.5600E-01  0.5600E-01
  0.1279E+00  0.5420E-01  0.1266E-02  0.5379E-01  0.5379E-01
  0.1293E+00  0.5151E-01  0.1215E-02  0.5168E-01  0.5168E-01
  0.1308E+00  0.4957E-01  0.1227E-02  0.4967E-01  0.4967E-01
  0.1322E+00  0.4814E-01  0.1212E-02  0.4776E-01  0.4776E-01
  0.1336E+00  0.4684E-01  0.1156E-02  0.4594E-01  0.4594E-01
  0.1350E+00  0.4238E-01  0.1177E-02  0.4419E-01  0.4419E-01
  0.1365E+00  0.4211E-01  0.1227E-02  0.4251E-01  0.4251E-01
  0.1379E+00  0.4068E-01  0.1182E-02  0.4090E-01  0.4090E-01
  0.1393E+00  0.4046E-01  0.1199E-02  0.3935E-01  0.3935E-01
  0.1408E+00  0.3708E-01  0.1160E-02  0.3786E-01  0.3786E-01
  0.1422E+00  0.3706E-01  0.1180E-02  0.3643E-01  0.3643E-01
  0.1436E+00  0.3448E-01  0.1166E-02  0.3505E-01  0.3505E-01
  0.1450E+00  0.3354E-01  0.1143E-02  0.3372E-01  0.3372E-01
  0.1465E+00  0.3286E-01  0.1158E-02  0.3243E-01  0.3243E-01
  0.1479E+00  0.3243E-01  0.1177E-02  0.3120E-01  0.3120E-01
  0.1493E+00  0.2820E-01  0.1200E-02  0.3001E-01  0.3001E-01
  0.1507E+00  0.2939E-01  0.1186E-02  0.2887E-01  0.2887E-01
  0.1522E+00  0.2808E-01  0.1175E-02  0.2777E-01  0.2777E-01
  0.1536E+00  0.2609E-01  0.1195E-02  0.2671E-01  0.2671E-01
  0.1550E+00  0.2581E-01  0.1202E-02  0.2570E-01  0.2570E-01
  0.1565E+00  0.2541E-01  0.1187E-02  0.2473E-01  0.2473E-01
  0.1579E+00  0.2303E-01  0.1178E-02  0.2379E-01  0.2379E-01
  0.1593E+00  0.2232E-01  0.1207E-02  0.2290E-01  0.2290E-01
  0.1607E+00  0.2352E-01  0.1137E-02  0.2205E-01  0.2205E-01
  0.1622E+00  0.2146E-01  0.1122E-02  0.2124E-01  0.2124E-01
  0.1636E+00  0.2101E-01  0.1147E-02  0.2047E-01  0.2047E-01
  0.1650E+00  0.1974E-01  0.1216E-02  0.1974E-01  0.1974E-01
  0.1665E+00  0.1784E-01  0.1195E-02  0.1904E-01  0.1904E-01
  0.1679E+00  0.1758E-01  0.1169E-02  0.1838E-01  0.1838E-01
  0.1693E+00  0.1659E-01  0.1184E-02  0.1776E-01  0.1776E-01
  0.1707E+00  0.1562E-01  0.1185E-02  0.1717E-01  0.1717E-01
  0.1722E+00  0.1534E-01  0.1203E-02  0.1661E-01  0.1661E-01
  0.1736E+00  0.1639E-01  0.1193E-02  0.1608E-01  0.1608E-01
  0.1750E+00  0.1434E-01  0.1182E-02  0.1559E-01  0.1559E-01
  0.1764E+00  0.1726E-01  0.1194E-02  0.1512E-01  0.1512E-01
  0.1779E+00  0.1547E-01  0.1201E-02  0.1469E-01  0.1469E-01
  0.1793E+00  0.1485E-01  0.1219E-02  0.1428E-01  0.1428E-01
  0.1807E+00  0.1162E-01  0.1245E-02  0.1390E-01  0.1390E-01
  0.1822E+00  0.1204E-01  0.1208E-02  0.1354E-01  0.1354E-01
  0.1836E+00  0.1180E-01  0.1206E-02  0.1320E-01  0.1320E-01
  0.1850E+00  0.1279E-01  0.1232E-02  0.1289E-01  0.1289E-01
  0.1864E+00  0.1266E-01  0.1221E-02  0.1259E-01  0.1259E-01
  0.1879E+00  0.1207E-01  0.1225E-02  0.1232E-01  0.1232E-01
  0.1893E+00  0.1185E-01  0.1218E-02  0.1207E-01  0.1207E-01
  0.1907E+00  0.1199E-01  0.1235E-02  0.1183E-01  0.1183E-01
  0.1921E+00  0.1356E-01  0.1184E-02  0.1161E-01  0.1161E-01
  0.1936E+00  0.1169E-01  0.1216E-02  0.1140E-01  0.1140E-01
  0.1950E+00  0.1137E-01  0.1218E-02  0.1120E-01  0.1120E-01
  0.1964E+00  0.1057E-01  0.1241E-02  0.1102E-01  0.1102E-01
  0.1979E+00  0.1042E-01  0.1228E-02  0.1085E-01  0.1085E-01
  0.1993E+00  0.9162E-02  0.1239E-02  0.1069E-01  0.1069E-01
  0.2007E+00  0.9156E-02  0.1222E-02  0.1054E-01  0.1054E-01
  0.2021E+00  0.1123E-01  0.1219E-02  0.1040E-01  0.1040E-01
  0.2036E+00  0.1129E-01  0.1284E-02  0.1027E-01  0.1027E-01
  0.2050E+00  0.1002E-01  0.1214E-02  0.1014E-01  0.1014E-01
  0.2064E+00  0.8586E-02  0.1233E-02  0.1002E-01  0.1002E-01
  0.2079E+00  0.9652E-02  0.1279E-02  0.9904E-02  0.9904E-02
  0.2093E+00  0.1006E-01  0.1248E-02  0.9795E-02  0.9795E-02
  0.2107E+00  0.9494E-02  0.1213E-02  0.9690E-02  0.9690E-02
  0.2121E+00  0.1030E-01  0.1203E-02  0.9590E-02  0.9590E-02
  0.2136E+00  0.9217E-02  0.1254E-02  0.9493E-02  0.9493E-02
  0.2150E+00  0.1036E-01  0.1243E-02  0.9400E-02  0.9400E-02
  0.2164E+00  0.8218E-02  0.1273E-02  0.9310E-02  0.9310E-02
  0.2178E+00  0.8175E-02  0.1280E-02  0.9223E-02  0.9223E-02
  0.2193E+00  0.1064E-01  0.1253E-02  0.9138E-02  0.9138E-02
  0.2207E+00  0.1001E-01  0.1247E-02  0.9056E-02  0.9056E-02
  0.2221E+00  0.9408E-02  0.1212E-02  0.8976E-02  0.8976E-02
  0.2236E+00  0.7932E-02  0.1240E-02  0.8898E-02  0.8898E-02
  0.2250E+00  0.7340E-02  0.1262E-02  0.8822E-02  0.8822E-02
  0.2264E+00  0.8482E-02  0.1231E-02  0.8748E-02  0.8748E-02
  0.2278E+00  0.9360E-02  0.1242E-02  0.8675E-02  0.8675E-02
  0.2293E+00  0.9363E-02  0.1244E-02  0.8605E-02  0.8605E-02
  0.2307E+00  0.7381E-02  0.1242E-02  0.8537E-02  0.8537E-02
  0.2321E+00  0.7125E-02  0.1224E-02  0.8470E-02  0.8470E-02
  0.2335E+00  0.8232E-02  0.1249E-02  0.8406E-02  0.8406E-02
  0.2350E+00  0.7404E-02  0.1215E-02  0.8343E-02  0.8343E-02
  0.2364E+00  0.7254E-02  0.1240E-02  0.8283E-02  0.8283E-02
  0.2378E+00  0.9256E-02  0.1233E-02  0.8225E-02  0.8225E-02
  0.2393E+00  0.7699E-02  0.1218E-02  0.8169E-02  0.8169E-02
  0.2407E+00  0.8613E-02  0.1258E-02  0.8116E-02  0.8116E-02
  0.2421E+00  0.9903E-02  0.1297E-02  0.8065E-02  0.8065E-02
  0.2435E+00  0.9073E-02  0.1228E-02  0.8018E-02  0.8018E-02
  0.2450E+00  0.6386E-02  0.1235E-02  0.7973E-02  0.7973E-02
  0.2464E+00  0.7094E-02  0.1208E-02  0.7931E-02  0.7931E-02
  0.2478E+00  0.8231E-02  0.1186E-02  0.7893E-02  0.7893E-02
  0.2492E+00  0.8231E-02  0.1201E-02  0.7857E-02  0.7857E-02
  0.2507E+00  0.8026E-02  0.1201E-02  0.7825E-02  0.7825E-02
  0.2521E+00  0.7202E-02  0.1208E-02  0.7796E-02  0.7796E-02
  0.2535E+00  0.6820E-02  0.1190E-02  0.7771E-02  0.7771E-02
  0.2550E+00  0.6574E-02  0.1205E-02  0.7749E-02  0.7749E-02
  0.2564E+00  0.7504E-02  0.1235E-02  0.7730E-02  0.7730E-02
  0.2578E+00  0.9182E-02  0.1223E-02  0.7716E-02  0.7716E-02
  0.2592E+00  0.8347E-02  0.1199E-02  0.7704E-02  0.7704E-02
  0.2607E+00  0.8028E-02  0.1228E-02  0.7696E-02  0.7696E-02
  0.2621E+00  0.5925E-02  0.1250E-02  0.7691E-02  0.7691E-02
  0.2635E+00  0.4963E-02  0.1270E-02  0.7690E-02  0.7690E-02
  0.2650E+00  0.6718E-02  0.1245E-02  0.7692E-02  0.7692E-02
  0.2664E+00  0.8766E-02  0.1270E-02  0.7696E-02  0.7696E-02
  0.2678E+00  0.9568E-02  0.1234E-02  0.7704E-02  0.7704E-02
  0.2692E+00  0.6633E-02  0.1234E-02  0.7714E-02  0.7714E-02
  0.2707E+00  0.6933E-02  0.1225E-02  0.7727E-02  0.7727E-02
  0.2721E+00  0.8894E-02  0.1234E-02  0.7742E-02  0.7742E-02
  0.2735E+00  0.7983E-02  0.1240E-02  0.7758E-02  0.7758E-02
  0.2749E+00  0.5499E-02  0.1242E-02  0.7778E-02  0.7778E-02
  0.2764E+00  0.7829E-02  0.1244E-02  0.7797E-02  0.7797E-02
  0.2778E+00  0.7313E-02  0.1214E-02  0.7818E-02  0.7818E-02
  0.2792E+00  0.7696E-02  0.1219E-02  0.7840E-02  0.7840E-02
  0.2807E+00  0.8065E-02  0.1244E-02  0.7863E-02  0.7863E-02
  0.2821E+00  0.8440E-02  0.1222E-02  0.7885E-02  0.7885E-02
  0.2835E+00  0.7064E-02  0.1239E-02  0.7908E-02  0.7908E-02
  0.2849E+00  0.6601E-02  0.1235E-02  0.7930E-02  0.7930E-02
  0.2864E+00  0.8205E-02  0.1241E-02  0.7952E-02  0.7952E-02
  0.2878E+00  0.7079E-02  0.1273E-02  0.7972E-02  0.7972E-02
  0.2892E+00  0.6490E-02  0.1225E-02  0.7992E-02  0.7992E-02
  0.2906E+00  0.1079E-01  0.1241E-02  0.8009E-02  0.8009E-02
  0.2921E+00  0.8593E-02  0.1272E-02  0.8025E-02  0.8025E-02
  0.2935E+00  0.7894E-02  0.1256E-02  0.8039E-02  0.8039E-02
  0.2949E+00  0.8004E-02  0.1239E-02  0.8051E-02  0.8051E-02
  0.2964E+00  0.8632E-02  0.1202E-02  0.8060E-02  0.8060E-02
  0.2978E+00  0.8906E-02  0.1234E-02  0.8066E-02  0.8066E-02
  0.2992E+00  0.8973E-02  0.1274E-02  0.8069E-02  0.8069E-02
  0.3006E+00  0.9193E-02  0.1281E-02  0.8070E-02  0.8070E-02
  0.3021E+00  0.9780E-02  0.1233E-02  0.8068E-02  0.8068E-02
  0.3035E+00  0.8049E-02  0.1209E-02  0.8062E-02  0.8062E-02
  0.3049E+00  0.7083E-02  0.1238E-02  0.8054E-02  0.8054E-02
  0.3063E+00  0.7218E-02  0.1293E-02  0.8042E-02  0.8042E-02
  0.3078E+00  0.9370E-02  0.1286E-02  0.8027E-02  0.8027E-02
  0.3092E+00  0.9717E-02  0.1255E-02  0.8009E-02  0.8009E-02
  0.3106E+00  0.9185E-02  0.1273E-02  0.7988E-02  0.7988E-02
  0.3121E+00  0.6709E-02  0.1254E-02  0.7964E-02  0.7964E-02
  0.3135E+00  0.7862E-02  0.1237E-02  0.7938E-02  0.7938E-02
  0.3149E+00  0.8570E-02  0.1263E-02  0.7909E-02  0.7909E-02
  0.3163E+00  0.8407E-02  0.1266E-02  0.7877E-02  0.7877E-02
  0.3178E+00  0.7588E-02  0.1239E-02  0.7843E-02  0.7843E-02
  0.3192E+00  0.8893E-02  0.1234E-02  0.7807E-02  0.7807E-02
  0.3206E+00  0.7710E-02  0.1273E-02  0.7769E-02  0.7769E-02
  0.3221E+00  0.7790E-02  0.1249E-02  0.7730E-02  0.7730E-02
  0.3235E+00  0.8897E-02  0.1246E-02  0.7689E-02  0.7689E-02
  0.3249E+00  0.7882E-02  0.1282E-02  0.7646E-02  0.7646E-02
  0.3263E+00  0.9011E-02  0.1271E-02  0.7603E-02  0.7603E-02
  0.3278E+00  0.8886E-02  0.1266E-02  0.7559E-02  0.7559E-02
  0.3292E+00  0.8194E-02  0.1261E-02  0.7515E-02  0.7515E-02
  0.3306E+00  0.7566E-02  0.1245E-02  0.7470E-02  0.7470E-02
  0.3320E+00  0.6453E-02  0.1232E-02  0.7425E-02  0.7425E-02
  0.3335E+00  0.9678E-02  0.1264E-02  0.7381E-02  0.7381E-02
  0.3349E+00  0.7358E-02  0.1276E-02  0.7336E-02  0.7336E-02
  0.3363E+00  0.6447E-02  0.1198E-02  0.7293E-02  0.7293E-02
  0.3378E+00  0.7708E-02  0.1162E-02  0.7250E-02  0.7250E-02
  0.3392E+00  0.6203E-02  0.1166E-02  0.7208E-02  0.7208E-02
  0.3406E+00  0.5366E-02  0.1171E-02  0.7167E-02  0.7167E-02
  0.3420E+00  0.6463E-02  0.1193E-02  0.7127E-02  0.7127E-02
  0.3435E+00  0.5891E-02  0.1224E-02  0.7088E-02  0.7088E-02
  0.3449E+00  0.7279E-02  0.1204E-02  0.7050E-02  0.7050E-02
  0.3463E+00  0.6511E-02  0.1207E-02  0.7014E-02  0.7014E-02
  0.3477E+00  0.5623E-02  0.1215E-02  0.6979E-02  0.6979E-02
  0.3492E+00  0.5955E-02  0.1214E-02  0.6946E-02  0.6946E-02
  0.3506E+00  0.8502E-02  0.1211E-02  0.6914E-02  0.6914E-02
  0.3520E+00  0.7138E-02  0.1224E-02  0.6884E-02  0.6884E-02
  0.3535E+00  0.5865E-02  0.1228E-02  0.6854E-02  0.6854E-02
  0.3549E+00  0.6705E-02  0.1251E-02  0.6826E-02  0.6826E-02
  0.3563E+00  0.6934E-02  0.1235E-02  0.6799E-02  0.6799E-02
  0.3577E+00  0.7133E-02  0.1228E-02  0.6774E-02  0.6774E-02
  0.3592E+00  0.6784E-02  0.1266E-02  0.6749E-02  0.6749E-02
  0.3606E+00  0.6838E-02  0.1223E-02  0.6726E-02  0.6726E-02
  0.3620E+00  0.6196E-02  0.1241E-02  0.6703E-02  0.6703E-02
  0.3635E+00  0.4703E-02  0.1213E-02  0.6681E-02  0.6681E-02
  0.3649E+00  0.5161E-02  0.1222E-02  0.6659E-02  0.6659E-02
  0.3663E+00  0.7360E-02  0.1282E-02  0.6638E-02  0.6638E-02
  0.3677E+00  0.6990E-02  0.1287E-02  0.6617E-02  0.6617E-02
  0.3692E+00  0.8321E-02  0.1230E-02  0.6596E-02  0.6596E-02
  0.3706E+00  0.7095E-02  0.1242E-02  0.6576E-02  0.6576E-02
  0.3720E+00  0.8386E-02  0.1249E-02  0.6555E-02  0.6555E-02
  0.3734E+00  0.8277E-02  0.1291E-02  0.6534E-02  0.6534E-02
  0.3749E+00  0.8732E-02  0.1268E-02  0.6513E-02  0.6513E-02
  0.3763E+00  0.6151E-02  0.1269E-02  0.6491E-02  0.6491E-02
  0.3777E+00  0.5888E-02  0.1242E-02  0.6469E-02  0.6469E-02
  0.3792E+00  0.7353E-02  0.1261E-02  0.6447E-02  0.6447E-02
  0.3806E+00  0.4998E-02  0.1241E-02  0.6423E-02  0.6423E-02
  0.3820E+00  0.5233E-02  0.1229E-02  0.6399E-02  0.6399E-02
  0.3834E+00  0.8043E-02  0.1268E-02  0.6374E-02  0.6374E-02
  0.3849E+00  0.6558E-02  0.1283E-02  0.6348E-02  0.6348E-02
  0.3863E+00  0.5140E-02  0.1231E-02  0.6321E-02  0.6321E-02
  0.3877E+00  0.5072E-02  0.1227E-02  0.6294E-02  0.6294E-02
  0.3891E+00  0.6406E-02  0.1232E-02  0.6266E-02  0.6266E-02
  0.3906E+00  0.4824E-02  0.1216E-02  0.6236E-02  0.6236E-02
  0.3920E+00  0.4871E-02  0.1243E-02  0.6206E-02  0.6206E-02
  0.3934E+00  0.6268E-02  0.1242E-02  0.6175E-02  0.6175E-02
  0.3949E+00  0.8221E-02  0.1262E-02  0.6143E-02  0.6143E-02
  0.3963E+00  0.6995E-02  0.1267E-02  0.6110E-02  0.6110E-02
  0.3977E+00  0.8437E-02  0.1228E-02  0.6076E-02  0.6076E-02
  0.3991E+00  0.9314E-02  0.1244E-02  0.6042E-02  0.6042E-02
  0.4006E+00  0.8111E-02  0.1254E-02  0.6006E-02  0.6006E-02
  0.4020E+00  0.7771E-02  0.1243E-02  0.5971E-02  0.5971E-02
  0.4034E+00  0.6196E-02  0.1215E-02  0.5934E-02  0.5934E-02

           Distance distribution  function of particle  


       R          P(R)      ERROR

  0.0000E+00  0.0000E+00  0.0000E+00
  0.1028E+01  0.8011E-04  0.1611E-05
  0.2056E+01  0.1602E-03  0.2339E-05
  0.3083E+01  0.2416E-03  0.2325E-05
  0.4111E+01  0.3265E-03  0.1809E-05
  0.5139E+01  0.4177E-03  0.1256E-05
  0.6167E+01  0.5181E-03  0.1473E-05
  0.7195E+01  0.6302E-03  0.2266E-05
  0.8222E+01  0.7563E-03  0.3001E-05
  0.9250E+01  0.8977E-03  0.3456E-05
  0.1028E+02  0.1055E-02  0.3592E-05
  0.1131E+02  0.1227E-02  0.3502E-05
  0.1233E+02  0.1412E-02  0.3385E-05
  0.1336E+02  0.1608E-02  0.3470E-05
  0.1439E+02  0.1812E-02  0.3837E-05
  0.1542E+02  0.2019E-02  0.4355E-05
  0.1644E+02  0.2225E-02  0.4833E-05
  0.1747E+02  0.2427E-02  0.5143E-05
  0.1850E+02  0.2621E-02  0.5257E-05
  0.1953E+02  0.2805E-02  0.5245E-05
  0.2056E+02  0.2976E-02  0.5250E-05
  0.2158E+02  0.3134E-02  0.5414E-05
  0.2261E+02  0.3277E-02  0.5793E-05
  0.2364E+02  0.3406E-02  0.6318E-05
  0.2467E+02  0.3520E-02  0.6859E-05
  0.2570E+02  0.3621E-02  0.7306E-05
  0.2672E+02  0.3709E-02  0.7604E-05
  0.2775E+02  0.3785E-02  0.7764E-05
  0.2878E+02  0.3849E-02  0.7849E-05
  0.2981E+02  0.3903E-02  0.7941E-05
  0.3083E+02  0.3946E-02  0.8107E-05
  0.3186E+02  0.3979E-02  0.8375E-05
  0.3289E+02  0.4001E-02  0.8728E-05
  0.3392E+02  0.4014E-02  0.9134E-05
  0.3495E+02  0.4016E-02  0.9568E-05
  0.3597E+02  0.4009E-02  0.1002E-04
  0.3700E+02  0.3992E-02  0.1051E-04
  0.3803E+02  0.3967E-02  0.1104E-04
  0.3906E+02  0.3932E-02  0.1162E-04
  0.4008E+02  0.3890E-02  0.1221E-04
  0.4111E+02  0.3840E-02  0.1279E-04
  0.4214E+02  0.3783E-02  0.1334E-04
  0.4317E+02  0.3719E-02  0.1381E-04
  0.4420E+02  0.3649E-02  0.1421E-04
  0.4522E+02  0.3571E-02  0.1451E-04
  0.4625E+02  0.3487E-02  0.1472E-04
  0.4728E+02  0.3397E-02  0.1484E-04
  0.4831E+02  0.3301E-02  0.1486E-04
  0.4933E+02  0.3199E-02  0.1481E-04
  0.5036E+02  0.3092E-02  0.1470E-04
  0.5139E+02  0.2981E-02  0.1459E-04
  0.5242E+02  0.2866E-02  0.1450E-04
  0.5345E+02  0.2749E-02  0.1448E-04
  0.5447E+02  0.2631E-02  0.1456E-04
  0.5550E+02  0.2512E-02  0.1471E-04
  0.5653E+02  0.2394E-02  0.1495E-04
  0.5756E+02  0.2278E-02  0.1524E-04
  0.5858E+02  0.2163E-02  0.1559E-04
  0.5961E+02  0.2050E-02  0.1602E-04
  0.6064E+02  0.1939E-02  0.1652E-04
  0.6167E+02  0.1831E-02  0.1711E-04
  0.6270E+02  0.1723E-02  0.1774E-04
  0.6372E+02  0.1617E-02  0.1839E-04
  0.6475E+02  0.1512E-02  0.1899E-04
  0.6578E+02  0.1408E-02  0.1948E-04
  0.6681E+02  0.1304E-02  0.1982E-04
  0.6783E+02  0.1201E-02  0.2000E-04
  0.6886E+02  0.1100E-02  0.2001E-04
  0.6989E+02  0.1001E-02  0.1989E-04
  0.7092E+02  0.9047E-03  0.1968E-04
  0.7195E+02  0.8128E-03  0.1941E-04
  0.7297E+02  0.7259E-03  0.1913E-04
  0.7400E+02  0.6448E-03  0.1885E-04
  0.7503E+02  0.5701E-03  0.1861E-04
  0.7606E+02  0.5022E-03  0.1840E-04
  0.7709E+02  0.4411E-03  0.1824E-04
  0.7811E+02  0.3868E-03  0.1813E-04
  0.7914E+02  0.3387E-03  0.1808E-04
  0.8017E+02  0.2963E-03  0.1808E-04
  0.8120E+02  0.2589E-03  0.1813E-04
  0.8222E+02  0.2258E-03  0.1820E-04
  0.8325E+02  0.1962E-03  0.1828E-04
  0.8428E+02  0.1695E-03  0.1836E-04
  0.8531E+02  0.1452E-03  0.1842E-04
  0.8634E+02  0.1231E-03  0.1845E-04
  0.8736E+02  0.1028E-03  0.1845E-04
  0.8839E+02  0.8437E-04  0.1841E-04
  0.8942E+02  0.6779E-04  0.1836E-04
  0.9045E+02  0.5313E-04  0.1829E-04
  0.9147E+02  0.4044E-04  0.1822E-04
  0.9250E+02  0.2977E-04  0.1815E-04
  0.9353E+02  0.2109E-04  0.1802E-04
  0.9456E+02  0.1429E-04  0.1779E-04
  0.9559E+02  0.9216E-05  0.1736E-04
  0.9661E+02  0.5625E-05  0.1662E-04
  0.9764E+02  0.3244E-05  0.1545E-04
  0.9867E+02  0.1782E-05  0.1375E-04
  0.9970E+02  0.9548E-06  0.1143E-04
  0.1007E+03  0.5087E-06  0.8404E-05
  0.1018E+03  0.2389E-06  0.4610E-05
  0.1028E+03  0.0000E+00  0.0000E+00
          Reciprocal space: Rg =   30.24     , I(0) =   0.2294E+01
     Real space: Rg =   30.21 +- 0.139  I(0) =   0.2294E+01 +-  0.1254E-01
