xray_ali  Dro:0.045  Ra:1.800  RGE:40.23  RGT:39.82  Vol:122873.  Chi:1.163
  0.000000E+00  0.545256E+01  0.552723E+02
  0.200000E-02  0.545256E+01  0.551434E+02
  0.400000E-02  0.545256E+01  0.547858E+02
  0.600000E-02  0.545256E+01  0.542023E+02
  0.800000E-02  0.545256E+01  0.533989E+02
  0.100000E-01  0.545256E+01  0.523841E+02
  0.120000E-01  0.545256E+01  0.511699E+02
  0.140000E-01  0.545256E+01  0.497745E+02
  0.145291E-01  0.545256E+02  0.493775E+02
  0.147975E-01  0.537554E+02  0.491720E+02
  0.150659E-01  0.535522E+02  0.489637E+02
  0.153343E-01  0.540431E+02  0.487527E+02
  0.156027E-01  0.524916E+02  0.485390E+02
  0.158711E-01  0.533758E+02  0.483228E+02
  0.161395E-01  0.537919E+02  0.481040E+02
  0.164079E-01  0.515992E+02  0.478828E+02
  0.166762E-01  0.514663E+02  0.476592E+02
  0.169446E-01  0.514225E+02  0.474331E+02
  0.172130E-01  0.511004E+02  0.472047E+02
  0.174814E-01  0.502768E+02  0.469740E+02
  0.177498E-01  0.500276E+02  0.467411E+02
  0.180182E-01  0.498401E+02  0.465061E+02
  0.182866E-01  0.496849E+02  0.462689E+02
  0.185550E-01  0.491513E+02  0.460296E+02
  0.188234E-01  0.487517E+02  0.457884E+02
  0.190918E-01  0.486448E+02  0.455452E+02
  0.193602E-01  0.487158E+02  0.453001E+02
  0.196286E-01  0.488859E+02  0.450532E+02
  0.198970E-01  0.477637E+02  0.448044E+02
  0.201654E-01  0.472139E+02  0.445540E+02
  0.204337E-01  0.469348E+02  0.443019E+02
  0.207021E-01  0.457953E+02  0.440481E+02
  0.209705E-01  0.457180E+02  0.437928E+02
  0.212389E-01  0.459520E+02  0.435359E+02
  0.215073E-01  0.456331E+02  0.432777E+02
  0.217757E-01  0.458414E+02  0.430180E+02
  0.220441E-01  0.451080E+02  0.427570E+02
  0.223125E-01  0.443684E+02  0.424948E+02
  0.225809E-01  0.437416E+02  0.422313E+02
  0.228493E-01  0.436451E+02  0.419667E+02
  0.231177E-01  0.436522E+02  0.417010E+02
  0.233861E-01  0.428250E+02  0.414342E+02
  0.236545E-01  0.426183E+02  0.411665E+02
  0.239229E-01  0.423337E+02  0.408979E+02
  0.241913E-01  0.419268E+02  0.406284E+02
  0.244596E-01  0.416065E+02  0.403582E+02
  0.247280E-01  0.413437E+02  0.400871E+02
  0.249964E-01  0.408643E+02  0.398153E+02
  0.252648E-01  0.410898E+02  0.395429E+02
  0.255332E-01  0.404990E+02  0.392699E+02
  0.258016E-01  0.402733E+02  0.389963E+02
  0.260700E-01  0.398392E+02  0.387223E+02
  0.263384E-01  0.393716E+02  0.384478E+02
  0.266068E-01  0.388928E+02  0.381729E+02
  0.268752E-01  0.389006E+02  0.378976E+02
  0.271436E-01  0.383349E+02  0.376221E+02
  0.274120E-01  0.381093E+02  0.373463E+02
  0.276804E-01  0.378371E+02  0.370704E+02
  0.279488E-01  0.373728E+02  0.367943E+02
  0.282171E-01  0.373332E+02  0.365181E+02
  0.284855E-01  0.368614E+02  0.362419E+02
  0.287539E-01  0.366593E+02  0.359656E+02
  0.290223E-01  0.364736E+02  0.356894E+02
  0.292907E-01  0.361737E+02  0.354132E+02
  0.295591E-01  0.359483E+02  0.351372E+02
  0.298275E-01  0.357787E+02  0.348613E+02
  0.300959E-01  0.355567E+02  0.345857E+02
  0.303643E-01  0.351203E+02  0.343103E+02
  0.306327E-01  0.352344E+02  0.340352E+02
  0.309011E-01  0.345930E+02  0.337605E+02
  0.311695E-01  0.342141E+02  0.334862E+02
  0.314379E-01  0.340498E+02  0.332124E+02
  0.317063E-01  0.334780E+02  0.329390E+02
  0.319746E-01  0.331729E+02  0.326663E+02
  0.322430E-01  0.329170E+02  0.323942E+02
  0.325114E-01  0.326943E+02  0.321226E+02
  0.327798E-01  0.325030E+02  0.318518E+02
  0.330482E-01  0.321057E+02  0.315817E+02
  0.333166E-01  0.319528E+02  0.313124E+02
  0.335850E-01  0.317453E+02  0.310438E+02
  0.338534E-01  0.312132E+02  0.307762E+02
  0.341218E-01  0.309068E+02  0.305094E+02
  0.343902E-01  0.307434E+02  0.302436E+02
  0.346586E-01  0.308440E+02  0.299787E+02
  0.349270E-01  0.302454E+02  0.297149E+02
  0.351954E-01  0.297603E+02  0.294521E+02
  0.354638E-01  0.295626E+02  0.291903E+02
  0.357322E-01  0.294307E+02  0.289297E+02
  0.360005E-01  0.290901E+02  0.286703E+02
  0.362689E-01  0.289040E+02  0.284120E+02
  0.365373E-01  0.285394E+02  0.281549E+02
  0.368057E-01  0.281975E+02  0.278990E+02
  0.370741E-01  0.279440E+02  0.276443E+02
  0.373425E-01  0.275348E+02  0.273910E+02
  0.376109E-01  0.272248E+02  0.271389E+02
  0.378793E-01  0.272602E+02  0.268882E+02
  0.381477E-01  0.268919E+02  0.266389E+02
  0.384161E-01  0.265446E+02  0.263909E+02
  0.386845E-01  0.262250E+02  0.261444E+02
  0.389529E-01  0.260659E+02  0.258993E+02
  0.392213E-01  0.256536E+02  0.256556E+02
  0.394897E-01  0.255901E+02  0.254134E+02
  0.397580E-01  0.251910E+02  0.251728E+02
  0.400264E-01  0.250893E+02  0.249336E+02
  0.402948E-01  0.249268E+02  0.246959E+02
  0.405632E-01  0.245445E+02  0.244597E+02
  0.408316E-01  0.240663E+02  0.242252E+02
  0.411000E-01  0.236984E+02  0.239922E+02
  0.413684E-01  0.236391E+02  0.237609E+02
  0.416368E-01  0.233226E+02  0.235312E+02
  0.419052E-01  0.232538E+02  0.233031E+02
  0.421736E-01  0.226900E+02  0.230767E+02
  0.424420E-01  0.224163E+02  0.228520E+02
  0.427104E-01  0.222019E+02  0.226290E+02
  0.429788E-01  0.220920E+02  0.224077E+02
  0.432472E-01  0.219172E+02  0.221882E+02
  0.435155E-01  0.218145E+02  0.219705E+02
  0.437839E-01  0.216397E+02  0.217544E+02
  0.440523E-01  0.213275E+02  0.215402E+02
  0.443207E-01  0.209690E+02  0.213277E+02
  0.445891E-01  0.210647E+02  0.211170E+02
  0.448575E-01  0.204986E+02  0.209081E+02
  0.451259E-01  0.204291E+02  0.207010E+02
  0.453943E-01  0.202683E+02  0.204957E+02
  0.456627E-01  0.200656E+02  0.202923E+02
  0.459311E-01  0.196794E+02  0.200906E+02
  0.461995E-01  0.196971E+02  0.198908E+02
  0.464679E-01  0.195307E+02  0.196929E+02
  0.467363E-01  0.191071E+02  0.194968E+02
  0.470047E-01  0.189111E+02  0.193025E+02
  0.472731E-01  0.187230E+02  0.191101E+02
  0.475414E-01  0.185498E+02  0.189196E+02
  0.478098E-01  0.182373E+02  0.187309E+02
  0.480782E-01  0.181191E+02  0.185440E+02
  0.483466E-01  0.178100E+02  0.183590E+02
  0.486150E-01  0.176600E+02  0.181759E+02
  0.488834E-01  0.176801E+02  0.179946E+02
  0.491518E-01  0.176533E+02  0.178151E+02
  0.494202E-01  0.173248E+02  0.176375E+02
  0.496886E-01  0.171554E+02  0.174617E+02
  0.499570E-01  0.168402E+02  0.172878E+02
  0.502254E-01  0.166737E+02  0.171157E+02
  0.504938E-01  0.164861E+02  0.169455E+02
  0.507622E-01  0.163963E+02  0.167771E+02
  0.510306E-01  0.161614E+02  0.166105E+02
  0.512989E-01  0.162162E+02  0.164457E+02
  0.515673E-01  0.158785E+02  0.162828E+02
  0.518357E-01  0.157320E+02  0.161216E+02
  0.521041E-01  0.157134E+02  0.159621E+02
  0.523725E-01  0.153968E+02  0.158045E+02
  0.526409E-01  0.153323E+02  0.156486E+02
  0.529093E-01  0.151514E+02  0.154945E+02
  0.531777E-01  0.150292E+02  0.153421E+02
  0.534461E-01  0.148640E+02  0.151915E+02
  0.537145E-01  0.145726E+02  0.150426E+02
  0.539829E-01  0.143793E+02  0.148954E+02
  0.542513E-01  0.141569E+02  0.147499E+02
  0.545197E-01  0.140746E+02  0.146062E+02
  0.547881E-01  0.141356E+02  0.144641E+02
  0.550564E-01  0.140799E+02  0.143237E+02
  0.553248E-01  0.136341E+02  0.141849E+02
  0.555932E-01  0.135291E+02  0.140478E+02
  0.558616E-01  0.134489E+02  0.139123E+02
  0.561300E-01  0.132383E+02  0.137785E+02
  0.563984E-01  0.131409E+02  0.136463E+02
  0.566668E-01  0.130457E+02  0.135157E+02
  0.569352E-01  0.129295E+02  0.133867E+02
  0.572036E-01  0.128894E+02  0.132592E+02
  0.574720E-01  0.125334E+02  0.131334E+02
  0.577404E-01  0.123960E+02  0.130091E+02
  0.580088E-01  0.125047E+02  0.128864E+02
  0.582772E-01  0.123047E+02  0.127651E+02
  0.585456E-01  0.121625E+02  0.126455E+02
  0.588140E-01  0.121853E+02  0.125273E+02
  0.590823E-01  0.120120E+02  0.124107E+02
  0.593507E-01  0.118895E+02  0.122955E+02
  0.596191E-01  0.118263E+02  0.121818E+02
  0.598875E-01  0.119644E+02  0.120696E+02
  0.601559E-01  0.116952E+02  0.119588E+02
  0.604243E-01  0.116323E+02  0.118495E+02
  0.606927E-01  0.114540E+02  0.117416E+02
  0.609611E-01  0.112376E+02  0.116351E+02
  0.612295E-01  0.111813E+02  0.115299E+02
  0.614979E-01  0.111235E+02  0.114261E+02
  0.617663E-01  0.110426E+02  0.113237E+02
  0.620347E-01  0.109206E+02  0.112225E+02
  0.623031E-01  0.107948E+02  0.111227E+02
  0.625715E-01  0.107319E+02  0.110241E+02
  0.628398E-01  0.105917E+02  0.109268E+02
  0.631082E-01  0.104894E+02  0.108307E+02
  0.633766E-01  0.104028E+02  0.107358E+02
  0.636450E-01  0.103260E+02  0.106421E+02
  0.639134E-01  0.102362E+02  0.105496E+02
  0.641818E-01  0.101338E+02  0.104583E+02
  0.644502E-01  0.102033E+02  0.103681E+02
  0.647186E-01  0.997038E+01  0.102791E+02
  0.649870E-01  0.987104E+01  0.101911E+02
  0.652554E-01  0.968050E+01  0.101043E+02
  0.655238E-01  0.969544E+01  0.100185E+02
  0.657922E-01  0.972581E+01  0.993382E+01
  0.660606E-01  0.973579E+01  0.985017E+01
  0.663290E-01  0.952752E+01  0.976756E+01
  0.665973E-01  0.945573E+01  0.968599E+01
  0.668657E-01  0.933698E+01  0.960540E+01
  0.671341E-01  0.911047E+01  0.952580E+01
  0.674025E-01  0.917915E+01  0.944718E+01
  0.676709E-01  0.909149E+01  0.936952E+01
  0.679393E-01  0.894886E+01  0.929280E+01
  0.682077E-01  0.893755E+01  0.921702E+01
  0.684761E-01  0.891502E+01  0.914216E+01
  0.687445E-01  0.882145E+01  0.906821E+01
  0.690129E-01  0.862399E+01  0.899516E+01
  0.692813E-01  0.849526E+01  0.892299E+01
  0.695497E-01  0.849315E+01  0.885168E+01
  0.698181E-01  0.856342E+01  0.878124E+01
  0.700865E-01  0.846727E+01  0.871164E+01
  0.703549E-01  0.821863E+01  0.864287E+01
  0.706232E-01  0.823587E+01  0.857494E+01
  0.708916E-01  0.822629E+01  0.850778E+01
  0.711600E-01  0.801407E+01  0.844141E+01
  0.714284E-01  0.806401E+01  0.837580E+01
  0.716968E-01  0.813436E+01  0.831094E+01
  0.719652E-01  0.804894E+01  0.824682E+01
  0.722336E-01  0.788931E+01  0.818341E+01
  0.725020E-01  0.782351E+01  0.812071E+01
  0.727704E-01  0.764053E+01  0.805870E+01
  0.730388E-01  0.750269E+01  0.799737E+01
  0.733072E-01  0.742704E+01  0.793669E+01
  0.735756E-01  0.758180E+01  0.787667E+01
  0.738440E-01  0.762223E+01  0.781728E+01
  0.741124E-01  0.748636E+01  0.775851E+01
  0.743807E-01  0.729004E+01  0.770038E+01
  0.746491E-01  0.738902E+01  0.764282E+01
  0.749175E-01  0.728676E+01  0.758584E+01
  0.751859E-01  0.723000E+01  0.752944E+01
  0.754543E-01  0.724418E+01  0.747359E+01
  0.757227E-01  0.716958E+01  0.741830E+01
  0.759911E-01  0.718533E+01  0.736355E+01
  0.762595E-01  0.709738E+01  0.730932E+01
  0.765279E-01  0.695113E+01  0.725561E+01
  0.767963E-01  0.699303E+01  0.720240E+01
  0.770647E-01  0.699374E+01  0.714969E+01
  0.773331E-01  0.684082E+01  0.709746E+01
  0.776015E-01  0.677630E+01  0.704571E+01
  0.778699E-01  0.671887E+01  0.699442E+01
  0.781382E-01  0.658063E+01  0.694361E+01
  0.784066E-01  0.648431E+01  0.689323E+01
  0.786750E-01  0.644173E+01  0.684328E+01
  0.789434E-01  0.646827E+01  0.679376E+01
  0.792118E-01  0.648402E+01  0.674466E+01
  0.794802E-01  0.647026E+01  0.669596E+01
  0.797486E-01  0.638660E+01  0.664768E+01
  0.800170E-01  0.654602E+01  0.659978E+01
  0.802854E-01  0.635216E+01  0.655227E+01
  0.805538E-01  0.636023E+01  0.650514E+01
  0.808222E-01  0.628431E+01  0.645838E+01
  0.810906E-01  0.620290E+01  0.641198E+01
  0.813590E-01  0.607060E+01  0.636594E+01
  0.816274E-01  0.601182E+01  0.632026E+01
  0.818958E-01  0.595559E+01  0.627491E+01
  0.821641E-01  0.600311E+01  0.622992E+01
  0.824325E-01  0.596756E+01  0.618525E+01
  0.827009E-01  0.598795E+01  0.614090E+01
  0.829693E-01  0.588363E+01  0.609687E+01
  0.832377E-01  0.583544E+01  0.605315E+01
  0.835061E-01  0.579214E+01  0.600974E+01
  0.837745E-01  0.582886E+01  0.596663E+01
  0.840429E-01  0.569229E+01  0.592382E+01
  0.843113E-01  0.571528E+01  0.588130E+01
  0.845797E-01  0.569777E+01  0.583907E+01
  0.848481E-01  0.559300E+01  0.579711E+01
  0.851165E-01  0.554410E+01  0.575543E+01
  0.853849E-01  0.554623E+01  0.571402E+01
  0.856533E-01  0.549627E+01  0.567288E+01
  0.859216E-01  0.541659E+01  0.563201E+01
  0.861900E-01  0.536025E+01  0.559138E+01
  0.864584E-01  0.527782E+01  0.555100E+01
  0.867268E-01  0.531191E+01  0.551087E+01
  0.869952E-01  0.531145E+01  0.547099E+01
  0.872636E-01  0.527469E+01  0.543134E+01
  0.875320E-01  0.530333E+01  0.539192E+01
  0.878004E-01  0.514029E+01  0.535273E+01
  0.880688E-01  0.520918E+01  0.531377E+01
  0.883372E-01  0.516386E+01  0.527503E+01
  0.886056E-01  0.506847E+01  0.523651E+01
  0.888740E-01  0.509323E+01  0.519821E+01
  0.891424E-01  0.503965E+01  0.516011E+01
  0.894108E-01  0.501215E+01  0.512222E+01
  0.896791E-01  0.500671E+01  0.508455E+01
  0.899475E-01  0.499645E+01  0.504706E+01
  0.902159E-01  0.485013E+01  0.500977E+01
  0.904843E-01  0.487167E+01  0.497268E+01
  0.907527E-01  0.487707E+01  0.493578E+01
  0.910211E-01  0.483901E+01  0.489907E+01
  0.912895E-01  0.477025E+01  0.486255E+01
  0.915579E-01  0.466012E+01  0.482623E+01
  0.918263E-01  0.471534E+01  0.479009E+01
  0.920947E-01  0.468919E+01  0.475414E+01
  0.923631E-01  0.462742E+01  0.471838E+01
  0.926315E-01  0.466984E+01  0.468280E+01
  0.928999E-01  0.468863E+01  0.464741E+01
  0.931683E-01  0.461195E+01  0.461220E+01
  0.934366E-01  0.447586E+01  0.457719E+01
  0.937050E-01  0.456485E+01  0.454234E+01
  0.939734E-01  0.454768E+01  0.450768E+01
  0.942418E-01  0.445079E+01  0.447319E+01
  0.945102E-01  0.441462E+01  0.443888E+01
  0.947786E-01  0.440852E+01  0.440475E+01
  0.950470E-01  0.430637E+01  0.437080E+01
  0.953154E-01  0.426693E+01  0.433702E+01
  0.955838E-01  0.429070E+01  0.430342E+01
  0.958522E-01  0.427981E+01  0.426999E+01
  0.961206E-01  0.433518E+01  0.423674E+01
  0.963890E-01  0.421120E+01  0.420365E+01
  0.966574E-01  0.421963E+01  0.417074E+01
  0.969258E-01  0.422057E+01  0.413800E+01
  0.971942E-01  0.417464E+01  0.410543E+01
  0.974625E-01  0.407332E+01  0.407303E+01
  0.977309E-01  0.408236E+01  0.404080E+01
  0.979993E-01  0.398143E+01  0.400873E+01
  0.982677E-01  0.394518E+01  0.397683E+01
  0.985361E-01  0.402666E+01  0.394509E+01
  0.988045E-01  0.389646E+01  0.391352E+01
  0.990729E-01  0.388930E+01  0.388212E+01
  0.993413E-01  0.386166E+01  0.385088E+01
  0.996097E-01  0.387073E+01  0.381980E+01
  0.998781E-01  0.375887E+01  0.378888E+01
  0.100146E+00  0.378357E+01  0.375818E+01
  0.100415E+00  0.377546E+01  0.372752E+01
  0.100683E+00  0.374166E+01  0.369714E+01
  0.100952E+00  0.376111E+01  0.366680E+01
  0.101220E+00  0.360761E+01  0.363674E+01
  0.101488E+00  0.360027E+01  0.360685E+01
  0.101757E+00  0.359804E+01  0.357700E+01
  0.102025E+00  0.353720E+01  0.354743E+01
  0.102294E+00  0.349838E+01  0.351792E+01
  0.102562E+00  0.354176E+01  0.348867E+01
  0.102830E+00  0.355202E+01  0.345960E+01
  0.103099E+00  0.352997E+01  0.343057E+01
  0.103367E+00  0.345799E+01  0.340183E+01
  0.103636E+00  0.339149E+01  0.337314E+01
  0.103904E+00  0.338014E+01  0.334472E+01
  0.104172E+00  0.335866E+01  0.331647E+01
  0.104441E+00  0.333918E+01  0.328828E+01
  0.104709E+00  0.332883E+01  0.326035E+01
  0.104978E+00  0.332668E+01  0.323249E+01
  0.105246E+00  0.327821E+01  0.320490E+01
  0.105514E+00  0.322806E+01  0.317748E+01
  0.105783E+00  0.325580E+01  0.315012E+01
  0.106051E+00  0.323507E+01  0.312303E+01
  0.106320E+00  0.319332E+01  0.309600E+01
  0.106588E+00  0.319412E+01  0.306924E+01
  0.106856E+00  0.310689E+01  0.304264E+01
  0.107125E+00  0.309697E+01  0.301611E+01
  0.107393E+00  0.308672E+01  0.298985E+01
  0.107661E+00  0.301602E+01  0.296375E+01
  0.107930E+00  0.308353E+01  0.293772E+01
  0.108198E+00  0.311774E+01  0.291195E+01
  0.108467E+00  0.305917E+01  0.288625E+01
  0.108735E+00  0.294696E+01  0.286082E+01
  0.109003E+00  0.291511E+01  0.283554E+01
  0.109272E+00  0.292440E+01  0.281034E+01
  0.109540E+00  0.294750E+01  0.278540E+01
  0.109809E+00  0.287694E+01  0.276052E+01
  0.110077E+00  0.285265E+01  0.273591E+01
  0.110345E+00  0.286731E+01  0.271146E+01
  0.110614E+00  0.282103E+01  0.268708E+01
  0.110882E+00  0.281566E+01  0.266295E+01
  0.111151E+00  0.279914E+01  0.263891E+01
  0.111419E+00  0.279485E+01  0.261511E+01
  0.111687E+00  0.268496E+01  0.259148E+01
  0.111956E+00  0.268774E+01  0.256792E+01
  0.112224E+00  0.267648E+01  0.254462E+01
  0.112493E+00  0.266533E+01  0.252140E+01
  0.112761E+00  0.263677E+01  0.249842E+01
  0.113029E+00  0.266213E+01  0.247561E+01
  0.113298E+00  0.258641E+01  0.245288E+01
  0.113566E+00  0.249883E+01  0.243040E+01
  0.113835E+00  0.252531E+01  0.240799E+01
  0.114103E+00  0.247543E+01  0.238584E+01
  0.114371E+00  0.249453E+01  0.236385E+01
  0.114640E+00  0.248808E+01  0.234193E+01
  0.114908E+00  0.240970E+01  0.232026E+01
  0.115176E+00  0.246487E+01  0.229876E+01
  0.115445E+00  0.242402E+01  0.227733E+01
  0.115713E+00  0.241954E+01  0.225615E+01
  0.115982E+00  0.240410E+01  0.223505E+01
  0.116250E+00  0.238142E+01  0.221419E+01
  0.116518E+00  0.232871E+01  0.219349E+01
  0.116787E+00  0.237343E+01  0.217288E+01
  0.117055E+00  0.225243E+01  0.215250E+01
  0.117324E+00  0.227813E+01  0.213220E+01
  0.117592E+00  0.222999E+01  0.211214E+01
  0.117860E+00  0.225908E+01  0.209224E+01
  0.118129E+00  0.224383E+01  0.207242E+01
  0.118397E+00  0.216780E+01  0.205283E+01
  0.118666E+00  0.205252E+01  0.203333E+01
  0.118934E+00  0.204906E+01  0.201405E+01
  0.119202E+00  0.207705E+01  0.199494E+01
  0.119471E+00  0.210053E+01  0.197590E+01
  0.119739E+00  0.210370E+01  0.195709E+01
  0.120008E+00  0.206132E+01  0.193837E+01
  0.120276E+00  0.210344E+01  0.191987E+01
  0.120544E+00  0.204105E+01  0.190152E+01
  0.120813E+00  0.206079E+01  0.188326E+01
  0.121081E+00  0.195625E+01  0.186522E+01
  0.121350E+00  0.196399E+01  0.184727E+01
  0.121618E+00  0.194368E+01  0.182953E+01
  0.122155E+00  0.195930E+01  0.179444E+01
  0.122423E+00  0.190969E+01  0.177716E+01
  0.122691E+00  0.188303E+01  0.176002E+01
  0.122960E+00  0.184313E+01  0.174297E+01
  0.123228E+00  0.179099E+01  0.172613E+01
  0.123497E+00  0.182149E+01  0.170938E+01
  0.123765E+00  0.184244E+01  0.169284E+01
  0.124033E+00  0.179259E+01  0.167644E+01
  0.124302E+00  0.180602E+01  0.166013E+01
  0.124570E+00  0.176661E+01  0.164403E+01
  0.124839E+00  0.178052E+01  0.162801E+01
  0.125107E+00  0.172435E+01  0.161219E+01
  0.125375E+00  0.169539E+01  0.159652E+01
  0.125644E+00  0.170428E+01  0.158093E+01
  0.125912E+00  0.166234E+01  0.156555E+01
  0.126181E+00  0.160093E+01  0.155025E+01
  0.126449E+00  0.165190E+01  0.153514E+01
  0.126717E+00  0.165059E+01  0.152018E+01
  0.126986E+00  0.162735E+01  0.150530E+01
  0.127254E+00  0.155010E+01  0.149061E+01
  0.127523E+00  0.148552E+01  0.147601E+01
  0.127791E+00  0.153709E+01  0.146160E+01
  0.128059E+00  0.159934E+01  0.144733E+01
  0.128328E+00  0.150612E+01  0.143313E+01
  0.128596E+00  0.151964E+01  0.141913E+01
  0.128865E+00  0.146143E+01  0.140521E+01
  0.129133E+00  0.137701E+01  0.139147E+01
  0.129401E+00  0.150320E+01  0.137787E+01
  0.129670E+00  0.152366E+01  0.136435E+01
  0.129938E+00  0.146872E+01  0.135100E+01
  0.130206E+00  0.145600E+01  0.133779E+01
  0.130475E+00  0.147531E+01  0.132466E+01
  0.130743E+00  0.145460E+01  0.131171E+01
  0.131012E+00  0.141379E+01  0.129883E+01
  0.131280E+00  0.144657E+01  0.128613E+01
  0.131548E+00  0.136333E+01  0.127356E+01
  0.131817E+00  0.136252E+01  0.126107E+01
  0.132085E+00  0.136102E+01  0.124875E+01
  0.132354E+00  0.132773E+01  0.123651E+01
  0.132622E+00  0.135335E+01  0.122444E+01
  0.132890E+00  0.133863E+01  0.121249E+01
  0.133159E+00  0.130628E+01  0.120062E+01
  0.133427E+00  0.125889E+01  0.118891E+01
  0.133696E+00  0.127081E+01  0.117729E+01
  0.133964E+00  0.132177E+01  0.116583E+01
  0.134232E+00  0.125620E+01  0.115448E+01
  0.134501E+00  0.130187E+01  0.114322E+01
  0.134769E+00  0.119476E+01  0.113211E+01
  0.135038E+00  0.123379E+01  0.112108E+01
  0.135306E+00  0.124164E+01  0.111021E+01
  0.135574E+00  0.123832E+01  0.109945E+01
  0.135843E+00  0.124210E+01  0.108877E+01
  0.136111E+00  0.120658E+01  0.107824E+01
  0.136380E+00  0.115652E+01  0.106778E+01
  0.136648E+00  0.109154E+01  0.105748E+01
  0.136916E+00  0.106047E+01  0.104729E+01
  0.137185E+00  0.115637E+01  0.103717E+01
  0.137453E+00  0.115464E+01  0.102720E+01
  0.137721E+00  0.109941E+01  0.101734E+01
  0.137990E+00  0.111824E+01  0.100755E+01
  0.138258E+00  0.105982E+01  0.997905E+00
  0.138527E+00  0.107617E+01  0.988331E+00
  0.138795E+00  0.100610E+01  0.978898E+00
  0.139063E+00  0.975200E+00  0.969571E+00
  0.139332E+00  0.100968E+01  0.960313E+00
  0.139600E+00  0.975190E+00  0.951193E+00
  0.139869E+00  0.100024E+01  0.942142E+00
  0.140137E+00  0.102469E+01  0.933227E+00
  0.140405E+00  0.103154E+01  0.924412E+00
  0.140674E+00  0.936690E+00  0.915665E+00
  0.140942E+00  0.929590E+00  0.907050E+00
  0.141211E+00  0.949520E+00  0.898501E+00
  0.141479E+00  0.988030E+00  0.890082E+00
  0.141747E+00  0.914300E+00  0.881760E+00
  0.142016E+00  0.969990E+00  0.873503E+00
  0.142284E+00  0.911165E+00  0.865372E+00
  0.142553E+00  0.901799E+00  0.857305E+00
  0.142821E+00  0.872729E+00  0.849361E+00
  0.143089E+00  0.828284E+00  0.841510E+00
  0.143358E+00  0.903226E+00  0.833722E+00
  0.143626E+00  0.902055E+00  0.826054E+00
  0.143895E+00  0.890744E+00  0.818448E+00
  0.144163E+00  0.834508E+00  0.810960E+00
  0.144431E+00  0.869739E+00  0.803560E+00
  0.144700E+00  0.829339E+00  0.796221E+00
  0.144968E+00  0.866312E+00  0.788996E+00
  0.145237E+00  0.848617E+00  0.781831E+00
  0.145505E+00  0.838508E+00  0.774778E+00
  0.145773E+00  0.836439E+00  0.767809E+00
  0.146042E+00  0.810086E+00  0.760899E+00
  0.146310E+00  0.749485E+00  0.754097E+00
  0.146578E+00  0.794692E+00  0.747378E+00
  0.146847E+00  0.747469E+00  0.740715E+00
  0.147115E+00  0.762106E+00  0.734158E+00
  0.147384E+00  0.797093E+00  0.727657E+00
  0.147652E+00  0.782314E+00  0.721259E+00
  0.147920E+00  0.747598E+00  0.714940E+00
  0.148189E+00  0.787351E+00  0.708675E+00
  0.148457E+00  0.769031E+00  0.702511E+00
  0.148726E+00  0.680944E+00  0.696400E+00
  0.148994E+00  0.706129E+00  0.690387E+00
  0.149262E+00  0.796742E+00  0.684449E+00
  0.149531E+00  0.683695E+00  0.678564E+00
  0.149799E+00  0.674094E+00  0.672773E+00
  0.150068E+00  0.772978E+00  0.667034E+00
  0.150336E+00  0.708091E+00  0.661389E+00
  0.150604E+00  0.664868E+00  0.655814E+00
  0.150873E+00  0.693459E+00  0.650289E+00
  0.151141E+00  0.677865E+00  0.644854E+00
  0.151410E+00  0.707006E+00  0.639466E+00
  0.151678E+00  0.667916E+00  0.634167E+00
  0.151946E+00  0.636885E+00  0.628933E+00
  0.152215E+00  0.657215E+00  0.623746E+00
  0.152483E+00  0.699249E+00  0.618643E+00
  0.152752E+00  0.632410E+00  0.613586E+00
  0.153020E+00  0.632111E+00  0.608610E+00
  0.153288E+00  0.627330E+00  0.603696E+00
  0.153557E+00  0.620532E+00  0.598826E+00
  0.153825E+00  0.623895E+00  0.594035E+00
  0.154093E+00  0.591035E+00  0.589304E+00
  0.154362E+00  0.635202E+00  0.584614E+00
  0.154630E+00  0.649435E+00  0.580000E+00
  0.154899E+00  0.576592E+00  0.575427E+00
  0.155167E+00  0.580958E+00  0.570928E+00
  0.155435E+00  0.616860E+00  0.566486E+00
  0.155704E+00  0.557737E+00  0.562082E+00
  0.155972E+00  0.567914E+00  0.557750E+00
  0.156241E+00  0.581631E+00  0.553455E+00
  0.156509E+00  0.530341E+00  0.549231E+00
  0.156777E+00  0.505817E+00  0.545059E+00
  0.157046E+00  0.519920E+00  0.540923E+00
  0.157314E+00  0.562352E+00  0.536855E+00
  0.157583E+00  0.555228E+00  0.532823E+00
  0.157851E+00  0.545745E+00  0.528855E+00
  0.158119E+00  0.518273E+00  0.524938E+00
  0.158388E+00  0.519642E+00  0.521055E+00
  0.158656E+00  0.523973E+00  0.517234E+00
  0.158925E+00  0.536937E+00  0.513448E+00
  0.159193E+00  0.567461E+00  0.509722E+00
  0.159461E+00  0.506218E+00  0.506043E+00
  0.159730E+00  0.452800E+00  0.502397E+00
  0.159998E+00  0.461942E+00  0.498810E+00
  0.160267E+00  0.478299E+00  0.495254E+00
  0.160535E+00  0.481717E+00  0.491756E+00
  0.160803E+00  0.430233E+00  0.488302E+00
  0.161072E+00  0.486367E+00  0.484877E+00
  0.161340E+00  0.442168E+00  0.481507E+00
  0.161608E+00  0.507380E+00  0.478179E+00
  0.161877E+00  0.507660E+00  0.474879E+00
  0.162145E+00  0.454918E+00  0.471632E+00
  0.162414E+00  0.469553E+00  0.468411E+00
  0.162682E+00  0.510428E+00  0.465242E+00
  0.162950E+00  0.501329E+00  0.462111E+00
  0.163219E+00  0.451855E+00  0.459006E+00
  0.163487E+00  0.482132E+00  0.455949E+00
  0.163756E+00  0.468905E+00  0.452918E+00
  0.164024E+00  0.485558E+00  0.449934E+00
  0.164292E+00  0.470487E+00  0.446985E+00
  0.164561E+00  0.445165E+00  0.444059E+00
  0.164829E+00  0.490451E+00  0.441179E+00
  0.165098E+00  0.386638E+00  0.438322E+00
  0.165366E+00  0.460152E+00  0.435508E+00
  0.165634E+00  0.471053E+00  0.432727E+00
  0.165903E+00  0.460791E+00  0.429968E+00
  0.166171E+00  0.450777E+00  0.427250E+00
  0.166440E+00  0.431171E+00  0.424554E+00
  0.166708E+00  0.444654E+00  0.421898E+00
  0.166976E+00  0.458999E+00  0.419272E+00
  0.167245E+00  0.444190E+00  0.416666E+00
  0.167513E+00  0.463490E+00  0.414098E+00
  0.167782E+00  0.435375E+00  0.411551E+00
  0.168050E+00  0.367215E+00  0.409040E+00
  0.168318E+00  0.414549E+00  0.406558E+00
  0.168587E+00  0.473505E+00  0.404093E+00
  0.168855E+00  0.478280E+00  0.401665E+00
  0.169123E+00  0.409337E+00  0.399264E+00
  0.169392E+00  0.368664E+00  0.396879E+00
  0.169660E+00  0.456052E+00  0.394529E+00
  0.169929E+00  0.429884E+00  0.392196E+00
  0.170197E+00  0.414866E+00  0.389896E+00
  0.170465E+00  0.431310E+00  0.387621E+00
  0.170734E+00  0.434865E+00  0.385362E+00
  0.171002E+00  0.425095E+00  0.383134E+00
  0.171271E+00  0.408214E+00  0.380923E+00
  0.171539E+00  0.411332E+00  0.378742E+00
  0.171807E+00  0.382773E+00  0.376584E+00
  0.172076E+00  0.331036E+00  0.374441E+00
  0.172344E+00  0.352347E+00  0.372327E+00
  0.172613E+00  0.423207E+00  0.370228E+00
  0.172881E+00  0.362605E+00  0.368158E+00
  0.173149E+00  0.349254E+00  0.366109E+00
  0.173418E+00  0.305935E+00  0.364074E+00
  0.173686E+00  0.352673E+00  0.362066E+00
  0.173955E+00  0.360346E+00  0.360072E+00
  0.174223E+00  0.353922E+00  0.358104E+00
  0.174491E+00  0.315609E+00  0.356157E+00
  0.174760E+00  0.384696E+00  0.354221E+00
  0.175028E+00  0.377811E+00  0.352312E+00
  0.175297E+00  0.323473E+00  0.350414E+00
  0.175565E+00  0.307886E+00  0.348542E+00
  0.175833E+00  0.325237E+00  0.346689E+00
  0.176102E+00  0.317849E+00  0.344846E+00
  0.176370E+00  0.286331E+00  0.343028E+00
  0.176638E+00  0.330850E+00  0.341228E+00
  0.176907E+00  0.343251E+00  0.339438E+00
  0.177175E+00  0.301161E+00  0.337672E+00
  0.177444E+00  0.363409E+00  0.335916E+00
  0.177712E+00  0.325248E+00  0.334183E+00
  0.177980E+00  0.412793E+00  0.332466E+00
  0.178249E+00  0.402396E+00  0.330758E+00
  0.178517E+00  0.363886E+00  0.329073E+00
  0.178786E+00  0.367634E+00  0.327398E+00
  0.179054E+00  0.358277E+00  0.325743E+00
  0.179322E+00  0.315011E+00  0.324104E+00
  0.179591E+00  0.261159E+00  0.322474E+00
  0.179859E+00  0.337981E+00  0.320864E+00
  0.180128E+00  0.318766E+00  0.319263E+00
  0.180396E+00  0.336652E+00  0.317682E+00
  0.180664E+00  0.316715E+00  0.316115E+00
  0.180933E+00  0.340544E+00  0.314557E+00
  0.181201E+00  0.354299E+00  0.313018E+00
  0.181470E+00  0.351147E+00  0.311487E+00
  0.181738E+00  0.400562E+00  0.309975E+00
  0.182006E+00  0.335220E+00  0.308476E+00
  0.182275E+00  0.375471E+00  0.306985E+00
  0.182543E+00  0.339592E+00  0.305513E+00
  0.182812E+00  0.333141E+00  0.304049E+00
  0.183080E+00  0.290203E+00  0.302602E+00
  0.183348E+00  0.319332E+00  0.301168E+00
  0.183617E+00  0.345830E+00  0.299742E+00
  0.183885E+00  0.331648E+00  0.298333E+00
  0.184153E+00  0.331158E+00  0.296937E+00
  0.184422E+00  0.327214E+00  0.295547E+00
  0.184690E+00  0.313962E+00  0.294175E+00
  0.184959E+00  0.305683E+00  0.292810E+00
  0.185227E+00  0.289946E+00  0.291461E+00
  0.185495E+00  0.240750E+00  0.290124E+00
  0.185764E+00  0.315158E+00  0.288794E+00
  0.186032E+00  0.348159E+00  0.287480E+00
  0.186301E+00  0.310687E+00  0.286172E+00
  0.186569E+00  0.314579E+00  0.284881E+00
  0.186837E+00  0.351492E+00  0.283601E+00
  0.187106E+00  0.344076E+00  0.282327E+00
  0.187374E+00  0.326312E+00  0.281068E+00
  0.187643E+00  0.328010E+00  0.279816E+00
  0.187911E+00  0.293937E+00  0.278578E+00
  0.188179E+00  0.334610E+00  0.277352E+00
  0.188448E+00  0.358891E+00  0.276131E+00
  0.188716E+00  0.331226E+00  0.274925E+00
  0.188985E+00  0.373948E+00  0.273725E+00
  0.189253E+00  0.334070E+00  0.272539E+00
  0.189521E+00  0.283080E+00  0.271364E+00
  0.189790E+00  0.259165E+00  0.270194E+00
  0.190058E+00  0.355265E+00  0.269038E+00
  0.190327E+00  0.345181E+00  0.267887E+00
  0.190595E+00  0.310296E+00  0.266751E+00
  0.190863E+00  0.336816E+00  0.265623E+00
  0.191132E+00  0.289144E+00  0.264501E+00
  0.191400E+00  0.303797E+00  0.263393E+00
  0.191668E+00  0.290117E+00  0.262293E+00
  0.191937E+00  0.312881E+00  0.261199E+00
  0.192205E+00  0.301898E+00  0.260117E+00
  0.192474E+00  0.265762E+00  0.259040E+00
  0.192742E+00  0.269687E+00  0.257976E+00
  0.193010E+00  0.241719E+00  0.256920E+00
  0.193279E+00  0.248847E+00  0.255869E+00
  0.193547E+00  0.303893E+00  0.254830E+00
  0.193816E+00  0.361509E+00  0.253795E+00
  0.194084E+00  0.267657E+00  0.252773E+00
  0.194352E+00  0.281314E+00  0.251758E+00
  0.194621E+00  0.310303E+00  0.250748E+00
  0.194889E+00  0.305898E+00  0.249749E+00
  0.195158E+00  0.295426E+00  0.248754E+00
  0.195426E+00  0.274867E+00  0.247771E+00
  0.195694E+00  0.286750E+00  0.246795E+00
  0.195963E+00  0.313061E+00  0.245823E+00
  0.196231E+00  0.313500E+00  0.244861E+00
  0.196500E+00  0.302049E+00  0.243904E+00
  0.196768E+00  0.279366E+00  0.242957E+00
  0.197036E+00  0.296557E+00  0.242017E+00
  0.197305E+00  0.280071E+00  0.241081E+00
  0.197573E+00  0.216316E+00  0.240155E+00
  0.197842E+00  0.219594E+00  0.239233E+00
  0.198110E+00  0.246500E+00  0.238320E+00
  0.198378E+00  0.300530E+00  0.237415E+00
  0.198647E+00  0.311249E+00  0.236512E+00
  0.198915E+00  0.297896E+00  0.235619E+00
  0.199184E+00  0.296793E+00  0.234730E+00
  0.199452E+00  0.288683E+00  0.233850E+00
  0.199720E+00  0.269739E+00  0.232976E+00
  0.199989E+00  0.228004E+00  0.232105E+00
  0.200257E+00  0.223456E+00  0.231243E+00
  0.200525E+00  0.281710E+00  0.230388E+00
  0.200794E+00  0.274298E+00  0.229534E+00
  0.201062E+00  0.265043E+00  0.228690E+00
  0.201331E+00  0.257953E+00  0.227848E+00
  0.201599E+00  0.223337E+00  0.227015E+00
  0.201867E+00  0.245996E+00  0.226187E+00
  0.202136E+00  0.239202E+00  0.225361E+00
  0.202404E+00  0.274514E+00  0.224543E+00
  0.202673E+00  0.261555E+00  0.223727E+00
  0.202941E+00  0.273291E+00  0.222919E+00
  0.203209E+00  0.210038E+00  0.222115E+00
  0.203478E+00  0.216271E+00  0.221314E+00
  0.203746E+00  0.319293E+00  0.220519E+00
  0.204015E+00  0.308391E+00  0.219726E+00
  0.204283E+00  0.226125E+00  0.218940E+00
  0.204551E+00  0.205451E+00  0.218158E+00
  0.204820E+00  0.241561E+00  0.217378E+00
  0.205088E+00  0.272472E+00  0.216604E+00
  0.205357E+00  0.256291E+00  0.215831E+00
  0.205625E+00  0.253391E+00  0.215064E+00
  0.205893E+00  0.297863E+00  0.214301E+00
  0.206162E+00  0.261164E+00  0.213539E+00
  0.206430E+00  0.231031E+00  0.212783E+00
  0.206699E+00  0.231200E+00  0.212028E+00
  0.206967E+00  0.227432E+00  0.211278E+00
  0.207235E+00  0.211289E+00  0.210531E+00
  0.207504E+00  0.213421E+00  0.209785E+00
  0.207772E+00  0.168759E+00  0.209045E+00
  0.208040E+00  0.188538E+00  0.208307E+00
  0.208309E+00  0.239870E+00  0.207569E+00
  0.208577E+00  0.250906E+00  0.206836E+00
  0.208846E+00  0.256456E+00  0.206104E+00
  0.209114E+00  0.260321E+00  0.205376E+00
  0.209382E+00  0.220429E+00  0.204651E+00
  0.209651E+00  0.214756E+00  0.203925E+00
  0.209919E+00  0.271431E+00  0.203204E+00
  0.210188E+00  0.304266E+00  0.202483E+00
  0.210456E+00  0.271200E+00  0.201766E+00
  0.210724E+00  0.253984E+00  0.201051E+00
  0.210993E+00  0.275989E+00  0.200336E+00
  0.211261E+00  0.212318E+00  0.199625E+00
  0.211530E+00  0.155867E+00  0.198912E+00
  0.211798E+00  0.245988E+00  0.198205E+00
  0.212066E+00  0.263974E+00  0.197498E+00
  0.212335E+00  0.253472E+00  0.196790E+00
  0.212603E+00  0.264654E+00  0.196087E+00
  0.212872E+00  0.246791E+00  0.195382E+00
  0.213140E+00  0.229537E+00  0.194681E+00
  0.213408E+00  0.241966E+00  0.193981E+00
  0.213677E+00  0.271284E+00  0.193279E+00
  0.213945E+00  0.295309E+00  0.192581E+00
  0.214214E+00  0.245346E+00  0.191881E+00
  0.214482E+00  0.217609E+00  0.191185E+00
  0.214750E+00  0.188590E+00  0.190490E+00
  0.215019E+00  0.160276E+00  0.189792E+00
  0.215287E+00  0.180953E+00  0.189098E+00
  0.215555E+00  0.211946E+00  0.188405E+00
  0.215824E+00  0.254296E+00  0.187709E+00
  0.216092E+00  0.230112E+00  0.187016E+00
  0.216361E+00  0.201425E+00  0.186322E+00
  0.216629E+00  0.220327E+00  0.185630E+00
  0.216897E+00  0.204432E+00  0.184938E+00
  0.217166E+00  0.252352E+00  0.184244E+00
  0.217434E+00  0.199390E+00  0.183553E+00
  0.217703E+00  0.164880E+00  0.182859E+00
  0.217971E+00  0.258205E+00  0.182168E+00
  0.218239E+00  0.197051E+00  0.181477E+00
  0.218508E+00  0.159286E+00  0.180783E+00
  0.218776E+00  0.243069E+00  0.180092E+00
  0.219045E+00  0.246278E+00  0.179398E+00
  0.219313E+00  0.161151E+00  0.178706E+00
  0.219581E+00  0.206960E+00  0.178014E+00
  0.219850E+00  0.203312E+00  0.177319E+00
  0.220118E+00  0.235323E+00  0.176627E+00
  0.220387E+00  0.245381E+00  0.175931E+00
  0.220655E+00  0.203707E+00  0.175238E+00
  0.220923E+00  0.216854E+00  0.174544E+00
  0.221192E+00  0.228462E+00  0.173847E+00
  0.221460E+00  0.165298E+00  0.173153E+00
  0.221729E+00  0.157845E+00  0.172455E+00
  0.221997E+00  0.198306E+00  0.171760E+00
  0.222265E+00  0.236842E+00  0.171065E+00
  0.222534E+00  0.214393E+00  0.170367E+00
  0.222802E+00  0.142052E+00  0.169671E+00
  0.223070E+00  0.178347E+00  0.168975E+00
  0.223339E+00  0.225375E+00  0.168275E+00
  0.223607E+00  0.197749E+00  0.167579E+00
  0.223876E+00  0.159245E+00  0.166879E+00
  0.224144E+00  0.211540E+00  0.166182E+00
  0.224412E+00  0.191875E+00  0.165485E+00
  0.224681E+00  0.205350E+00  0.164785E+00
  0.224949E+00  0.216053E+00  0.164087E+00
  0.225218E+00  0.203226E+00  0.163387E+00
  0.225486E+00  0.141935E+00  0.162689E+00
  0.225754E+00  0.166948E+00  0.161990E+00
  0.226023E+00  0.176709E+00  0.161290E+00
  0.226291E+00  0.134991E+00  0.160591E+00
  0.226560E+00  0.180649E+00  0.159890E+00
  0.226828E+00  0.192589E+00  0.159192E+00
  0.227096E+00  0.166817E+00  0.158494E+00
  0.227365E+00  0.148758E+00  0.157792E+00
  0.227633E+00  0.174456E+00  0.157094E+00
  0.227902E+00  0.235443E+00  0.156393E+00
  0.228170E+00  0.187585E+00  0.155694E+00
  0.228438E+00  0.189512E+00  0.154996E+00
  0.228707E+00  0.150092E+00  0.154295E+00
  0.228975E+00  0.205821E+00  0.153596E+00
  0.229244E+00  0.255158E+00  0.152895E+00
  0.229512E+00  0.160499E+00  0.152197E+00
  0.229780E+00  0.220775E+00  0.151499E+00
  0.230049E+00  0.215028E+00  0.150798E+00
  0.230317E+00  0.181848E+00  0.150101E+00
  0.230585E+00  0.235789E+00  0.149403E+00
  0.230854E+00  0.201819E+00  0.148703E+00
  0.231122E+00  0.190179E+00  0.148006E+00
  0.231391E+00  0.224817E+00  0.147307E+00
  0.231659E+00  0.226311E+00  0.146611E+00
  0.231927E+00  0.163278E+00  0.145916E+00
  0.232196E+00  0.175343E+00  0.145219E+00
  0.232464E+00  0.201229E+00  0.144525E+00
  0.232733E+00  0.182091E+00  0.143830E+00
  0.233001E+00  0.186187E+00  0.143138E+00
  0.233269E+00  0.214705E+00  0.142447E+00
  0.233538E+00  0.186314E+00  0.141755E+00
  0.233806E+00  0.167806E+00  0.141066E+00
  0.234075E+00  0.174207E+00  0.140376E+00
  0.234343E+00  0.174794E+00  0.139690E+00
  0.234611E+00  0.191078E+00  0.139005E+00
  0.234880E+00  0.198928E+00  0.138319E+00
  0.235148E+00  0.157454E+00  0.137637E+00
  0.235417E+00  0.149804E+00  0.136954E+00
  0.235685E+00  0.132693E+00  0.136275E+00
  0.235953E+00  0.142743E+00  0.135598E+00
  0.236222E+00  0.163735E+00  0.134920E+00
  0.236490E+00  0.195371E+00  0.134246E+00
  0.236759E+00  0.114538E+00  0.133572E+00
  0.237027E+00  0.129379E+00  0.132902E+00
  0.237295E+00  0.101402E+00  0.132234E+00
  0.237564E+00  0.873278E-01  0.131566E+00
  0.237832E+00  0.159964E+00  0.130902E+00
  0.238100E+00  0.167256E+00  0.130240E+00
  0.238369E+00  0.154139E+00  0.129578E+00
  0.238637E+00  0.138612E+00  0.128921E+00
  0.238906E+00  0.161541E+00  0.128263E+00
  0.239174E+00  0.131264E+00  0.127610E+00
  0.239442E+00  0.133526E+00  0.126960E+00
  0.239711E+00  0.148497E+00  0.126309E+00
  0.239979E+00  0.145425E+00  0.125663E+00
  0.240248E+00  0.112807E+00  0.125018E+00
  0.240516E+00  0.854528E-01  0.124377E+00
  0.240784E+00  0.188135E+00  0.123739E+00
  0.241053E+00  0.150163E+00  0.123102E+00
  0.241321E+00  0.154827E+00  0.122469E+00
  0.241590E+00  0.111324E+00  0.121837E+00
  0.241858E+00  0.937678E-01  0.121211E+00
  0.242126E+00  0.154131E+00  0.120587E+00
  0.242395E+00  0.211188E+00  0.119965E+00
  0.242663E+00  0.189456E+00  0.119347E+00
  0.242932E+00  0.121830E+00  0.118731E+00
  0.243200E+00  0.117758E+00  0.118120E+00
  0.243468E+00  0.205024E+00  0.117513E+00
  0.243737E+00  0.182044E+00  0.116907E+00
  0.244005E+00  0.149353E+00  0.116307E+00
  0.244274E+00  0.114356E+00  0.115708E+00
  0.244542E+00  0.152325E+00  0.115115E+00
  0.244810E+00  0.156462E+00  0.114526E+00
  0.245079E+00  0.129217E+00  0.113938E+00
  0.245347E+00  0.110786E+00  0.113356E+00
  0.245615E+00  0.787488E-01  0.112778E+00
  0.245884E+00  0.538188E-01  0.112202E+00
  0.246152E+00  0.111454E+00  0.111632E+00
  0.246421E+00  0.107482E+00  0.111064E+00
  0.246689E+00  0.135924E+00  0.110502E+00
  0.246957E+00  0.207158E+00  0.109945E+00
  0.247226E+00  0.196632E+00  0.109389E+00
  0.247494E+00  0.150114E+00  0.108839E+00
  0.247763E+00  0.139688E+00  0.108292E+00
  0.248031E+00  0.147550E+00  0.107751E+00
  0.248299E+00  0.154583E+00  0.107215E+00
  0.248568E+00  0.116912E+00  0.106681E+00
  0.248836E+00  0.102484E+00  0.106153E+00
  0.249105E+00  0.835018E-01  0.105628E+00
  0.249373E+00  0.825608E-01  0.105109E+00
  0.249641E+00  0.106601E+00  0.104595E+00
  0.249910E+00  0.119492E+00  0.104083E+00
  0.250178E+00  0.150226E+00  0.103578E+00
  0.250447E+00  0.173295E+00  0.103076E+00
  0.250715E+00  0.133851E+00  0.102580E+00
  0.250983E+00  0.147855E+00  0.102089E+00
  0.251252E+00  0.115981E+00  0.101601E+00
  0.251520E+00  0.164650E+00  0.101119E+00
  0.251789E+00  0.112941E+00  0.100640E+00
  0.252057E+00  0.104461E+00  0.100168E+00
  0.252325E+00  0.110487E+00  0.997004E-01
  0.252594E+00  0.141370E+00  0.992361E-01
  0.252862E+00  0.149067E+00  0.987784E-01
  0.253130E+00  0.884628E-01  0.983254E-01
  0.253399E+00  0.179324E+00  0.978757E-01
  0.253667E+00  0.139135E+00  0.974326E-01
  0.253936E+00  0.125231E+00  0.969928E-01
  0.254204E+00  0.106358E+00  0.965595E-01
  0.254472E+00  0.146804E+00  0.961312E-01
  0.254741E+00  0.109206E+00  0.957062E-01
  0.255009E+00  0.739418E-01  0.952879E-01
  0.255278E+00  0.316948E-01  0.948730E-01
  0.255546E+00  0.105499E+00  0.944646E-01
  0.255814E+00  0.105255E+00  0.940613E-01
  0.256083E+00  0.942468E-01  0.936616E-01
  0.256351E+00  0.940338E-01  0.932684E-01
  0.256620E+00  0.119369E+00  0.928788E-01
  0.256888E+00  0.153743E+00  0.924958E-01
  0.257156E+00  0.127084E+00  0.921179E-01
  0.257425E+00  0.140994E+00  0.917437E-01
  0.257693E+00  0.111257E+00  0.913761E-01
  0.257962E+00  0.842238E-01  0.910122E-01
  0.258230E+00  0.107555E+00  0.906549E-01
  0.258498E+00  0.175968E+00  0.903027E-01
  0.258767E+00  0.120596E+00  0.899544E-01
  0.259035E+00  0.109463E+00  0.896126E-01
  0.259304E+00  0.104772E+00  0.892748E-01
  0.259572E+00  0.156868E+00  0.889434E-01
  0.259840E+00  0.117713E+00  0.886173E-01
  0.260109E+00  0.100443E+00  0.882952E-01
  0.260377E+00  0.105020E+00  0.879796E-01
  0.260646E+00  0.103100E+00  0.876680E-01
  0.260914E+00  0.161053E+00  0.873627E-01
  0.261182E+00  0.103406E+00  0.870626E-01
  0.261451E+00  0.149096E+00  0.867665E-01
  0.261719E+00  0.156308E+00  0.864766E-01
  0.261987E+00  0.145679E+00  0.861917E-01
  0.262256E+00  0.154421E+00  0.859108E-01
  0.262524E+00  0.119133E+00  0.856359E-01
  0.262793E+00  0.922908E-01  0.853650E-01
  0.263061E+00  0.964368E-01  0.851000E-01
  0.263329E+00  0.811058E-01  0.848399E-01
  0.263598E+00  0.673338E-01  0.845837E-01
  0.263866E+00  0.103589E+00  0.843334E-01
  0.264135E+00  0.964488E-01  0.840870E-01
  0.264403E+00  0.114567E+00  0.838463E-01
  0.264671E+00  0.148476E+00  0.836103E-01
  0.264940E+00  0.108644E+00  0.833783E-01
  0.265208E+00  0.794098E-01  0.831519E-01
  0.265477E+00  0.117204E+00  0.829293E-01
  0.265745E+00  0.802178E-01  0.827123E-01
  0.266013E+00  0.131413E+00  0.824999E-01
  0.266282E+00  0.986448E-01  0.822914E-01
  0.266550E+00  0.786378E-01  0.820883E-01
  0.266819E+00  0.150370E+00  0.818891E-01
  0.267087E+00  0.882678E-01  0.816953E-01
  0.267355E+00  0.958928E-01  0.815060E-01
  0.267624E+00  0.103048E+00  0.813206E-01
  0.267892E+00  0.868128E-01  0.811404E-01
  0.268161E+00  0.140515E+00  0.809641E-01
  0.268429E+00  0.140104E+00  0.807930E-01
  0.268697E+00  0.101637E+00  0.806263E-01
  0.268966E+00  0.625158E-01  0.804636E-01
  0.269234E+00  0.948118E-01  0.803059E-01
  0.269502E+00  0.924238E-01  0.801527E-01
  0.269771E+00  0.102327E+00  0.800034E-01
  0.270039E+00  0.964838E-01  0.798591E-01
  0.270308E+00  0.101220E+00  0.797187E-01
  0.270576E+00  0.819278E-01  0.795831E-01
  0.270844E+00  0.927108E-01  0.794519E-01
  0.271113E+00  0.177668E+00  0.793245E-01
  0.271381E+00  0.139921E+00  0.792018E-01
  0.271650E+00  0.479148E-01  0.790828E-01
  0.271918E+00  0.692108E-01  0.789684E-01
  0.272186E+00  0.884308E-01  0.788581E-01
  0.272455E+00  0.938688E-01  0.787514E-01
  0.272723E+00  0.109582E+00  0.786491E-01
  0.272992E+00  0.968918E-01  0.785503E-01
  0.273260E+00  0.102483E+00  0.784558E-01
  0.273528E+00  0.667308E-01  0.783652E-01
  0.273797E+00  0.929218E-01  0.782780E-01
  0.274065E+00  0.143532E+00  0.781949E-01
  0.274334E+00  0.951878E-01  0.781153E-01
  0.274602E+00  0.117742E+00  0.780396E-01
  0.274870E+00  0.964278E-01  0.779676E-01
  0.275139E+00  0.474818E-01  0.778989E-01
  0.275407E+00  0.574788E-01  0.778340E-01
  0.275676E+00  0.252058E-01  0.777725E-01
  0.275944E+00  0.647138E-01  0.777146E-01
  0.276212E+00  0.917428E-01  0.776602E-01
  0.276481E+00  0.142690E+00  0.776091E-01
  0.276749E+00  0.785898E-01  0.775615E-01
  0.277017E+00  0.409248E-01  0.775172E-01
  0.277286E+00  0.823598E-01  0.774761E-01
  0.277554E+00  0.936688E-01  0.774384E-01
  0.277823E+00  0.720138E-01  0.774038E-01
  0.278091E+00  0.104235E+00  0.773726E-01
  0.278359E+00  0.962788E-01  0.773445E-01
  0.278628E+00  0.144028E+00  0.773195E-01
  0.278896E+00  0.140411E+00  0.772977E-01
  0.279165E+00  0.114813E+00  0.772788E-01
  0.279433E+00  0.109818E+00  0.772631E-01
  0.279701E+00  0.174443E+00  0.772504E-01
  0.279970E+00  0.119554E+00  0.772407E-01
  0.280238E+00  0.854928E-01  0.772339E-01
  0.280507E+00  0.852768E-01  0.772300E-01
  0.280775E+00  0.108541E+00  0.772290E-01
  0.281043E+00  0.968578E-01  0.772308E-01
  0.281312E+00  0.576478E-01  0.772354E-01
  0.281580E+00  0.109519E+00  0.772427E-01
  0.281849E+00  0.982368E-01  0.772527E-01
  0.282117E+00  0.787438E-01  0.772654E-01
  0.282385E+00  0.717058E-01  0.772805E-01
  0.282654E+00  0.136728E+00  0.772984E-01
  0.282922E+00  0.110788E+00  0.773186E-01
  0.283191E+00  0.545058E-01  0.773414E-01
  0.283459E+00  0.845788E-01  0.773665E-01
  0.283727E+00  0.944198E-01  0.773939E-01
  0.283996E+00  0.687818E-01  0.774239E-01
  0.284264E+00  0.135619E+00  0.774559E-01
  0.284532E+00  0.741788E-01  0.774903E-01
  0.284801E+00  0.905568E-01  0.775269E-01
  0.285069E+00  0.107176E+00  0.775656E-01
  0.285338E+00  0.800928E-01  0.776065E-01
  0.285606E+00  0.708728E-01  0.776493E-01
  0.285874E+00  0.117728E+00  0.776942E-01
  0.286143E+00  0.804788E-01  0.777412E-01
  0.286411E+00  0.657598E-01  0.777900E-01
  0.286680E+00  0.757668E-01  0.778409E-01
  0.286948E+00  0.638738E-01  0.778934E-01
  0.287216E+00  0.685198E-01  0.779478E-01
  0.287485E+00  0.870048E-01  0.780041E-01
  0.287753E+00  0.100960E+00  0.780619E-01
  0.288022E+00  0.136980E+00  0.781217E-01
  0.288290E+00  0.818238E-01  0.781829E-01
  0.288558E+00  0.125839E+00  0.782456E-01
  0.288827E+00  0.104045E+00  0.783102E-01
  0.289095E+00  0.980748E-01  0.783760E-01
  0.289364E+00  0.121105E+00  0.784436E-01
  0.289632E+00  0.644168E-01  0.785123E-01
  0.289900E+00  0.767428E-01  0.785824E-01
  0.290169E+00  0.868848E-01  0.786542E-01
  0.290437E+00  0.108556E+00  0.787269E-01
  0.290706E+00  0.105356E+00  0.788012E-01
  0.290974E+00  0.750718E-01  0.788765E-01
  0.291242E+00  0.756468E-01  0.789529E-01
  0.291511E+00  0.129750E+00  0.790308E-01
  0.291779E+00  0.110914E+00  0.791096E-01
  0.292047E+00  0.919228E-01  0.791893E-01
  0.292316E+00  0.915588E-01  0.792705E-01
  0.292584E+00  0.550198E-01  0.793523E-01
  0.292853E+00  0.105047E+00  0.794354E-01
  0.293121E+00  0.959438E-01  0.795192E-01
  0.293389E+00  0.927148E-01  0.796038E-01
  0.293658E+00  0.109806E+00  0.796896E-01
  0.293926E+00  0.105911E+00  0.797759E-01
  0.294195E+00  0.477768E-01  0.798633E-01
  0.294463E+00  0.100305E+00  0.799510E-01
  0.294731E+00  0.978858E-01  0.800395E-01
  0.295000E+00  0.160628E+00  0.801290E-01
  0.295268E+00  0.130054E+00  0.802188E-01
  0.295537E+00  0.116394E+00  0.803094E-01
  0.295805E+00  0.105438E+00  0.804003E-01
  0.296073E+00  0.871948E-01  0.804917E-01
  0.296342E+00  0.973398E-01  0.805839E-01
  0.296610E+00  0.891658E-01  0.806761E-01
  0.296879E+00  0.923398E-01  0.807691E-01
  0.297147E+00  0.545458E-01  0.808621E-01
  0.297415E+00  0.922298E-01  0.809553E-01
  0.297684E+00  0.821178E-01  0.810492E-01
  0.297952E+00  0.156622E+00  0.811429E-01
  0.298221E+00  0.673868E-01  0.812372E-01
  0.298489E+00  0.992818E-01  0.813312E-01
  0.298757E+00  0.155187E+00  0.814253E-01
  0.299026E+00  0.130703E+00  0.815198E-01
  0.299294E+00  0.131215E+00  0.816140E-01
  0.299562E+00  0.167940E+00  0.817082E-01
  0.299831E+00  0.159121E+00  0.818026E-01
  0.300099E+00  0.117587E+00  0.818965E-01
  0.300368E+00  0.891778E-01  0.819906E-01
  0.300636E+00  0.968068E-01  0.820842E-01
  0.300904E+00  0.140715E+00  0.821776E-01
  0.301173E+00  0.738018E-01  0.822711E-01
  0.301441E+00  0.751868E-01  0.823640E-01
  0.301710E+00  0.909358E-01  0.824569E-01
  0.301978E+00  0.902678E-01  0.825491E-01
  0.302246E+00  0.123564E+00  0.826410E-01
  0.302515E+00  0.105145E+00  0.827328E-01
  0.302783E+00  0.781388E-01  0.828239E-01
  0.303052E+00  0.771028E-01  0.829148E-01
  0.303320E+00  0.407478E-01  0.830050E-01
  0.303588E+00  0.847318E-01  0.830946E-01
  0.303857E+00  0.114150E+00  0.831840E-01
  0.304125E+00  0.111479E+00  0.832726E-01
  0.304394E+00  0.103166E+00  0.833609E-01
  0.304662E+00  0.114674E+00  0.834482E-01
  0.304930E+00  0.602028E-01  0.835348E-01
  0.305199E+00  0.770628E-01  0.836211E-01
  0.305467E+00  0.830888E-01  0.837064E-01
  0.305736E+00  0.589458E-01  0.837912E-01
  0.306004E+00  0.112362E+00  0.838750E-01
  0.306272E+00  0.482738E-01  0.839579E-01
  0.306541E+00  0.595178E-01  0.840403E-01
  0.306809E+00  0.546228E-01  0.841216E-01
  0.307077E+00  0.861028E-01  0.842019E-01
  0.307346E+00  0.134210E+00  0.842816E-01
  0.307614E+00  0.125401E+00  0.843601E-01
  0.307883E+00  0.145620E+00  0.844378E-01
  0.308151E+00  0.111554E+00  0.845142E-01
  0.308419E+00  0.912448E-01  0.845896E-01
  0.308688E+00  0.726988E-01  0.846642E-01
  0.308956E+00  0.816688E-01  0.847374E-01
  0.309225E+00  0.139647E+00  0.848097E-01
  0.309493E+00  0.146617E+00  0.848805E-01
  0.309761E+00  0.751868E-01  0.849502E-01
  0.310030E+00  0.400538E-01  0.850188E-01
  0.310298E+00  0.111204E+00  0.850860E-01
  0.310567E+00  0.138854E+00  0.851521E-01
  0.310835E+00  0.914898E-01  0.852166E-01
  0.311103E+00  0.497758E-01  0.852799E-01
  0.311372E+00  0.375378E-01  0.853420E-01
  0.311640E+00  0.681578E-01  0.854026E-01
  0.311909E+00  0.719298E-01  0.854620E-01
  0.312177E+00  0.112775E+00  0.855199E-01
  0.312445E+00  0.114045E+00  0.855764E-01
  0.312714E+00  0.132500E+00  0.856317E-01
  0.312982E+00  0.641128E-01  0.856854E-01
  0.313251E+00  0.523108E-01  0.857378E-01
  0.313519E+00  0.566858E-01  0.857886E-01
  0.313787E+00  0.108025E+00  0.858380E-01
  0.314056E+00  0.107428E+00  0.858861E-01
  0.314324E+00  0.966818E-01  0.859326E-01
  0.314593E+00  0.121082E+00  0.859777E-01
  0.314861E+00  0.996638E-01  0.860212E-01
  0.315129E+00  0.677378E-01  0.860631E-01
  0.315398E+00  0.913368E-01  0.861037E-01
  0.315666E+00  0.128738E+00  0.861426E-01
  0.315934E+00  0.103556E+00  0.861799E-01
  0.316203E+00  0.747808E-01  0.862158E-01
  0.316471E+00  0.151990E+00  0.862500E-01
  0.316740E+00  0.745958E-01  0.862828E-01
  0.317008E+00  0.852958E-01  0.863138E-01
  0.317276E+00  0.125674E+00  0.863432E-01
  0.317545E+00  0.625088E-01  0.863711E-01
  0.317813E+00  0.858538E-01  0.863972E-01
  0.318082E+00  0.103533E+00  0.864218E-01
  0.318350E+00  0.603148E-01  0.864446E-01
  0.318618E+00  0.351448E-01  0.864657E-01
  0.318887E+00  0.109989E+00  0.864853E-01
  0.319155E+00  0.147389E+00  0.865030E-01
  0.319424E+00  0.104912E+00  0.865191E-01
  0.319692E+00  0.366398E-01  0.865335E-01
  0.319960E+00  0.758068E-01  0.865461E-01
  0.320229E+00  0.811258E-01  0.865570E-01
  0.320497E+00  0.135809E+00  0.865661E-01
  0.320766E+00  0.108915E+00  0.865735E-01
  0.321034E+00  0.107827E+00  0.865791E-01
  0.321302E+00  0.103469E+00  0.865831E-01
  0.321571E+00  0.522068E-01  0.865853E-01
  0.321839E+00  0.746228E-01  0.865858E-01
  0.322108E+00  0.742508E-01  0.865846E-01
  0.322376E+00  0.115822E+00  0.865817E-01
  0.322644E+00  0.110056E+00  0.865772E-01
  0.322913E+00  0.115919E+00  0.865709E-01
  0.323181E+00  0.112267E+00  0.865630E-01
  0.323449E+00  0.820578E-01  0.865535E-01
  0.323718E+00  0.865648E-01  0.865422E-01
  0.323986E+00  0.894158E-01  0.865294E-01
  0.324255E+00  0.564358E-01  0.865148E-01
  0.324523E+00  0.114965E+00  0.864987E-01
  0.324791E+00  0.816948E-01  0.864810E-01
  0.325060E+00  0.532038E-01  0.864616E-01
  0.325328E+00  0.497658E-01  0.864407E-01
  0.325597E+00  0.248608E-01  0.864181E-01
  0.325865E+00  0.101439E+00  0.863940E-01
  0.326133E+00  0.125238E+00  0.863683E-01
  0.326402E+00  0.603028E-01  0.863410E-01
  0.326670E+00  0.907668E-01  0.863122E-01
  0.326939E+00 -0.582605E-03  0.862817E-01
  0.327207E+00  0.806230E-02  0.862499E-01
  0.327475E+00  0.994948E-01  0.862165E-01
  0.327744E+00  0.749608E-01  0.861814E-01
  0.328012E+00  0.496548E-01  0.861450E-01
  0.328281E+00  0.113710E+00  0.861069E-01
  0.328549E+00  0.146342E+00  0.860675E-01
  0.328817E+00  0.122996E+00  0.860266E-01
  0.329086E+00  0.153718E+00  0.859841E-01
  0.329354E+00  0.718188E-01  0.859402E-01
  0.329623E+00  0.136417E+00  0.858948E-01
  0.329891E+00  0.867288E-01  0.858481E-01
  0.330159E+00  0.471898E-01  0.857999E-01
  0.330428E+00  0.939948E-01  0.857502E-01
  0.330696E+00  0.775588E-01  0.856992E-01
  0.330964E+00  0.945878E-01  0.856469E-01
  0.331233E+00  0.159738E+00  0.855931E-01
  0.331501E+00  0.984758E-01  0.855381E-01
  0.331770E+00  0.580378E-01  0.854816E-01
  0.332038E+00  0.331268E-01  0.854240E-01
  0.332306E+00  0.501468E-01  0.853653E-01
  0.332575E+00  0.879268E-01  0.853050E-01
  0.332843E+00  0.937988E-01  0.852438E-01
  0.333112E+00  0.570528E-01  0.851812E-01
  0.333380E+00  0.819488E-01  0.851176E-01
  0.333648E+00  0.915308E-01  0.850529E-01
  0.333917E+00  0.788878E-01  0.849869E-01
  0.334185E+00  0.772808E-01  0.849200E-01
  0.334454E+00  0.737858E-01  0.848519E-01
  0.334722E+00  0.880278E-01  0.847829E-01
  0.334990E+00  0.113735E+00  0.847129E-01
  0.335259E+00  0.810548E-01  0.846417E-01
  0.335527E+00  0.672008E-01  0.845698E-01
  0.335796E+00  0.815908E-01  0.844966E-01
  0.336064E+00  0.757618E-01  0.844228E-01
  0.336332E+00  0.140720E+00  0.843482E-01
  0.336601E+00  0.987708E-01  0.842723E-01
  0.336869E+00  0.103930E+00  0.841959E-01
  0.337138E+00  0.165261E+00  0.841184E-01
  0.337406E+00  0.107825E+00  0.840404E-01
  0.337674E+00  0.110608E+00  0.839616E-01
  0.337943E+00  0.668478E-01  0.838817E-01
  0.338211E+00  0.420008E-01  0.838014E-01
  0.338479E+00  0.103143E+00  0.837204E-01
  0.338748E+00  0.120525E+00  0.836384E-01
  0.339016E+00  0.592898E-01  0.835560E-01
  0.339285E+00  0.530358E-01  0.834727E-01
  0.339553E+00  0.818628E-01  0.833890E-01
  0.339821E+00  0.824058E-01  0.833048E-01
  0.340090E+00  0.107897E+00  0.832197E-01
  0.340358E+00  0.527758E-01  0.831343E-01
  0.340627E+00  0.679498E-01  0.830481E-01
  0.340895E+00  0.992758E-01  0.829618E-01
  0.341163E+00  0.874758E-01  0.828749E-01
  0.341432E+00  0.130639E+00  0.827873E-01
  0.341700E+00  0.101143E+00  0.826996E-01
  0.341969E+00  0.148447E+00  0.826111E-01
  0.342237E+00  0.120272E+00  0.825226E-01
  0.342505E+00  0.414108E-01  0.824338E-01
  0.342774E+00  0.908408E-01  0.823443E-01
  0.343042E+00  0.135194E+00  0.822549E-01
  0.343311E+00  0.963488E-01  0.821648E-01
  0.343579E+00  0.903658E-01  0.820749E-01
  0.343847E+00  0.116096E+00  0.819847E-01
  0.344116E+00  0.889548E-01  0.818940E-01
  0.344384E+00  0.841898E-01  0.818035E-01
  0.344653E+00  0.812498E-01  0.817125E-01
  0.344921E+00  0.101937E+00  0.816217E-01
  0.345189E+00  0.332210E-02  0.815308E-01
  0.345458E+00  0.414648E-01  0.814395E-01
  0.345726E+00  0.143618E+00  0.813485E-01
  0.345994E+00  0.795748E-01  0.812575E-01
  0.346263E+00  0.512368E-01  0.811661E-01
  0.346531E+00  0.127105E+00  0.810751E-01
  0.346800E+00  0.935338E-01  0.809838E-01
  0.347068E+00  0.792888E-01  0.808930E-01
  0.347336E+00  0.601328E-01  0.808022E-01
  0.347605E+00  0.552798E-01  0.807112E-01
  0.347873E+00  0.733378E-01  0.806207E-01
  0.348142E+00  0.836978E-01  0.805300E-01
  0.348410E+00  0.405928E-01  0.804399E-01
  0.348678E+00  0.693498E-01  0.803500E-01
  0.348947E+00  0.154252E+00  0.802599E-01
  0.349215E+00  0.113142E+00  0.801705E-01
  0.349484E+00  0.140764E+00  0.800810E-01
  0.349752E+00  0.116902E+00  0.799922E-01
  0.350020E+00  0.981088E-01  0.799037E-01
  0.350289E+00  0.160148E+00  0.798152E-01
  0.350557E+00  0.110286E+00  0.797274E-01
  0.350826E+00  0.112138E+00  0.796397E-01
  0.351094E+00  0.569588E-01  0.795526E-01
  0.351362E+00  0.107240E+00  0.794660E-01
  0.351631E+00  0.656568E-01  0.793794E-01
  0.351899E+00  0.681308E-01  0.792936E-01
  0.352168E+00  0.110378E+00  0.792079E-01
  0.352436E+00  0.836228E-01  0.791229E-01
  0.352704E+00  0.694318E-01  0.790384E-01
  0.352973E+00  0.473678E-01  0.789540E-01
  0.353241E+00  0.608038E-01  0.788704E-01
  0.353509E+00  0.470428E-01  0.787873E-01
  0.353778E+00  0.563358E-01  0.787043E-01
  0.354046E+00  0.949408E-01  0.786222E-01
  0.354315E+00  0.824018E-01  0.785403E-01
  0.354583E+00  0.127683E+00  0.784592E-01
  0.354851E+00  0.129147E+00  0.783786E-01
  0.355120E+00  0.141735E+00  0.782982E-01
  0.355388E+00  0.125917E+00  0.782187E-01
  0.355657E+00  0.541558E-01  0.781395E-01
  0.355925E+00  0.472888E-01  0.780611E-01
  0.356193E+00  0.342148E-01  0.779833E-01
  0.356462E+00  0.328858E-01  0.779058E-01
  0.356730E+00  0.855638E-01  0.778292E-01
  0.356999E+00  0.112640E+00  0.777529E-01
  0.357267E+00  0.150377E+00  0.776776E-01
  0.357535E+00  0.125495E+00  0.776028E-01
  0.357804E+00  0.109475E+00  0.775284E-01
  0.358072E+00  0.694918E-01  0.774549E-01
  0.358341E+00  0.523578E-01  0.773818E-01
  0.358609E+00  0.138418E+00  0.773097E-01
  0.358877E+00  0.128605E+00  0.772382E-01
  0.359146E+00  0.600628E-01  0.771671E-01
  0.359414E+00  0.793498E-01  0.770970E-01
  0.359683E+00  0.102243E+00  0.770274E-01
  0.359951E+00  0.455698E-01  0.769587E-01
  0.360219E+00 -0.166865E-01  0.768907E-01
  0.360488E+00  0.375868E-01  0.768232E-01
  0.360756E+00  0.756058E-01  0.767567E-01
  0.361024E+00  0.797988E-01  0.766908E-01
  0.361293E+00  0.788968E-01  0.766254E-01
  0.361561E+00  0.788358E-01  0.765609E-01
  0.361830E+00  0.631268E-01  0.764968E-01
  0.362098E+00  0.616028E-01  0.764337E-01
  0.362366E+00  0.224568E-01  0.763711E-01
  0.362635E+00  0.327808E-01  0.763090E-01
  0.362903E+00  0.443548E-01  0.762477E-01
  0.363172E+00  0.134510E+00  0.761868E-01
  0.363440E+00  0.768748E-01  0.761268E-01
  0.363708E+00  0.920998E-01  0.760673E-01
  0.363977E+00  0.887978E-01  0.760082E-01
  0.364245E+00  0.949768E-01  0.759499E-01
  0.364514E+00  0.533248E-01  0.758920E-01
  0.364782E+00  0.880578E-01  0.758348E-01
  0.365050E+00  0.972388E-01  0.757782E-01
  0.365319E+00  0.913928E-01  0.757219E-01
  0.365587E+00  0.201528E-01  0.756663E-01
  0.365856E+00  0.661148E-01  0.756110E-01
  0.366124E+00  0.113677E+00  0.755565E-01
  0.366392E+00  0.778368E-01  0.755024E-01
  0.366661E+00  0.680058E-01  0.754487E-01
  0.366929E+00  0.734438E-01  0.753956E-01
  0.367198E+00  0.871858E-01  0.753428E-01
  0.367466E+00  0.651148E-01  0.752906E-01
  0.367734E+00  0.706528E-01  0.752389E-01
  0.368003E+00  0.972608E-01  0.751875E-01
  0.368271E+00  0.985898E-01  0.751367E-01
  0.368539E+00  0.997868E-01  0.750863E-01
  0.368808E+00  0.104457E+00  0.750361E-01
  0.369076E+00  0.511678E-01  0.749865E-01
  0.369345E+00  0.991158E-01  0.749371E-01
  0.369613E+00  0.579588E-01  0.748884E-01
  0.369881E+00  0.646898E-01  0.748399E-01
  0.370150E+00  0.267148E-01  0.747917E-01
  0.370418E+00  0.674808E-01  0.747440E-01
  0.370687E+00 -0.630250E-02  0.746965E-01
  0.370955E+00  0.541648E-01  0.746494E-01
  0.371223E+00  0.997788E-01  0.746026E-01
  0.371492E+00  0.110647E+00  0.745559E-01
  0.371760E+00  0.617008E-01  0.745096E-01
  0.372029E+00  0.122351E+00  0.744634E-01
  0.372297E+00  0.119185E+00  0.744175E-01
  0.372565E+00  0.105465E+00  0.743717E-01
  0.372834E+00  0.537278E-01  0.743260E-01
  0.373102E+00  0.318878E-01  0.742805E-01
  0.373371E+00  0.625238E-01  0.742349E-01
  0.373639E+00  0.905908E-01  0.741896E-01
  0.373907E+00  0.683698E-01  0.741444E-01
  0.374176E+00  0.553418E-01  0.740990E-01
  0.374444E+00  0.507188E-01  0.740537E-01
  0.374713E+00  0.583938E-01  0.740083E-01
  0.374981E+00  0.590638E-01  0.739630E-01
  0.375249E+00  0.120758E+00  0.739177E-01
  0.375518E+00  0.852138E-01  0.738721E-01
  0.375786E+00  0.481268E-01  0.738265E-01
  0.376055E+00  0.665128E-01  0.737807E-01
  0.376323E+00  0.228768E-01  0.737348E-01
  0.376591E+00  0.621818E-01  0.736888E-01
  0.376860E+00  0.556908E-01  0.736424E-01
  0.377128E+00  0.798158E-01  0.735959E-01
  0.377396E+00  0.789998E-01  0.735493E-01
  0.377665E+00  0.867858E-01  0.735021E-01
  0.377933E+00  0.135589E+00  0.734549E-01
  0.378202E+00  0.101001E+00  0.734072E-01
  0.378470E+00  0.566858E-01  0.733593E-01
  0.378738E+00  0.335408E-01  0.733110E-01
  0.379007E+00  0.755958E-01  0.732622E-01
  0.379275E+00  0.930378E-01  0.732132E-01
  0.379544E+00  0.436248E-01  0.731636E-01
  0.379812E+00  0.223968E-01  0.731137E-01
  0.380080E+00  0.686968E-01  0.730634E-01
  0.380349E+00  0.103049E+00  0.730123E-01
  0.380617E+00  0.113786E+00  0.729610E-01
  0.380886E+00  0.950538E-01  0.729090E-01
  0.381154E+00  0.986818E-01  0.728566E-01
  0.381422E+00  0.168967E+00  0.728036E-01
  0.381691E+00  0.107214E+00  0.727499E-01
  0.381959E+00  0.102700E+00  0.726957E-01
  0.382228E+00  0.128546E+00  0.726408E-01
  0.382496E+00  0.210998E-01  0.725853E-01
  0.382764E+00  0.351708E-01  0.725293E-01
  0.383033E+00  0.694128E-01  0.724723E-01
  0.383301E+00  0.471578E-01  0.724149E-01
  0.383570E+00  0.874158E-01  0.723565E-01
  0.383838E+00  0.909658E-01  0.722976E-01
  0.384106E+00  0.814418E-01  0.722380E-01
  0.384375E+00 -0.686505E-03  0.721774E-01
  0.384643E+00 -0.193213E-01  0.721162E-01
  0.384911E+00  0.610468E-01  0.720542E-01
  0.385180E+00 -0.287809E-01  0.719911E-01
  0.385448E+00  0.270368E-01  0.719274E-01
  0.385717E+00  0.350098E-01  0.718626E-01
  0.385985E+00  0.460888E-01  0.717972E-01
  0.386253E+00  0.952858E-01  0.717309E-01
  0.386522E+00  0.978988E-01  0.716634E-01
  0.386790E+00  0.262468E-01  0.715952E-01
  0.387059E+00  0.434238E-01  0.715259E-01
  0.387327E+00  0.866508E-01  0.714558E-01
  0.387595E+00  0.510248E-01  0.713847E-01
  0.387864E+00  0.120299E+00  0.713124E-01
  0.388132E+00  0.961668E-01  0.712393E-01
  0.388401E+00  0.943688E-01  0.711648E-01
  0.388669E+00  0.178358E-01  0.710897E-01
  0.388937E+00  0.542048E-01  0.710134E-01
  0.389206E+00 -0.212680E-01  0.709358E-01
  0.389474E+00  0.119808E-01  0.708573E-01
  0.389743E+00  0.121098E-01  0.707774E-01
  0.390011E+00  0.999908E-01  0.706967E-01
  0.390279E+00  0.785358E-01  0.706149E-01
  0.390548E+00  0.790328E-01  0.705316E-01
  0.390816E+00  0.321708E-01  0.704474E-01
  0.391085E+00  0.635808E-01  0.703618E-01
  0.391353E+00  0.112203E+00  0.702753E-01
  0.391621E+00  0.889808E-01  0.701877E-01
  0.391890E+00  0.566040E-02  0.700986E-01
  0.392158E+00  0.487748E-01  0.700087E-01
  0.392426E+00  0.804418E-01  0.699177E-01
  0.392695E+00  0.696938E-01  0.698251E-01
  0.392963E+00  0.940508E-01  0.697318E-01
  0.393232E+00  0.510508E-01  0.696369E-01
  0.393500E+00  0.309608E-01  0.695413E-01
  0.393768E+00  0.825848E-01  0.694445E-01
  0.394037E+00  0.888168E-01  0.693462E-01
  0.394305E+00  0.105774E+00  0.692471E-01
  0.394574E+00  0.728658E-01  0.691465E-01
  0.394842E+00  0.601078E-01  0.690452E-01
  0.395110E+00  0.103503E+00  0.689427E-01
  0.395379E+00  0.109110E+00  0.688387E-01
  0.395647E+00  0.192158E-01  0.687339E-01
  0.395916E+00  0.604918E-01  0.686276E-01
  0.396184E+00  0.313588E-01  0.685206E-01
  0.396452E+00  0.791848E-01  0.684124E-01
  0.396721E+00  0.107292E+00  0.683027E-01
  0.396989E+00  0.334538E-01  0.681923E-01
  0.397258E+00  0.471748E-01  0.680803E-01
  0.397526E+00  0.545098E-01  0.679676E-01
  0.397794E+00  0.785448E-01  0.678538E-01
  0.398063E+00  0.847478E-01  0.677385E-01
  0.398331E+00  0.118729E+00  0.676224E-01
  0.398600E+00  0.111237E+00  0.675048E-01
  0.398868E+00  0.106042E+00  0.673866E-01
  0.399136E+00  0.584738E-01  0.672672E-01
  0.399405E+00  0.121769E+00  0.671463E-01
  0.399673E+00  0.149038E+00  0.670247E-01
  0.399941E+00  0.959268E-01  0.669020E-01
  0.400210E+00  0.949828E-01  0.667778E-01
  0.400478E+00  0.889738E-01  0.666529E-01
  0.400747E+00  0.318218E-01  0.665265E-01
  0.401015E+00  0.745428E-01  0.663996E-01
  0.401283E+00  0.707558E-01  0.662716E-01
  0.401552E+00  0.787018E-01  0.661422E-01
  0.401820E+00  0.813128E-01  0.660123E-01
  0.402089E+00  0.661458E-01  0.658810E-01
  0.402357E+00  0.447418E-01  0.657493E-01
  0.402625E+00  0.633518E-01  0.656167E-01
  0.402894E+00  0.571198E-01  0.654828E-01
  0.403162E+00  0.955578E-01  0.653485E-01
  0.403431E+00  0.217978E-01  0.652129E-01
  0.403699E+00  0.580758E-01  0.650771E-01
  0.403967E+00  0.541708E-01  0.649404E-01
  0.404236E+00  0.401508E-01  0.648026E-01
  0.404504E+00  0.216168E-01  0.646645E-01
  0.404773E+00 -0.136690E-02  0.645252E-01
  0.405041E+00  0.440808E-01  0.643858E-01
  0.405309E+00  0.837088E-01  0.642457E-01
  0.405578E+00  0.735108E-01  0.641045E-01
  0.405846E+00  0.138167E+00  0.639632E-01
  0.406115E+00  0.974198E-01  0.638208E-01
  0.406383E+00  0.783948E-01  0.636784E-01
  0.406651E+00  0.135090E+00  0.635355E-01
  0.406920E+00  0.104802E+00  0.633915E-01
  0.407188E+00  0.135826E+00  0.632476E-01
  0.407456E+00  0.128886E+00  0.631032E-01
  0.407725E+00  0.790648E-01  0.629578E-01
  0.407993E+00  0.824808E-01  0.628126E-01
  0.408262E+00  0.934668E-01  0.626664E-01
  0.408530E+00  0.428768E-01  0.625204E-01
  0.408798E+00  0.364378E-01  0.623740E-01
  0.409067E+00  0.390738E-01  0.622267E-01
  0.409335E+00  0.119725E+00  0.620797E-01
  0.409604E+00  0.820188E-01  0.619319E-01
  0.409872E+00  0.448708E-01  0.617843E-01
  0.410140E+00  0.600838E-01  0.616365E-01
  0.410409E+00  0.865528E-01  0.614879E-01
  0.410677E+00  0.112438E+00  0.613397E-01
  0.410946E+00  0.746108E-01  0.611908E-01
  0.411214E+00  0.129952E+00  0.610423E-01
  0.411482E+00  0.117418E+00  0.608938E-01
  0.411751E+00  0.131248E+00  0.607446E-01
  0.412019E+00  0.134517E+00  0.605961E-01
  0.412288E+00  0.107680E+00  0.604470E-01
  0.412556E+00  0.773488E-01  0.602986E-01
  0.412824E+00  0.720308E-01  0.601503E-01
  0.413093E+00  0.688508E-01  0.600015E-01
  0.413361E+00  0.395768E-01  0.598535E-01
  0.413630E+00  0.342868E-01  0.597052E-01
  0.413898E+00  0.161768E-01  0.595577E-01
  0.414166E+00 -0.928480E-02  0.594105E-01
  0.414435E+00  0.407528E-01  0.592630E-01
  0.414703E+00  0.413978E-01  0.591165E-01
  0.414971E+00  0.905748E-01  0.589703E-01
  0.415240E+00  0.260748E-01  0.588240E-01
  0.415508E+00  0.385118E-01  0.586787E-01
  0.415777E+00  0.921318E-01  0.585334E-01
  0.416045E+00  0.108406E+00  0.583891E-01
  0.416313E+00  0.453468E-01  0.582453E-01
  0.416582E+00  0.355098E-01  0.581016E-01
  0.416850E+00  0.501248E-01  0.579591E-01
  0.417119E+00  0.193368E-01  0.578166E-01
  0.417387E+00  0.748328E-01  0.576754E-01
  0.417655E+00  0.110182E+00  0.575348E-01
  0.417924E+00  0.960088E-01  0.573945E-01
  0.418192E+00  0.127084E+00  0.572554E-01
  0.418461E+00  0.912708E-01  0.571166E-01
  0.418729E+00  0.995838E-01  0.569791E-01
  0.418997E+00  0.114034E+00  0.568425E-01
  0.419266E+00  0.110182E+00  0.567063E-01
  0.419534E+00  0.775528E-01  0.565714E-01
  0.419803E+00  0.532728E-01  0.564370E-01
  0.420071E+00  0.918038E-01  0.563040E-01
  0.420339E+00  0.892928E-01  0.561720E-01
  0.420608E+00  0.539178E-01  0.560406E-01
  0.420876E+00  0.453538E-01  0.559106E-01
  0.421145E+00  0.348928E-01  0.557812E-01
  0.421413E+00  0.201938E-01  0.556534E-01
  0.421681E+00  0.320858E-01  0.555267E-01
  0.421950E+00  0.708088E-01  0.554006E-01
  0.422218E+00  0.759408E-01  0.552762E-01
  0.422486E+00  0.612568E-01  0.551529E-01
  0.422755E+00  0.774108E-01  0.550304E-01
  0.423023E+00  0.119046E+00  0.549096E-01
  0.423292E+00  0.842708E-01  0.547896E-01
  0.423560E+00 -0.272450E-02  0.546712E-01
  0.423828E+00  0.238388E-01  0.545542E-01
  0.424097E+00  0.696998E-01  0.544380E-01
  0.424365E+00  0.105427E+00  0.543237E-01
  0.424634E+00  0.782498E-01  0.542102E-01
  0.424902E+00  0.118915E+00  0.540986E-01
  0.425170E+00  0.563828E-01  0.539883E-01
  0.425439E+00  0.224210E-02  0.538791E-01
  0.425707E+00  0.446878E-01  0.537717E-01
  0.425976E+00  0.849948E-01  0.536654E-01
  0.426244E+00  0.884718E-01  0.535610E-01
  0.426512E+00  0.137782E+00  0.534581E-01
  0.426781E+00  0.106798E+00  0.533563E-01
  0.427049E+00  0.626668E-01  0.532565E-01
  0.427318E+00  0.804808E-01  0.531579E-01
  0.427586E+00  0.573218E-01  0.530612E-01
  0.427854E+00  0.115812E+00  0.529662E-01
  0.428123E+00  0.118692E+00  0.528724E-01
  0.428391E+00  0.832348E-01  0.527807E-01
  0.428660E+00  0.980128E-01  0.526903E-01
  0.428928E+00  0.789728E-01  0.526019E-01
  0.429196E+00  0.539538E-01  0.525153E-01
  0.429465E+00  0.146809E+00  0.524300E-01
  0.429733E+00  0.273848E-01  0.523469E-01
  0.430002E+00  0.424818E-01  0.522652E-01
  0.430270E+00  0.217858E-01  0.521856E-01
  0.430538E+00  0.974478E-01  0.521079E-01
  0.430807E+00  0.121178E+00  0.520316E-01
  0.431075E+00  0.937618E-01  0.519574E-01
  0.431343E+00  0.139812E+00  0.518850E-01
  0.431612E+00  0.874758E-01  0.518141E-01
  0.431880E+00  0.978568E-01  0.517452E-01
  0.432149E+00  0.131429E+00  0.516779E-01
  0.432417E+00  0.720348E-01  0.516125E-01
  0.432685E+00  0.521038E-01  0.515490E-01
  0.432954E+00  0.815198E-01  0.514870E-01
  0.433222E+00  0.666528E-01  0.514269E-01
  0.433491E+00  0.375038E-01  0.513684E-01
  0.433759E+00  0.623968E-01  0.513119E-01
  0.434027E+00  0.953708E-01  0.512571E-01
  0.434296E+00  0.112107E+00  0.512039E-01
  0.434564E+00  0.100798E+00  0.511526E-01
  0.434833E+00  0.849098E-01  0.511029E-01
  0.435101E+00  0.104198E+00  0.510551E-01
  0.435369E+00  0.117043E+00  0.510091E-01
  0.435638E+00  0.989078E-01  0.509646E-01
  0.435906E+00  0.873168E-01  0.509220E-01
  0.436175E+00  0.638628E-01  0.508810E-01
  0.436443E+00  0.896588E-01  0.508419E-01
  0.436711E+00  0.814248E-01  0.508045E-01
  0.436980E+00  0.101608E+00  0.507687E-01
  0.437248E+00  0.512768E-01  0.507348E-01
  0.437517E+00  0.673898E-01  0.507025E-01
  0.437785E+00  0.876088E-01  0.506721E-01
  0.438053E+00  0.118586E+00  0.506434E-01
  0.438322E+00  0.766548E-01  0.506163E-01
  0.438590E+00  0.613758E-01  0.505910E-01
  0.438858E+00  0.650948E-01  0.505675E-01
  0.439127E+00  0.115660E+00  0.505456E-01
  0.439395E+00  0.928988E-01  0.505256E-01
  0.439664E+00  0.882038E-01  0.505072E-01
  0.439932E+00  0.929858E-01  0.504906E-01
  0.440200E+00  0.116474E+00  0.504758E-01
  0.440469E+00  0.723528E-01  0.504626E-01
  0.440737E+00  0.961358E-01  0.504512E-01
  0.441006E+00  0.822528E-01  0.504414E-01
  0.441274E+00  0.607228E-01  0.504333E-01
  0.441542E+00  0.634138E-01  0.504269E-01
  0.441811E+00  0.917028E-01  0.504220E-01
  0.442079E+00  0.909978E-01  0.504187E-01
  0.442348E+00  0.867228E-01  0.504171E-01
  0.442616E+00  0.485658E-01  0.504169E-01
  0.442884E+00  0.110584E+00  0.504183E-01
  0.443153E+00  0.145052E+00  0.504212E-01
  0.443421E+00  0.164745E+00  0.504256E-01
  0.443690E+00  0.780298E-01  0.504315E-01
  0.443958E+00  0.250468E-01  0.504388E-01
  0.444226E+00  0.608088E-01  0.504475E-01
  0.444495E+00  0.661108E-01  0.504577E-01
  0.444763E+00  0.110584E+00  0.504692E-01
  0.445032E+00  0.976418E-01  0.504821E-01
  0.445300E+00  0.638368E-01  0.504963E-01
  0.445568E+00  0.115813E+00  0.505119E-01
  0.445837E+00  0.908288E-01  0.505288E-01
  0.446105E+00  0.127188E+00  0.505470E-01
  0.446373E+00  0.447248E-01  0.505664E-01
  0.446642E+00  0.811228E-01  0.505871E-01
  0.446910E+00  0.622618E-01  0.506090E-01
  0.447179E+00  0.816748E-01  0.506322E-01
  0.447447E+00  0.711328E-01  0.506565E-01
  0.447715E+00  0.422638E-01  0.506819E-01
  0.447984E+00  0.113112E+00  0.507086E-01
  0.448252E+00  0.830108E-01  0.507364E-01
  0.448521E+00  0.760708E-01  0.507653E-01
  0.448789E+00  0.108316E+00  0.507953E-01
  0.449057E+00  0.777508E-01  0.508263E-01
  0.449326E+00  0.698708E-01  0.508585E-01
  0.449594E+00  0.940578E-01  0.508916E-01
  0.449863E+00  0.338478E-01  0.509259E-01
  0.450131E+00  0.867468E-01  0.509610E-01
  0.450399E+00  0.915228E-01  0.509971E-01
  0.450668E+00  0.117208E+00  0.510343E-01
  0.450936E+00  0.716498E-01  0.510723E-01
  0.451205E+00  0.824458E-01  0.511114E-01
  0.451473E+00  0.644308E-01  0.511512E-01
  0.451741E+00  0.809378E-01  0.511919E-01
  0.452010E+00  0.167385E+00  0.512336E-01
  0.452278E+00  0.105745E+00  0.512760E-01
  0.452547E+00  0.842068E-01  0.513193E-01
  0.452815E+00  0.403268E-01  0.513633E-01
  0.453083E+00  0.290888E-01  0.514080E-01
  0.453352E+00  0.206168E-01  0.514537E-01
  0.453620E+00  0.829228E-01  0.514999E-01
  0.453888E+00  0.882008E-01  0.515468E-01
  0.454157E+00  0.100652E+00  0.515945E-01
  0.454425E+00  0.113175E+00  0.516428E-01
  0.454694E+00  0.793268E-01  0.516919E-01
  0.454962E+00  0.116165E+00  0.517414E-01
  0.455230E+00  0.846938E-01  0.517915E-01
  0.455499E+00  0.854118E-01  0.518424E-01
  0.455767E+00  0.892028E-01  0.518936E-01
  0.456036E+00  0.121355E+00  0.519455E-01
  0.456304E+00  0.127714E+00  0.519978E-01
  0.456572E+00  0.117338E+00  0.520506E-01
  0.456841E+00  0.806518E-01  0.521040E-01
  0.457109E+00  0.955768E-01  0.521576E-01
  0.457378E+00  0.737128E-01  0.522119E-01
  0.457646E+00  0.749988E-01  0.522664E-01
  0.457914E+00  0.955438E-01  0.523213E-01
  0.458183E+00  0.100037E+00  0.523767E-01
  0.458451E+00  0.812128E-01  0.524322E-01
  0.458720E+00  0.844988E-01  0.524882E-01
  0.458988E+00  0.981278E-01  0.525444E-01
  0.459256E+00  0.125991E+00  0.526008E-01
  0.459525E+00  0.306628E-01  0.526576E-01
  0.459793E+00  0.850898E-01  0.527144E-01
  0.460062E+00  0.147644E+00  0.527717E-01
  0.460330E+00  0.747328E-01  0.528289E-01
  0.460598E+00  0.449088E-01  0.528862E-01
  0.460867E+00  0.650468E-01  0.529439E-01
  0.461135E+00  0.982258E-01  0.530016E-01
  0.461403E+00  0.373848E-01  0.530593E-01
  0.461672E+00  0.765258E-01  0.531174E-01
  0.461940E+00  0.635958E-01  0.531754E-01
  0.462209E+00  0.766198E-01  0.532337E-01
  0.462477E+00  0.648218E-01  0.532918E-01
  0.462745E+00  0.832828E-01  0.533500E-01
  0.463014E+00  0.738598E-01  0.534084E-01
  0.463282E+00  0.399328E-01  0.534667E-01
  0.463551E+00  0.656078E-01  0.535252E-01
  0.463819E+00  0.103811E+00  0.535836E-01
  0.464087E+00  0.745128E-01  0.536419E-01
  0.464356E+00  0.766018E-01  0.537004E-01
  0.464624E+00  0.384718E-01  0.537587E-01
  0.464893E+00  0.102886E+00  0.538171E-01
  0.465161E+00  0.905258E-01  0.538753E-01
  0.465429E+00  0.591648E-01  0.539334E-01
  0.465698E+00  0.313768E-01  0.539917E-01
  0.465966E+00  0.679218E-01  0.540497E-01
  0.466235E+00  0.446758E-01  0.541077E-01
  0.466503E+00  0.528310E-02  0.541655E-01
  0.466771E+00  0.116988E+00  0.542231E-01
  0.467040E+00  0.131270E+00  0.542808E-01
  0.467308E+00  0.135548E+00  0.543381E-01
  0.467577E+00  0.922358E-01  0.543955E-01
  0.467845E+00  0.106818E+00  0.544524E-01
  0.468113E+00  0.101666E+00  0.545092E-01
  0.468382E+00  0.111170E+00  0.545660E-01
  0.468650E+00  0.990288E-01  0.546223E-01
  0.468918E+00  0.686388E-01  0.546785E-01
  0.469187E+00  0.108385E+00  0.547345E-01
  0.469455E+00  0.972498E-01  0.547901E-01
  0.469724E+00  0.987178E-01  0.548457E-01
  0.469992E+00  0.955798E-01  0.549007E-01
  0.470260E+00  0.997828E-01  0.549554E-01
  0.470529E+00  0.634728E-01  0.550101E-01
  0.470797E+00  0.834898E-01  0.550642E-01
  0.471066E+00  0.772638E-01  0.551182E-01
  0.471334E+00  0.777558E-01  0.551717E-01
  0.471602E+00  0.124959E+00  0.552249E-01
  0.471871E+00  0.755928E-01  0.552779E-01
  0.472139E+00  0.627408E-01  0.553304E-01
  0.472408E+00  0.110165E-01  0.553828E-01
  0.472676E+00  0.482898E-01  0.554346E-01
  0.472944E+00  0.146135E+00  0.554861E-01
  0.473213E+00  0.102227E+00  0.555374E-01
  0.473481E+00  0.116773E+00  0.555882E-01
  0.473750E+00  0.167155E+00  0.556388E-01
  0.474018E+00  0.155640E+00  0.556889E-01
  0.474286E+00  0.103624E+00  0.557386E-01
  0.474555E+00  0.827248E-01  0.557881E-01
  0.474823E+00  0.899588E-01  0.558371E-01
  0.475092E+00  0.934918E-01  0.558859E-01
  0.475360E+00  0.691848E-01  0.559341E-01
  0.475628E+00  0.917108E-01  0.559819E-01
  0.475897E+00  0.631978E-01  0.560296E-01
  0.476165E+00  0.891668E-01  0.560766E-01
  0.476433E+00  0.104335E+00  0.561233E-01
  0.476702E+00  0.116938E+00  0.561697E-01
  0.476970E+00  0.630428E-01  0.562156E-01
  0.477239E+00  0.749448E-01  0.562612E-01
  0.477507E+00  0.109600E+00  0.563062E-01
  0.477775E+00  0.128400E+00  0.563508E-01
  0.478044E+00  0.869208E-01  0.563952E-01
  0.478312E+00  0.671548E-01  0.564390E-01
  0.478581E+00  0.130039E+00  0.564825E-01
  0.478849E+00  0.121913E+00  0.565254E-01
  0.479117E+00  0.798328E-01  0.565679E-01
  0.479386E+00  0.836498E-01  0.566101E-01
  0.479654E+00  0.559898E-01  0.566516E-01
  0.479923E+00  0.615048E-01  0.566929E-01
  0.480191E+00  0.555708E-01  0.567336E-01
  0.480459E+00  0.235328E-01  0.567739E-01
  0.480728E+00  0.209998E-01  0.568138E-01
  0.480996E+00  0.536168E-01  0.568531E-01
  0.481265E+00  0.102280E+00  0.568921E-01
  0.481533E+00  0.121428E+00  0.569305E-01
  0.481801E+00  0.115198E+00  0.569685E-01
  0.482070E+00  0.468198E-01  0.570061E-01
  0.482338E+00  0.106851E+00  0.570432E-01
  0.482607E+00  0.112816E+00  0.570799E-01
  0.482875E+00  0.823468E-01  0.571160E-01
  0.483143E+00  0.649528E-01  0.571517E-01
  0.483412E+00  0.505738E-01  0.571870E-01
  0.483680E+00  0.884668E-01  0.572217E-01
  0.483948E+00  0.836588E-01  0.572560E-01
  0.484217E+00  0.665898E-01  0.572900E-01
  0.484485E+00  0.799008E-01  0.573234E-01
  0.484754E+00  0.737618E-01  0.573564E-01
  0.485022E+00  0.104614E+00  0.573888E-01
  0.485290E+00  0.721778E-01  0.574208E-01
  0.485559E+00  0.733168E-01  0.574525E-01
  0.485827E+00  0.810858E-01  0.574835E-01
  0.486096E+00  0.740928E-01  0.575143E-01
  0.486364E+00  0.157752E+00  0.575444E-01
  0.486632E+00  0.983938E-01  0.575741E-01
  0.486901E+00  0.724168E-01  0.576034E-01
  0.487169E+00  0.921418E-01  0.576322E-01
  0.487438E+00  0.814138E-01  0.576606E-01
  0.487706E+00  0.315888E-01  0.576884E-01
  0.487974E+00  0.489308E-01  0.577158E-01
  0.488243E+00  0.124612E+00  0.577428E-01
  0.488511E+00  0.645308E-01  0.577693E-01
  0.488780E+00  0.839498E-01  0.577954E-01
  0.489048E+00  0.902888E-01  0.578209E-01
  0.489316E+00  0.122725E+00  0.578460E-01
  0.489585E+00  0.532328E-01  0.578707E-01
  0.489853E+00  0.102087E+00  0.578948E-01
  0.490122E+00  0.508518E-01  0.579186E-01
  0.490390E+00  0.952358E-01  0.579418E-01
  0.490658E+00  0.140613E+00  0.579646E-01
  0.490927E+00  0.112695E+00  0.579870E-01
  0.491195E+00  0.103697E+00  0.580088E-01
  0.491464E+00  0.133911E+00  0.580303E-01
  0.491732E+00  0.778258E-01  0.580512E-01
  0.492000E+00  0.113566E+00  0.580716E-01
  0.492269E+00  0.816988E-01  0.580916E-01
  0.492537E+00  0.749518E-01  0.581111E-01
  0.492805E+00  0.939598E-01  0.581302E-01
  0.493074E+00  0.139543E+00  0.581488E-01
  0.493342E+00  0.944488E-01  0.581669E-01
  0.493611E+00  0.701338E-01  0.581846E-01
  0.493879E+00  0.113146E+00  0.582017E-01
  0.494147E+00  0.121549E+00  0.582184E-01
  0.494416E+00  0.142555E+00  0.582347E-01
  0.494684E+00  0.105465E+00  0.582504E-01
  0.494953E+00  0.110569E+00  0.582657E-01
  0.495221E+00  0.819408E-01  0.582805E-01
  0.495489E+00  0.127217E+00  0.582948E-01
  0.495758E+00  0.855988E-01  0.583087E-01
  0.496026E+00  0.156183E+00  0.583221E-01
  0.496295E+00  0.132039E+00  0.583350E-01
  0.496563E+00  0.954558E-01  0.583474E-01
  0.496831E+00  0.103232E+00  0.583593E-01
  0.497100E+00  0.101878E+00  0.583708E-01
  0.497368E+00  0.129123E+00  0.583818E-01
  0.497637E+00  0.125177E+00  0.583923E-01
  0.497905E+00  0.680118E-01  0.584024E-01
  0.498173E+00  0.503338E-01  0.584119E-01
  0.498442E+00  0.974858E-01  0.584210E-01
  0.498710E+00  0.114186E+00  0.584296E-01
  0.498979E+00  0.999598E-01  0.584377E-01
  0.499247E+00  0.848098E-01  0.584453E-01
  0.499515E+00  0.507918E-01  0.584524E-01
  0.499784E+00  0.875058E-01  0.584591E-01
  0.500052E+00  0.509788E-01  0.584653E-01
