0.0145291 0.546143E+02 0.215827E+01
0.0147975 0.538441E+02 0.190875E+01
0.015065899999999998 0.536409E+02 0.180241E+01
0.0153343 0.541318E+02 0.170042E+01
0.0156027 0.525803E+02 0.160545E+01
0.0158711 0.534645E+02 0.152074E+01
0.0161395 0.538806E+02 0.144107E+01
0.0164079 0.516879E+02 0.135770E+01
0.0166762 0.515550E+02 0.129748E+01
0.0169446 0.515112E+02 0.123735E+01
0.017213 0.511891E+02 0.117123E+01
0.0174814 0.503655E+02 0.112242E+01
0.0177498 0.501163E+02 0.107546E+01
0.0180182 0.499288E+02 0.102993E+01
0.0182866 0.497736E+02 0.983565E+00
0.018555 0.492400E+02 0.946695E+00
0.0188234 0.488404E+02 0.911278E+00
0.0190918 0.487335E+02 0.873824E+00
0.0193602 0.488045E+02 0.838351E+00
0.0196286 0.489746E+02 0.817707E+00
0.019897 0.478524E+02 0.788907E+00
0.0201654 0.473026E+02 0.762910E+00
0.0204337 0.470235E+02 0.730846E+00
0.0207021 0.458840E+02 0.705583E+00
0.0209705 0.458067E+02 0.684243E+00
0.021238899999999998 0.460407E+02 0.668621E+00
0.0215073 0.457218E+02 0.648191E+00
0.021775700000000002 0.459301E+02 0.629410E+00
0.0220441 0.451967E+02 0.616980E+00
0.0223125 0.444571E+02 0.597420E+00
0.0225809 0.438303E+02 0.579366E+00
0.0228493 0.437338E+02 0.565367E+00
0.023117699999999998 0.437409E+02 0.553907E+00
0.0233861 0.429137E+02 0.540808E+00
0.023654500000000002 0.427070E+02 0.522881E+00
0.0239229 0.424224E+02 0.514905E+00
0.0241913 0.420155E+02 0.501506E+00
0.0244596 0.416952E+02 0.491867E+00
0.024728 0.414324E+02 0.482589E+00
0.0249964 0.409530E+02 0.467974E+00
0.025264799999999997 0.411785E+02 0.466000E+00
0.0255332 0.405877E+02 0.455580E+00
0.0258016 0.403620E+02 0.446597E+00
0.02607 0.399279E+02 0.437054E+00
0.0263384 0.394603E+02 0.429149E+00
0.026606800000000003 0.389815E+02 0.425286E+00
0.0268752 0.389893E+02 0.418063E+00
0.0271436 0.384236E+02 0.409144E+00
0.027412 0.381980E+02 0.404800E+00
0.0276804 0.379258E+02 0.397226E+00
0.027948800000000003 0.374615E+02 0.395455E+00
0.028217100000000002 0.374219E+02 0.388992E+00
0.028485500000000004 0.369501E+02 0.384138E+00
0.0287539 0.367480E+02 0.380694E+00
0.0290223 0.365623E+02 0.375293E+00
0.029290699999999996 0.362624E+02 0.371999E+00
0.029559099999999998 0.360370E+02 0.366316E+00
0.0298275 0.358674E+02 0.363330E+00
0.0300959 0.356454E+02 0.360804E+00
0.0303643 0.352090E+02 0.356002E+00
0.030632700000000002 0.353231E+02 0.353266E+00
0.030901099999999997 0.346817E+02 0.347165E+00
0.0311695 0.343028E+02 0.343379E+00
0.031437900000000005 0.341385E+02 0.340785E+00
0.0317063 0.335667E+02 0.334866E+00
0.0319746 0.332616E+02 0.332450E+00
0.032243 0.330057E+02 0.331025E+00
0.0325114 0.327830E+02 0.328077E+00
0.0327798 0.325917E+02 0.322233E+00
0.0330482 0.321944E+02 0.319974E+00
0.0333166 0.320415E+02 0.318588E+00
0.033585 0.318340E+02 0.316254E+00
0.0338534 0.313019E+02 0.310847E+00
0.0341218 0.309955E+02 0.305520E+00
0.034390199999999996 0.308321E+02 0.305227E+00
0.0346586 0.309327E+02 0.304588E+00
0.034927 0.303341E+02 0.302713E+00
0.0351954 0.298490E+02 0.296640E+00
0.035463800000000004 0.296513E+02 0.293586E+00
0.0357322 0.295194E+02 0.292744E+00
0.036000500000000005 0.291788E+02 0.290815E+00
0.0362689 0.289927E+02 0.289846E+00
0.0365373 0.286281E+02 0.284915E+00
0.036805700000000004 0.282862E+02 0.282846E+00
0.0370741 0.280327E+02 0.283339E+00
0.0373425 0.276235E+02 0.277348E+00
0.0376109 0.273135E+02 0.276169E+00
0.0378793 0.273489E+02 0.275285E+00
0.0381477 0.269806E+02 0.273827E+00
0.038416099999999995 0.266333E+02 0.271373E+00
0.0386845 0.263137E+02 0.268221E+00
0.0389529 0.261546E+02 0.268026E+00
0.0392213 0.257423E+02 0.264244E+00
0.0394897 0.256788E+02 0.263647E+00
0.039758 0.252797E+02 0.259780E+00
0.040026400000000004 0.251780E+02 0.259866E+00
0.0402948 0.250155E+02 0.259345E+00
0.0405632 0.246332E+02 0.255961E+00
0.0408316 0.241550E+02 0.253090E+00
0.0411 0.237871E+02 0.251358E+00
0.0413684 0.237278E+02 0.250825E+00
0.0416368 0.234113E+02 0.250216E+00
0.0419052 0.233425E+02 0.247098E+00
0.0421736 0.227787E+02 0.245068E+00
0.042442 0.225050E+02 0.242527E+00
0.042710399999999996 0.222906E+02 0.242935E+00
0.0429788 0.221807E+02 0.241658E+00
0.0432472 0.220059E+02 0.239529E+00
0.0435155 0.219032E+02 0.239816E+00
0.0437839 0.217284E+02 0.238253E+00
0.0440523 0.214162E+02 0.236245E+00
0.044320700000000005 0.210577E+02 0.233120E+00
0.0445891 0.211534E+02 0.233520E+00
0.0448575 0.205873E+02 0.231597E+00
0.045125900000000004 0.205178E+02 0.229699E+00
0.0453943 0.203570E+02 0.229659E+00
0.0456627 0.201543E+02 0.227039E+00
0.0459311 0.197681E+02 0.226377E+00
0.0461995 0.197858E+02 0.225629E+00
0.0464679 0.196194E+02 0.222374E+00
0.046736299999999995 0.191958E+02 0.222874E+00
0.047004699999999996 0.189998E+02 0.220705E+00
0.0472731 0.188117E+02 0.220091E+00
0.0475414 0.186385E+02 0.217916E+00
0.0478098 0.183260E+02 0.216314E+00
0.0480782 0.182078E+02 0.217152E+00
0.0483466 0.178987E+02 0.214830E+00
0.048615000000000005 0.177487E+02 0.214601E+00
0.0488834 0.177688E+02 0.212488E+00
0.0491518 0.177420E+02 0.212245E+00
0.0494202 0.174135E+02 0.211329E+00
0.0496886 0.172441E+02 0.209900E+00
0.049957 0.169289E+02 0.207463E+00
0.050225399999999996 0.167624E+02 0.206295E+00
0.0504938 0.165748E+02 0.206324E+00
0.0507622 0.164850E+02 0.206092E+00
0.0510306 0.162501E+02 0.203196E+00
0.0512989 0.163049E+02 0.204099E+00
0.0515673 0.159672E+02 0.202545E+00
0.0518357 0.158207E+02 0.201517E+00
0.0521041 0.158021E+02 0.200972E+00
0.0523725 0.154855E+02 0.198916E+00
0.052640900000000004 0.154210E+02 0.199156E+00
0.052909300000000006 0.152401E+02 0.197209E+00
0.05317770000000001 0.151179E+02 0.196623E+00
0.053446099999999996 0.149527E+02 0.195854E+00
0.0537145 0.146613E+02 0.193747E+00
0.0539829 0.144680E+02 0.193654E+00
0.0542513 0.142456E+02 0.191818E+00
0.054519700000000004 0.141633E+02 0.190796E+00
0.05478809999999999 0.142243E+02 0.190435E+00
0.055056400000000005 0.141686E+02 0.191562E+00
0.05532479999999999 0.137228E+02 0.189318E+00
0.055593199999999995 0.136178E+02 0.186671E+00
0.0558616 0.135376E+02 0.186024E+00
0.05613 0.133270E+02 0.185963E+00
0.0563984 0.132296E+02 0.186129E+00
0.056666799999999996 0.131344E+02 0.184533E+00
0.0569352 0.130182E+02 0.183562E+00
0.0572036 0.129781E+02 0.182978E+00
0.057472 0.126221E+02 0.181975E+00
0.057740400000000004 0.124847E+02 0.179965E+00
0.058008800000000006 0.125934E+02 0.180992E+00
0.058277199999999994 0.123934E+02 0.180035E+00
0.058545599999999996 0.122512E+02 0.179511E+00
0.058814 0.122740E+02 0.180424E+00
0.0590823 0.121007E+02 0.178231E+00
0.0593507 0.119782E+02 0.178188E+00
0.0596191 0.119150E+02 0.177741E+00
0.0598875 0.120531E+02 0.178785E+00
0.0601559 0.117839E+02 0.175915E+00
0.0604243 0.117210E+02 0.177137E+00
0.0606927 0.115427E+02 0.175420E+00
0.060961100000000004 0.113263E+02 0.175254E+00
0.061229500000000006 0.112700E+02 0.174329E+00
0.06149790000000001 0.112122E+02 0.174219E+00
0.061766299999999996 0.111313E+02 0.173186E+00
0.0620347 0.110093E+02 0.172595E+00
0.0623031 0.108835E+02 0.171934E+00
0.0625715 0.108206E+02 0.171410E+00
0.0628398 0.106804E+02 0.171308E+00
0.0631082 0.105781E+02 0.170104E+00
0.0633766 0.104915E+02 0.170072E+00
0.063645 0.104147E+02 0.167948E+00
0.0639134 0.103249E+02 0.167546E+00
0.0641818 0.102225E+02 0.168829E+00
0.0644502 0.102920E+02 0.168794E+00
0.0647186 0.100591E+02 0.165487E+00
0.06498699999999999 0.995976E+01 0.165384E+00
0.06525539999999999 0.976922E+01 0.164054E+00
0.0655238 0.978416E+01 0.165583E+00
0.0657922 0.981453E+01 0.163779E+00
0.0660606 0.982451E+01 0.164287E+00
0.066329 0.961624E+01 0.163959E+00
0.0665973 0.954445E+01 0.163995E+00
0.0668657 0.942570E+01 0.163591E+00
0.0671341 0.919919E+01 0.160443E+00
0.0674025 0.926787E+01 0.161681E+00
0.0676709 0.918021E+01 0.160970E+00
0.06793930000000001 0.903758E+01 0.160046E+00
0.06820770000000001 0.902627E+01 0.160916E+00
0.0684761 0.900374E+01 0.160398E+00
0.0687445 0.891017E+01 0.160096E+00
0.0690129 0.871271E+01 0.157901E+00
0.0692813 0.858398E+01 0.156622E+00
0.0695497 0.858187E+01 0.157495E+00
0.06981810000000001 0.865214E+01 0.157952E+00
0.0700865 0.855599E+01 0.157454E+00
0.0703549 0.830735E+01 0.155567E+00
0.0706232 0.832459E+01 0.155416E+00
0.0708916 0.831501E+01 0.155472E+00
0.07116 0.810279E+01 0.155028E+00
0.0714284 0.815273E+01 0.154168E+00
0.0716968 0.822308E+01 0.154185E+00
0.0719652 0.813766E+01 0.153647E+00
0.0722336 0.797803E+01 0.153456E+00
0.072502 0.791223E+01 0.153290E+00
0.0727704 0.772925E+01 0.152318E+00
0.0730388 0.759141E+01 0.150984E+00
0.07330719999999999 0.751576E+01 0.151360E+00
0.07357559999999999 0.767052E+01 0.152221E+00
0.07384399999999999 0.771095E+01 0.151444E+00
0.0741124 0.757508E+01 0.150485E+00
0.0743807 0.737876E+01 0.150299E+00
0.0746491 0.747774E+01 0.150565E+00
0.0749175 0.737548E+01 0.150190E+00
0.0751859 0.731872E+01 0.149840E+00
0.0754543 0.733290E+01 0.150756E+00
0.0757227 0.725830E+01 0.151024E+00
0.0759911 0.727405E+01 0.151043E+00
0.07625950000000001 0.718610E+01 0.150894E+00
0.07652790000000001 0.703985E+01 0.150840E+00
0.0767963 0.708175E+01 0.152155E+00
0.0770647 0.708246E+01 0.150642E+00
0.0773331 0.692954E+01 0.148645E+00
0.0776015 0.686502E+01 0.148580E+00
0.0778699 0.680759E+01 0.149446E+00
0.0781382 0.666935E+01 0.148981E+00
0.0784066 0.657303E+01 0.149434E+00
0.078675 0.653045E+01 0.149430E+00
0.0789434 0.655699E+01 0.148953E+00
0.0792118 0.657274E+01 0.150318E+00
0.0794802 0.655898E+01 0.148087E+00
0.0797486 0.647532E+01 0.149806E+00
0.080017 0.663474E+01 0.150582E+00
0.08028539999999999 0.644088E+01 0.150230E+00
0.0805538 0.644895E+01 0.150113E+00
0.0808222 0.637303E+01 0.148638E+00
0.0810906 0.629162E+01 0.149516E+00
0.081359 0.615932E+01 0.145548E+00
0.0816274 0.610054E+01 0.876136E-01
0.08189579999999999 0.604431E+01 0.854362E-01
0.08216409999999999 0.609183E+01 0.854193E-01
0.08243249999999999 0.605628E+01 0.862850E-01
0.0827009 0.607667E+01 0.858454E-01
0.0829693 0.597235E+01 0.855753E-01
0.0832377 0.592416E+01 0.859740E-01
0.0835061 0.588086E+01 0.855792E-01
0.0837745 0.591758E+01 0.854988E-01
0.0840429 0.578101E+01 0.848022E-01
0.0843113 0.580400E+01 0.856732E-01
0.08457970000000001 0.578649E+01 0.852696E-01
0.08484810000000001 0.568172E+01 0.854108E-01
0.0851165 0.563282E+01 0.854250E-01
0.0853849 0.563495E+01 0.843500E-01
0.0856533 0.558499E+01 0.844044E-01
0.0859216 0.550531E+01 0.846944E-01
0.08619 0.544897E+01 0.842401E-01
0.0864584 0.536654E+01 0.838091E-01
0.0867268 0.540063E+01 0.843122E-01
0.0869952 0.540017E+01 0.890269E-01
0.0872636 0.536341E+01 0.848364E-01
0.087532 0.539205E+01 0.849162E-01
0.0878004 0.522901E+01 0.843237E-01
0.0880688 0.529790E+01 0.852717E-01
0.0883372 0.525258E+01 0.852161E-01
0.08860559999999999 0.515719E+01 0.835904E-01
0.088874 0.518195E+01 0.841929E-01
0.0891424 0.512837E+01 0.839255E-01
0.0894108 0.510087E+01 0.840255E-01
0.0896791 0.509543E+01 0.837592E-01
0.0899475 0.508517E+01 0.840713E-01
0.0902159 0.493885E+01 0.825827E-01
0.09048429999999999 0.496039E+01 0.826362E-01
0.09075269999999999 0.496579E+01 0.831682E-01
0.0910211 0.492773E+01 0.830464E-01
0.0912895 0.485897E+01 0.833159E-01
0.0915579 0.474884E+01 0.826292E-01
0.0918263 0.480406E+01 0.819204E-01
0.0920947 0.477791E+01 0.822163E-01
0.0923631 0.471614E+01 0.818148E-01
0.0926315 0.475856E+01 0.827767E-01
0.09289990000000001 0.477735E+01 0.828155E-01
0.09316830000000001 0.470067E+01 0.816044E-01
0.09343660000000001 0.456458E+01 0.813561E-01
0.09370500000000001 0.465357E+01 0.818340E-01
0.0939734 0.463640E+01 0.820736E-01
0.0942418 0.453951E+01 0.813031E-01
0.0945102 0.450334E+01 0.814885E-01
0.0947786 0.449724E+01 0.816245E-01
0.095047 0.439509E+01 0.803961E-01
0.0953154 0.435565E+01 0.802311E-01
0.0955838 0.437942E+01 0.803310E-01
0.0958522 0.436853E+01 0.808755E-01
0.0961206 0.442390E+01 0.807862E-01
0.096389 0.429992E+01 0.806074E-01
0.0966574 0.430835E+01 0.802682E-01
0.09692579999999999 0.430929E+01 0.803535E-01
0.0971942 0.426336E+01 0.807160E-01
0.0974625 0.416204E+01 0.804000E-01
0.0977309 0.417108E+01 0.799357E-01
0.0979993 0.407015E+01 0.791076E-01
0.0982677 0.403390E+01 0.789646E-01
0.0985361 0.411538E+01 0.801487E-01
0.09880449999999999 0.398518E+01 0.787034E-01
0.09907289999999999 0.397802E+01 0.786006E-01
0.0993413 0.395038E+01 0.789152E-01
0.0996097 0.395945E+01 0.784541E-01
0.0998781 0.384759E+01 0.782156E-01
0.100146 0.387229E+01 0.779711E-01
0.100415 0.386418E+01 0.785194E-01
0.100683 0.383038E+01 0.774551E-01
0.100952 0.384983E+01 0.779865E-01
0.10122 0.369633E+01 0.776676E-01
0.101488 0.368899E+01 0.769559E-01
0.10175700000000001 0.368676E+01 0.773629E-01
0.102025 0.362592E+01 0.770184E-01
0.102294 0.358710E+01 0.771758E-01
0.102562 0.363048E+01 0.776244E-01
0.10283 0.364074E+01 0.778112E-01
0.10309900000000001 0.361869E+01 0.774925E-01
0.10336700000000001 0.354671E+01 0.762964E-01
0.10363599999999999 0.348021E+01 0.763352E-01
0.103904 0.346886E+01 0.767351E-01
0.104172 0.344738E+01 0.760522E-01
0.104441 0.342790E+01 0.762763E-01
0.10470900000000001 0.341755E+01 0.757123E-01
0.10497799999999999 0.341540E+01 0.764866E-01
0.10524599999999999 0.336693E+01 0.758830E-01
0.105514 0.331678E+01 0.752583E-01
0.105783 0.334452E+01 0.760567E-01
0.106051 0.332379E+01 0.755783E-01
0.10632 0.328204E+01 0.755606E-01
0.10658799999999999 0.328284E+01 0.759900E-01
0.10685599999999999 0.319561E+01 0.741868E-01
0.107125 0.318569E+01 0.747309E-01
0.107393 0.317544E+01 0.748922E-01
0.107661 0.310474E+01 0.746602E-01
0.10793 0.317225E+01 0.745653E-01
0.10819799999999999 0.320646E+01 0.745080E-01
0.10846700000000001 0.314789E+01 0.741909E-01
0.108735 0.303568E+01 0.738416E-01
0.109003 0.300383E+01 0.741196E-01
0.109272 0.301312E+01 0.741493E-01
0.10954 0.303622E+01 0.738292E-01
0.109809 0.296566E+01 0.741515E-01
0.11007700000000001 0.294137E+01 0.735335E-01
0.110345 0.295603E+01 0.736259E-01
0.11061399999999999 0.290975E+01 0.737720E-01
0.110882 0.290438E+01 0.731890E-01
0.111151 0.288786E+01 0.734378E-01
0.111419 0.288357E+01 0.728464E-01
0.11168700000000001 0.277368E+01 0.729666E-01
0.11195600000000001 0.277646E+01 0.733252E-01
0.11222399999999999 0.276520E+01 0.725173E-01
0.112493 0.275405E+01 0.727848E-01
0.112761 0.272549E+01 0.733132E-01
0.113029 0.275085E+01 0.734224E-01
0.11329800000000001 0.267513E+01 0.729628E-01
0.11356599999999999 0.258755E+01 0.720490E-01
0.11383499999999999 0.261403E+01 0.723369E-01
0.114103 0.256415E+01 0.724576E-01
0.114371 0.258325E+01 0.728118E-01
0.11464 0.257680E+01 0.725993E-01
0.11490800000000001 0.249842E+01 0.715075E-01
0.11517599999999999 0.255359E+01 0.718804E-01
0.11544499999999999 0.251274E+01 0.717309E-01
0.115713 0.250826E+01 0.715065E-01
0.115982 0.249282E+01 0.715510E-01
0.11625 0.247014E+01 0.720409E-01
0.11651800000000001 0.241743E+01 0.716202E-01
0.116787 0.246215E+01 0.711463E-01
0.11705499999999999 0.234115E+01 0.705805E-01
0.11732400000000001 0.236685E+01 0.734927E-01
0.117592 0.231871E+01 0.753567E-01
0.11786 0.234780E+01 0.774900E-01
0.118129 0.233255E+01 0.792158E-01
0.118397 0.225652E+01 0.790754E-01
0.11866600000000001 0.214124E+01 0.794351E-01
0.11893400000000001 0.213778E+01 0.789194E-01
0.119202 0.216577E+01 0.805291E-01
0.119471 0.218925E+01 0.819845E-01
0.119739 0.219242E+01 0.837841E-01
0.120008 0.215004E+01 0.842975E-01
0.12027600000000001 0.219216E+01 0.834683E-01
0.12054400000000001 0.212977E+01 0.784358E-01
0.12081299999999999 0.214951E+01 0.764553E-01
0.121081 0.204497E+01 0.754448E-01
0.12135 0.205271E+01 0.107458E+00
0.121618 0.203240E+01 0.555418E-01
0.12215499999999999 0.204802E+01 0.888734E-01
0.12242299999999999 0.199841E+01 0.762071E-01
0.122691 0.197175E+01 0.738405E-01
0.12296 0.193185E+01 0.734614E-01
0.123228 0.187971E+01 0.720711E-01
0.123497 0.191021E+01 0.726686E-01
0.12376499999999999 0.193116E+01 0.718076E-01
0.12403299999999999 0.188131E+01 0.713953E-01
0.124302 0.189474E+01 0.715186E-01
0.12457 0.185533E+01 0.713937E-01
0.124839 0.186924E+01 0.702553E-01
0.125107 0.181307E+01 0.699217E-01
0.125375 0.178411E+01 0.689023E-01
0.125644 0.179300E+01 0.687443E-01
0.125912 0.175106E+01 0.688851E-01
0.12618100000000002 0.168965E+01 0.688776E-01
0.12644899999999998 0.174062E+01 0.691776E-01
0.126717 0.173931E+01 0.691511E-01
0.126986 0.171607E+01 0.692834E-01
0.127254 0.163882E+01 0.682109E-01
0.127523 0.157424E+01 0.677105E-01
0.12779100000000002 0.162581E+01 0.690221E-01
0.12805899999999998 0.168806E+01 0.691154E-01
0.128328 0.159484E+01 0.684836E-01
0.128596 0.160836E+01 0.679720E-01
0.128865 0.155015E+01 0.680329E-01
0.129133 0.146573E+01 0.676871E-01
0.12940100000000002 0.159192E+01 0.684407E-01
0.12967 0.161238E+01 0.682154E-01
0.129938 0.155744E+01 0.679885E-01
0.130206 0.154472E+01 0.677059E-01
0.130475 0.156403E+01 0.673121E-01
0.130743 0.154332E+01 0.672061E-01
0.131012 0.150251E+01 0.671459E-01
0.13128 0.153529E+01 0.678655E-01
0.131548 0.145205E+01 0.669497E-01
0.13181700000000002 0.145124E+01 0.677442E-01
0.132085 0.144974E+01 0.665658E-01
0.132354 0.141645E+01 0.661984E-01
0.132622 0.144207E+01 0.664058E-01
0.13289 0.142735E+01 0.665497E-01
0.133159 0.139500E+01 0.671293E-01
0.13342700000000002 0.134761E+01 0.657354E-01
0.13369599999999998 0.135953E+01 0.662688E-01
0.133964 0.141049E+01 0.671713E-01
0.134232 0.134492E+01 0.663585E-01
0.134501 0.139059E+01 0.667908E-01
0.134769 0.128348E+01 0.660664E-01
0.135038 0.132251E+01 0.665607E-01
0.13530599999999998 0.133036E+01 0.661017E-01
0.135574 0.132704E+01 0.659908E-01
0.135843 0.133082E+01 0.664010E-01
0.136111 0.129530E+01 0.654402E-01
0.13638 0.124524E+01 0.657470E-01
0.136648 0.118026E+01 0.651056E-01
0.13691599999999998 0.114919E+01 0.648049E-01
0.137185 0.124509E+01 0.651165E-01
0.137453 0.124336E+01 0.651312E-01
0.137721 0.118813E+01 0.645838E-01
0.13799 0.120696E+01 0.650823E-01
0.138258 0.114854E+01 0.654431E-01
0.138527 0.116489E+01 0.656981E-01
0.138795 0.109482E+01 0.646854E-01
0.139063 0.106392E+01 0.642155E-01
0.13933199999999998 0.109840E+01 0.645682E-01
0.1396 0.106391E+01 0.637131E-01
0.139869 0.108896E+01 0.642644E-01
0.140137 0.111341E+01 0.639113E-01
0.140405 0.112026E+01 0.645272E-01
0.14067400000000002 0.102541E+01 0.642955E-01
0.14094199999999998 0.101831E+01 0.642665E-01
0.141211 0.103824E+01 0.637606E-01
0.141479 0.107675E+01 0.638934E-01
0.141747 0.100302E+01 0.633062E-01
0.142016 0.105871E+01 0.633453E-01
0.14228400000000002 0.999885E+00 0.631069E-01
0.14255299999999999 0.990519E+00 0.631926E-01
0.142821 0.961449E+00 0.630269E-01
0.143089 0.917004E+00 0.630773E-01
0.143358 0.991946E+00 0.635007E-01
0.143626 0.990775E+00 0.630264E-01
0.143895 0.979464E+00 0.630325E-01
0.14416299999999999 0.923228E+00 0.631426E-01
0.144431 0.958459E+00 0.626629E-01
0.1447 0.918059E+00 0.629137E-01
0.144968 0.955032E+00 0.636298E-01
0.145237 0.937337E+00 0.630279E-01
0.145505 0.927228E+00 0.633315E-01
0.14577299999999999 0.925159E+00 0.626677E-01
0.146042 0.898806E+00 0.630010E-01
0.14631 0.838205E+00 0.625824E-01
0.146578 0.883412E+00 0.624568E-01
0.146847 0.836189E+00 0.630943E-01
0.147115 0.850826E+00 0.628223E-01
0.14738400000000001 0.885813E+00 0.626337E-01
0.147652 0.871034E+00 0.624790E-01
0.14792 0.836318E+00 0.616998E-01
0.148189 0.876071E+00 0.624369E-01
0.148457 0.857751E+00 0.621957E-01
0.148726 0.769664E+00 0.621253E-01
0.14899400000000002 0.794849E+00 0.622148E-01
0.149262 0.885462E+00 0.624137E-01
0.149531 0.772415E+00 0.626295E-01
0.149799 0.762814E+00 0.617435E-01
0.150068 0.861698E+00 0.623916E-01
0.150336 0.796811E+00 0.627917E-01
0.15060400000000002 0.753588E+00 0.613074E-01
0.15087299999999998 0.782179E+00 0.615382E-01
0.151141 0.766585E+00 0.622001E-01
0.15141 0.795726E+00 0.622697E-01
0.151678 0.756636E+00 0.623880E-01
0.151946 0.725605E+00 0.623456E-01
0.152215 0.745935E+00 0.615416E-01
0.15248299999999998 0.787969E+00 0.611525E-01
0.152752 0.721130E+00 0.615202E-01
0.15302 0.720831E+00 0.616935E-01
0.153288 0.716050E+00 0.616398E-01
0.153557 0.709252E+00 0.616877E-01
0.153825 0.712615E+00 0.614715E-01
0.15409299999999998 0.679755E+00 0.610891E-01
0.154362 0.723922E+00 0.613394E-01
0.15463 0.738155E+00 0.613389E-01
0.154899 0.665312E+00 0.611203E-01
0.155167 0.669678E+00 0.608985E-01
0.155435 0.705580E+00 0.612916E-01
0.155704 0.646457E+00 0.616541E-01
0.155972 0.656634E+00 0.605309E-01
0.15624100000000002 0.670351E+00 0.607286E-01
0.156509 0.619061E+00 0.611782E-01
0.156777 0.594537E+00 0.607215E-01
0.157046 0.608640E+00 0.608753E-01
0.157314 0.651072E+00 0.604531E-01
0.157583 0.643948E+00 0.609978E-01
0.15785100000000002 0.634465E+00 0.611121E-01
0.158119 0.606993E+00 0.602975E-01
0.158388 0.608362E+00 0.604219E-01
0.158656 0.612693E+00 0.606621E-01
0.158925 0.625657E+00 0.612044E-01
0.159193 0.656181E+00 0.611313E-01
0.15946100000000002 0.594938E+00 0.609003E-01
0.15972999999999998 0.541520E+00 0.608721E-01
0.159998 0.550662E+00 0.604162E-01
0.160267 0.567019E+00 0.604545E-01
0.160535 0.570437E+00 0.599905E-01
0.160803 0.518953E+00 0.600442E-01
0.161072 0.575087E+00 0.603569E-01
0.16133999999999998 0.530888E+00 0.604500E-01
0.161608 0.596100E+00 0.604099E-01
0.161877 0.596380E+00 0.606696E-01
0.162145 0.543638E+00 0.605275E-01
0.162414 0.558273E+00 0.606573E-01
0.162682 0.599148E+00 0.605941E-01
0.16294999999999998 0.590049E+00 0.604819E-01
0.163219 0.540575E+00 0.606163E-01
0.163487 0.570852E+00 0.602101E-01
0.16375599999999998 0.557625E+00 0.603485E-01
0.164024 0.574278E+00 0.608536E-01
0.164292 0.559207E+00 0.605050E-01
0.164561 0.533885E+00 0.606970E-01
0.164829 0.579171E+00 0.603162E-01
0.165098 0.475358E+00 0.601108E-01
0.16536599999999999 0.548872E+00 0.604828E-01
0.165634 0.559773E+00 0.599951E-01
0.165903 0.549511E+00 0.603134E-01
0.166171 0.539497E+00 0.600481E-01
0.16644 0.519891E+00 0.599878E-01
0.166708 0.533374E+00 0.600688E-01
0.16697599999999999 0.547719E+00 0.599586E-01
0.167245 0.532910E+00 0.604987E-01
0.167513 0.552210E+00 0.599551E-01
0.16778200000000001 0.524095E+00 0.598976E-01
0.16805 0.455935E+00 0.595358E-01
0.168318 0.503269E+00 0.591280E-01
0.168587 0.562225E+00 0.596692E-01
0.168855 0.567000E+00 0.597499E-01
0.169123 0.498057E+00 0.597625E-01
0.16939200000000001 0.457384E+00 0.599403E-01
0.16966 0.544772E+00 0.602915E-01
0.169929 0.518604E+00 0.599195E-01
0.170197 0.503586E+00 0.596728E-01
0.170465 0.520030E+00 0.596599E-01
0.170734 0.523585E+00 0.602106E-01
0.17100200000000002 0.513815E+00 0.596765E-01
0.171271 0.496934E+00 0.589301E-01
0.171539 0.500052E+00 0.592564E-01
0.171807 0.471493E+00 0.593741E-01
0.172076 0.419756E+00 0.594019E-01
0.172344 0.441067E+00 0.593951E-01
0.172613 0.511927E+00 0.595584E-01
0.172881 0.451325E+00 0.604302E-01
0.173149 0.437974E+00 0.593534E-01
0.17341800000000002 0.394655E+00 0.593421E-01
0.173686 0.441393E+00 0.593044E-01
0.173955 0.449066E+00 0.593235E-01
0.174223 0.442642E+00 0.595750E-01
0.174491 0.404329E+00 0.594901E-01
0.17476 0.473416E+00 0.597674E-01
0.17502800000000002 0.466531E+00 0.592184E-01
0.17529699999999998 0.412193E+00 0.594132E-01
0.175565 0.396606E+00 0.596892E-01
0.175833 0.413957E+00 0.595314E-01
0.176102 0.406569E+00 0.593112E-01
0.17637 0.375051E+00 0.593740E-01
0.17663800000000002 0.419570E+00 0.594212E-01
0.17690699999999998 0.431971E+00 0.591760E-01
0.177175 0.389881E+00 0.590503E-01
0.177444 0.452129E+00 0.591997E-01
0.177712 0.413968E+00 0.594131E-01
0.17798 0.501513E+00 0.598742E-01
0.178249 0.491116E+00 0.597313E-01
0.17851699999999998 0.452606E+00 0.589834E-01
0.178786 0.456354E+00 0.594712E-01
0.179054 0.446997E+00 0.597559E-01
0.179322 0.403731E+00 0.594978E-01
0.179591 0.349879E+00 0.586652E-01
0.179859 0.426701E+00 0.588647E-01
0.180128 0.407486E+00 0.592865E-01
0.180396 0.425372E+00 0.592518E-01
0.180664 0.405435E+00 0.594375E-01
0.180933 0.429264E+00 0.595781E-01
0.181201 0.443019E+00 0.595181E-01
0.18147 0.439867E+00 0.585463E-01
0.181738 0.489282E+00 0.589579E-01
0.182006 0.423940E+00 0.587804E-01
0.18227500000000002 0.464191E+00 0.594349E-01
0.182543 0.428312E+00 0.585851E-01
0.182812 0.421861E+00 0.588650E-01
0.18308 0.378923E+00 0.588978E-01
0.183348 0.408052E+00 0.589103E-01
0.183617 0.434550E+00 0.593071E-01
0.18388500000000002 0.420368E+00 0.594883E-01
0.18415299999999998 0.419878E+00 0.588412E-01
0.184422 0.415934E+00 0.592047E-01
0.18469 0.402682E+00 0.588385E-01
0.184959 0.394403E+00 0.588632E-01
0.185227 0.378666E+00 0.586631E-01
0.18549500000000002 0.329470E+00 0.589245E-01
0.18576399999999998 0.403878E+00 0.595246E-01
0.186032 0.436879E+00 0.584900E-01
0.186301 0.399407E+00 0.583403E-01
0.186569 0.403299E+00 0.588545E-01
0.186837 0.440212E+00 0.591568E-01
0.187106 0.432796E+00 0.592348E-01
0.18737399999999999 0.415032E+00 0.586303E-01
0.187643 0.416730E+00 0.594244E-01
0.187911 0.382657E+00 0.591611E-01
0.188179 0.423330E+00 0.585157E-01
0.188448 0.447611E+00 0.586600E-01
0.188716 0.419946E+00 0.585514E-01
0.18898500000000001 0.462668E+00 0.590889E-01
0.189253 0.422790E+00 0.588938E-01
0.189521 0.371800E+00 0.580879E-01
0.18979 0.347885E+00 0.581275E-01
0.190058 0.443985E+00 0.587138E-01
0.190327 0.433901E+00 0.588118E-01
0.19059500000000001 0.399016E+00 0.588576E-01
0.190863 0.425536E+00 0.587549E-01
0.191132 0.377864E+00 0.585196E-01
0.1914 0.392517E+00 0.584149E-01
0.191668 0.378837E+00 0.586884E-01
0.191937 0.401601E+00 0.583464E-01
0.19220500000000001 0.390618E+00 0.581878E-01
0.19247399999999998 0.354482E+00 0.584955E-01
0.192742 0.358407E+00 0.583720E-01
0.19301 0.330439E+00 0.578397E-01
0.193279 0.337567E+00 0.582210E-01
0.193547 0.392613E+00 0.588842E-01
0.19381600000000002 0.450229E+00 0.588669E-01
0.19408399999999998 0.356377E+00 0.584515E-01
0.194352 0.370034E+00 0.581563E-01
0.194621 0.399023E+00 0.587836E-01
0.194889 0.394618E+00 0.581371E-01
0.195158 0.384146E+00 0.583305E-01
0.19542600000000002 0.363587E+00 0.586219E-01
0.19569399999999998 0.375470E+00 0.587818E-01
0.195963 0.401781E+00 0.585012E-01
0.196231 0.402220E+00 0.578805E-01
0.1965 0.390769E+00 0.579704E-01
0.196768 0.368086E+00 0.588442E-01
0.197036 0.385277E+00 0.582416E-01
0.197305 0.368791E+00 0.584201E-01
0.197573 0.305036E+00 0.579942E-01
0.19784200000000002 0.308314E+00 0.579619E-01
0.19811 0.335220E+00 0.580702E-01
0.198378 0.389250E+00 0.581826E-01
0.198647 0.399969E+00 0.586090E-01
0.198915 0.386616E+00 0.586480E-01
0.199184 0.385513E+00 0.585752E-01
0.19945200000000002 0.377403E+00 0.582339E-01
0.19972 0.358459E+00 0.580571E-01
0.199989 0.316724E+00 0.586732E-01
0.200257 0.312176E+00 0.583843E-01
0.200525 0.370430E+00 0.578583E-01
0.200794 0.363018E+00 0.573255E-01
0.201062 0.353763E+00 0.582091E-01
0.201331 0.346673E+00 0.578499E-01
0.201599 0.312057E+00 0.579744E-01
0.20186700000000002 0.334716E+00 0.575287E-01
0.202136 0.327922E+00 0.577505E-01
0.20240399999999997 0.363234E+00 0.581619E-01
0.20267300000000002 0.350275E+00 0.580091E-01
0.20294099999999998 0.362011E+00 0.578191E-01
0.20320900000000003 0.298758E+00 0.572914E-01
0.203478 0.304991E+00 0.575576E-01
0.20374599999999998 0.408013E+00 0.578152E-01
0.204015 0.397111E+00 0.583424E-01
0.204283 0.314845E+00 0.583475E-01
0.204551 0.294171E+00 0.578672E-01
0.20482 0.330281E+00 0.578472E-01
0.205088 0.361192E+00 0.565316E-01
0.205357 0.345011E+00 0.578474E-01
0.205625 0.342111E+00 0.574746E-01
0.20589300000000002 0.386583E+00 0.576996E-01
0.206162 0.349884E+00 0.578096E-01
0.20642999999999997 0.319751E+00 0.570595E-01
0.20669900000000002 0.319920E+00 0.575949E-01
0.20696699999999998 0.316152E+00 0.570210E-01
0.207235 0.300009E+00 0.575441E-01
0.207504 0.302141E+00 0.577987E-01
0.20777199999999998 0.257479E+00 0.578289E-01
0.20804 0.277258E+00 0.574025E-01
0.208309 0.328590E+00 0.581419E-01
0.208577 0.339626E+00 0.577543E-01
0.208846 0.345176E+00 0.572852E-01
0.20911400000000002 0.349041E+00 0.572750E-01
0.209382 0.309149E+00 0.570440E-01
0.20965099999999998 0.303476E+00 0.576654E-01
0.20991900000000002 0.360151E+00 0.574236E-01
0.21018799999999999 0.392986E+00 0.574101E-01
0.21045600000000003 0.359920E+00 0.577124E-01
0.210724 0.342704E+00 0.573880E-01
0.21099299999999999 0.364709E+00 0.579313E-01
0.211261 0.301038E+00 0.576592E-01
0.21153 0.244587E+00 0.571623E-01
0.21179800000000001 0.334708E+00 0.572407E-01
0.212066 0.352694E+00 0.574745E-01
0.212335 0.342192E+00 0.571103E-01
0.21260300000000001 0.353374E+00 0.569690E-01
0.212872 0.335511E+00 0.570878E-01
0.21314000000000002 0.318257E+00 0.575055E-01
0.213408 0.330686E+00 0.568351E-01
0.21367699999999998 0.360004E+00 0.574197E-01
0.213945 0.384029E+00 0.576378E-01
0.214214 0.334066E+00 0.575227E-01
0.214482 0.306329E+00 0.573697E-01
0.21475 0.277310E+00 0.568425E-01
0.215019 0.248996E+00 0.565655E-01
0.215287 0.269673E+00 0.567057E-01
0.215555 0.300666E+00 0.567980E-01
0.21582400000000002 0.343016E+00 0.570994E-01
0.216092 0.318832E+00 0.567142E-01
0.21636099999999997 0.290145E+00 0.568072E-01
0.21662900000000002 0.309047E+00 0.565582E-01
0.21689699999999998 0.293152E+00 0.567327E-01
0.21716600000000003 0.341072E+00 0.564862E-01
0.217434 0.288110E+00 0.571128E-01
0.21770299999999998 0.253600E+00 0.570218E-01
0.217971 0.346925E+00 0.570597E-01
0.218239 0.285771E+00 0.568536E-01
0.218508 0.248006E+00 0.571221E-01
0.218776 0.331789E+00 0.569617E-01
0.219045 0.334998E+00 0.576819E-01
0.219313 0.249871E+00 0.573772E-01
0.21958099999999997 0.295680E+00 0.567595E-01
0.21985000000000002 0.292032E+00 0.567645E-01
0.22011799999999998 0.324043E+00 0.566310E-01
0.22038700000000003 0.334101E+00 0.569670E-01
0.220655 0.292427E+00 0.566177E-01
0.22092299999999998 0.305574E+00 0.567680E-01
0.221192 0.317182E+00 0.569538E-01
0.22146 0.254018E+00 0.567946E-01
0.221729 0.246565E+00 0.563497E-01
0.221997 0.287026E+00 0.572258E-01
0.222265 0.325562E+00 0.572678E-01
0.222534 0.303113E+00 0.570659E-01
0.222802 0.230772E+00 0.567212E-01
0.22307000000000002 0.267067E+00 0.570910E-01
0.223339 0.314095E+00 0.569838E-01
0.22360699999999997 0.286469E+00 0.563957E-01
0.22387600000000002 0.247965E+00 0.559423E-01
0.22414399999999998 0.300260E+00 0.564998E-01
0.224412 0.280595E+00 0.564422E-01
0.224681 0.294070E+00 0.561152E-01
0.224949 0.304773E+00 0.563116E-01
0.225218 0.291946E+00 0.568932E-01
0.225486 0.230655E+00 0.564968E-01
0.225754 0.255668E+00 0.556306E-01
0.226023 0.265429E+00 0.560211E-01
0.22629100000000002 0.223711E+00 0.554942E-01
0.22656 0.269369E+00 0.563981E-01
0.22682799999999997 0.281309E+00 0.562235E-01
0.22709600000000002 0.255537E+00 0.565958E-01
0.22736499999999998 0.237478E+00 0.565885E-01
0.22763300000000003 0.263176E+00 0.565267E-01
0.227902 0.324163E+00 0.565656E-01
0.22816999999999998 0.276305E+00 0.566229E-01
0.228438 0.278232E+00 0.566790E-01
0.228707 0.238812E+00 0.566582E-01
0.228975 0.294541E+00 0.564898E-01
0.229244 0.343878E+00 0.564531E-01
0.229512 0.249219E+00 0.565705E-01
0.22978 0.309495E+00 0.564086E-01
0.230049 0.303748E+00 0.564479E-01
0.23031700000000002 0.270568E+00 0.564329E-01
0.23058499999999998 0.324509E+00 0.563509E-01
0.23085399999999998 0.290539E+00 0.563760E-01
0.231122 0.278899E+00 0.557241E-01
0.23139099999999999 0.313537E+00 0.562848E-01
0.231659 0.315031E+00 0.566151E-01
0.231927 0.251998E+00 0.558998E-01
0.23219599999999999 0.264063E+00 0.558107E-01
0.232464 0.289949E+00 0.559959E-01
0.232733 0.270811E+00 0.561812E-01
0.233001 0.274907E+00 0.562891E-01
0.233269 0.303425E+00 0.558126E-01
0.23353799999999997 0.275034E+00 0.565193E-01
0.233806 0.256526E+00 0.558172E-01
0.23407499999999998 0.262927E+00 0.558198E-01
0.23434300000000002 0.263514E+00 0.557595E-01
0.234611 0.279798E+00 0.560081E-01
0.23488000000000003 0.287648E+00 0.556594E-01
0.235148 0.246174E+00 0.554955E-01
0.235417 0.238524E+00 0.559475E-01
0.235685 0.221413E+00 0.557632E-01
0.235953 0.231463E+00 0.555146E-01
0.23622200000000002 0.252455E+00 0.555792E-01
0.23649 0.284091E+00 0.555164E-01
0.236759 0.203258E+00 0.559591E-01
0.23702700000000002 0.218099E+00 0.558840E-01
0.23729499999999998 0.190122E+00 0.554116E-01
0.23756400000000003 0.176048E+00 0.551539E-01
0.237832 0.248684E+00 0.556806E-01
0.23809999999999998 0.255976E+00 0.557097E-01
0.238369 0.242859E+00 0.558453E-01
0.238637 0.227332E+00 0.555060E-01
0.238906 0.250261E+00 0.558905E-01
0.239174 0.219984E+00 0.558303E-01
0.23944200000000002 0.222246E+00 0.555465E-01
0.239711 0.237217E+00 0.563051E-01
0.239979 0.234145E+00 0.551244E-01
0.24024800000000002 0.201527E+00 0.557168E-01
0.240516 0.174173E+00 0.556754E-01
0.24078400000000003 0.276855E+00 0.561512E-01
0.24105300000000002 0.238883E+00 0.554786E-01
0.24132099999999998 0.243547E+00 0.554676E-01
0.24159000000000003 0.200044E+00 0.555913E-01
0.241858 0.182488E+00 0.558374E-01
0.242126 0.242851E+00 0.558101E-01
0.242395 0.299908E+00 0.557913E-01
0.242663 0.278176E+00 0.559682E-01
0.242932 0.210550E+00 0.563765E-01
0.2432 0.206478E+00 0.555403E-01
0.24346800000000002 0.293744E+00 0.554814E-01
0.243737 0.270764E+00 0.557400E-01
0.24400499999999997 0.238073E+00 0.550171E-01
0.24427400000000002 0.203076E+00 0.553810E-01
0.24454199999999998 0.241045E+00 0.552163E-01
0.24481000000000003 0.245182E+00 0.553059E-01
0.245079 0.217937E+00 0.552904E-01
0.24534699999999998 0.199506E+00 0.551366E-01
0.245615 0.167469E+00 0.552485E-01
0.245884 0.142539E+00 0.546843E-01
0.246152 0.200174E+00 0.547253E-01
0.246421 0.196202E+00 0.552947E-01
0.246689 0.224644E+00 0.552682E-01
0.246957 0.295878E+00 0.555658E-01
0.247226 0.285352E+00 0.556649E-01
0.24749400000000002 0.238834E+00 0.549119E-01
0.247763 0.228408E+00 0.550062E-01
0.24803099999999997 0.236270E+00 0.554608E-01
0.248299 0.243303E+00 0.557636E-01
0.24856799999999998 0.205632E+00 0.554610E-01
0.248836 0.191204E+00 0.548952E-01
0.249105 0.172222E+00 0.555334E-01
0.24937299999999998 0.171281E+00 0.548686E-01
0.249641 0.195321E+00 0.548628E-01
0.24991 0.208212E+00 0.556889E-01
0.250178 0.238946E+00 0.595184E-01
0.250447 0.262015E+00 0.619689E-01
0.250715 0.222571E+00 0.629553E-01
0.250983 0.236575E+00 0.652630E-01
0.251252 0.204701E+00 0.680280E-01
0.25152 0.253370E+00 0.700662E-01
0.251789 0.201661E+00 0.732103E-01
0.25205700000000003 0.193181E+00 0.743876E-01
0.252325 0.199207E+00 0.777306E-01
0.252594 0.230090E+00 0.791012E-01
0.25286200000000003 0.237787E+00 0.813367E-01
0.25312999999999997 0.177183E+00 0.805862E-01
0.25339900000000004 0.268044E+00 0.695138E-01
0.253667 0.227855E+00 0.651711E-01
0.253936 0.213951E+00 0.641543E-01
0.254204 0.195078E+00 0.632629E-01
0.254472 0.235524E+00 0.615190E-01
0.254741 0.197926E+00 0.610753E-01
0.255009 0.162662E+00 0.605092E-01
0.255278 0.120415E+00 0.583731E-01
0.255546 0.194219E+00 0.583020E-01
0.255814 0.193975E+00 0.582566E-01
0.256083 0.182967E+00 0.581093E-01
0.256351 0.182754E+00 0.580945E-01
0.25661999999999996 0.208089E+00 0.582215E-01
0.256888 0.242463E+00 0.585604E-01
0.257156 0.215804E+00 0.572741E-01
0.257425 0.229714E+00 0.582326E-01
0.257693 0.199977E+00 0.576278E-01
0.25796199999999997 0.172944E+00 0.574937E-01
0.25823 0.196275E+00 0.569483E-01
0.258498 0.264688E+00 0.576322E-01
0.258767 0.209316E+00 0.574875E-01
0.259035 0.198183E+00 0.576264E-01
0.259304 0.193492E+00 0.570708E-01
0.259572 0.245588E+00 0.572783E-01
0.25983999999999996 0.206433E+00 0.570777E-01
0.26010900000000003 0.189163E+00 0.572972E-01
0.26037699999999997 0.193740E+00 0.572857E-01
0.26064600000000004 0.191820E+00 0.571660E-01
0.260914 0.249773E+00 0.571766E-01
0.26118199999999997 0.192126E+00 0.560631E-01
0.261451 0.237816E+00 0.558704E-01
0.261719 0.245028E+00 0.557552E-01
0.261987 0.234399E+00 0.560669E-01
0.262256 0.243141E+00 0.565025E-01
0.262524 0.207853E+00 0.558204E-01
0.262793 0.181011E+00 0.557495E-01
0.263061 0.185157E+00 0.551931E-01
0.26332900000000004 0.169826E+00 0.547802E-01
0.263598 0.156054E+00 0.549481E-01
0.263866 0.192309E+00 0.545174E-01
0.264135 0.185169E+00 0.548099E-01
0.264403 0.203287E+00 0.549615E-01
0.264671 0.237196E+00 0.550933E-01
0.26494 0.197364E+00 0.545630E-01
0.265208 0.168130E+00 0.540826E-01
0.265477 0.205924E+00 0.551418E-01
0.265745 0.168938E+00 0.552218E-01
0.266013 0.220133E+00 0.549750E-01
0.266282 0.187365E+00 0.549073E-01
0.26655 0.167358E+00 0.546234E-01
0.26681900000000003 0.239090E+00 0.554567E-01
0.26708699999999996 0.176988E+00 0.548503E-01
0.267355 0.184613E+00 0.541556E-01
0.267624 0.191768E+00 0.543117E-01
0.267892 0.175533E+00 0.544205E-01
0.268161 0.229235E+00 0.547952E-01
0.268429 0.228824E+00 0.546902E-01
0.268697 0.190357E+00 0.545503E-01
0.268966 0.151236E+00 0.545342E-01
0.26923400000000003 0.183532E+00 0.546046E-01
0.269502 0.181144E+00 0.540961E-01
0.269771 0.191047E+00 0.547687E-01
0.27003900000000003 0.185204E+00 0.544847E-01
0.270308 0.189940E+00 0.548815E-01
0.27057600000000004 0.170648E+00 0.548654E-01
0.270844 0.181431E+00 0.548522E-01
0.271113 0.266388E+00 0.549416E-01
0.271381 0.228641E+00 0.550129E-01
0.27165 0.136635E+00 0.549186E-01
0.271918 0.157931E+00 0.549787E-01
0.272186 0.177151E+00 0.540657E-01
0.272455 0.182589E+00 0.543500E-01
0.272723 0.198302E+00 0.544693E-01
0.272992 0.185612E+00 0.546463E-01
0.27326 0.191203E+00 0.541095E-01
0.273528 0.155451E+00 0.542284E-01
0.27379699999999996 0.181642E+00 0.543613E-01
0.274065 0.232252E+00 0.542265E-01
0.27433399999999997 0.183908E+00 0.542037E-01
0.274602 0.206462E+00 0.543632E-01
0.27487 0.185148E+00 0.545501E-01
0.27513899999999997 0.136202E+00 0.545534E-01
0.275407 0.146199E+00 0.539871E-01
0.275676 0.113926E+00 0.540790E-01
0.275944 0.153434E+00 0.542067E-01
0.276212 0.180463E+00 0.544770E-01
0.27648100000000003 0.231410E+00 0.545224E-01
0.276749 0.167310E+00 0.540604E-01
0.27701699999999996 0.129645E+00 0.537855E-01
0.27728600000000003 0.171080E+00 0.540669E-01
0.27755399999999997 0.182389E+00 0.541571E-01
0.27782300000000004 0.160734E+00 0.542625E-01
0.278091 0.192955E+00 0.546315E-01
0.27835899999999997 0.184999E+00 0.540419E-01
0.278628 0.232748E+00 0.544420E-01
0.278896 0.229131E+00 0.544519E-01
0.279165 0.203533E+00 0.545117E-01
0.279433 0.198538E+00 0.541365E-01
0.27970100000000003 0.263163E+00 0.542439E-01
0.27997 0.208274E+00 0.542519E-01
0.280238 0.174213E+00 0.540671E-01
0.280507 0.173997E+00 0.541376E-01
0.280775 0.197261E+00 0.547504E-01
0.28104300000000004 0.185578E+00 0.543530E-01
0.281312 0.146368E+00 0.547692E-01
0.28158 0.198239E+00 0.541514E-01
0.281849 0.186957E+00 0.540455E-01
0.282117 0.167464E+00 0.541101E-01
0.282385 0.160426E+00 0.542676E-01
0.282654 0.225448E+00 0.543155E-01
0.282922 0.199508E+00 0.535484E-01
0.283191 0.143226E+00 0.539901E-01
0.283459 0.173299E+00 0.540652E-01
0.283727 0.183140E+00 0.536546E-01
0.283996 0.157502E+00 0.537096E-01
0.28426399999999996 0.224339E+00 0.541321E-01
0.284532 0.162899E+00 0.538521E-01
0.28480099999999997 0.179277E+00 0.538147E-01
0.285069 0.195896E+00 0.533589E-01
0.285338 0.168813E+00 0.541518E-01
0.28560599999999997 0.159593E+00 0.542219E-01
0.285874 0.206448E+00 0.542999E-01
0.286143 0.169199E+00 0.542293E-01
0.286411 0.154480E+00 0.537188E-01
0.28668 0.164487E+00 0.535015E-01
0.286948 0.152594E+00 0.538261E-01
0.287216 0.157240E+00 0.537622E-01
0.287485 0.175725E+00 0.543950E-01
0.28775300000000004 0.189680E+00 0.543584E-01
0.288022 0.225700E+00 0.545222E-01
0.28829 0.170544E+00 0.540606E-01
0.288558 0.214559E+00 0.540153E-01
0.288827 0.192765E+00 0.544588E-01
0.289095 0.186795E+00 0.538391E-01
0.289364 0.209825E+00 0.535057E-01
0.289632 0.153137E+00 0.541950E-01
0.2899 0.165463E+00 0.539875E-01
0.290169 0.175605E+00 0.539177E-01
0.290437 0.197276E+00 0.536085E-01
0.290706 0.194076E+00 0.543598E-01
0.290974 0.163792E+00 0.535749E-01
0.291242 0.164367E+00 0.536524E-01
0.29151099999999996 0.218470E+00 0.541391E-01
0.291779 0.199634E+00 0.543869E-01
0.292047 0.180643E+00 0.534386E-01
0.292316 0.180279E+00 0.532685E-01
0.292584 0.143740E+00 0.534753E-01
0.292853 0.193767E+00 0.539603E-01
0.293121 0.184664E+00 0.540316E-01
0.293389 0.181435E+00 0.537613E-01
0.29365800000000003 0.198526E+00 0.541204E-01
0.293926 0.194631E+00 0.539609E-01
0.294195 0.136497E+00 0.539803E-01
0.29446300000000003 0.189025E+00 0.539284E-01
0.29473099999999997 0.186606E+00 0.532021E-01
0.29500000000000004 0.249348E+00 0.537760E-01
0.295268 0.218774E+00 0.539526E-01
0.295537 0.205114E+00 0.541445E-01
0.295805 0.194158E+00 0.538475E-01
0.296073 0.175915E+00 0.539168E-01
0.296342 0.186060E+00 0.538644E-01
0.29661 0.177886E+00 0.533240E-01
0.296879 0.181060E+00 0.540163E-01
0.297147 0.143266E+00 0.538073E-01
0.297415 0.180950E+00 0.531431E-01
0.297684 0.170838E+00 0.531273E-01
0.297952 0.245342E+00 0.533863E-01
0.29822099999999996 0.156107E+00 0.536892E-01
0.298489 0.188002E+00 0.539877E-01
0.298757 0.243907E+00 0.537187E-01
0.299026 0.219423E+00 0.534243E-01
0.299294 0.219935E+00 0.533718E-01
0.299562 0.256660E+00 0.532412E-01
0.299831 0.247841E+00 0.536138E-01
0.300099 0.206307E+00 0.534816E-01
0.300368 0.177898E+00 0.533217E-01
0.300636 0.185527E+00 0.532789E-01
0.300904 0.229435E+00 0.535580E-01
0.301173 0.162522E+00 0.538126E-01
0.30144099999999996 0.163907E+00 0.532881E-01
0.30171000000000003 0.179656E+00 0.532346E-01
0.30197799999999997 0.178988E+00 0.530206E-01
0.302246 0.212284E+00 0.532493E-01
0.302515 0.193865E+00 0.534511E-01
0.30278299999999997 0.166859E+00 0.532530E-01
0.303052 0.165823E+00 0.532863E-01
0.30332 0.129468E+00 0.533749E-01
0.303588 0.173452E+00 0.528742E-01
0.303857 0.202870E+00 0.542362E-01
0.304125 0.200199E+00 0.536187E-01
0.304394 0.191886E+00 0.535414E-01
0.304662 0.203394E+00 0.534331E-01
0.30493000000000003 0.148923E+00 0.531023E-01
0.305199 0.165783E+00 0.535695E-01
0.30546700000000004 0.171809E+00 0.534711E-01
0.305736 0.147666E+00 0.532735E-01
0.306004 0.201082E+00 0.537676E-01
0.306272 0.136994E+00 0.528249E-01
0.306541 0.148238E+00 0.529533E-01
0.306809 0.143343E+00 0.539895E-01
0.307077 0.174823E+00 0.533930E-01
0.307346 0.222930E+00 0.537593E-01
0.307614 0.214121E+00 0.529548E-01
0.307883 0.234340E+00 0.531398E-01
0.308151 0.200274E+00 0.529554E-01
0.308419 0.179965E+00 0.527082E-01
0.30868799999999996 0.161419E+00 0.528307E-01
0.308956 0.170389E+00 0.531008E-01
0.30922499999999997 0.228367E+00 0.534231E-01
0.309493 0.235337E+00 0.536539E-01
0.309761 0.163907E+00 0.525968E-01
0.31003 0.128774E+00 0.528037E-01
0.310298 0.199924E+00 0.526760E-01
0.310567 0.227574E+00 0.529165E-01
0.31083500000000003 0.180210E+00 0.528300E-01
0.311103 0.138496E+00 0.528294E-01
0.311372 0.126258E+00 0.535752E-01
0.31164000000000003 0.156878E+00 0.529495E-01
0.311909 0.160650E+00 0.534957E-01
0.31217700000000004 0.201495E+00 0.535617E-01
0.312445 0.202765E+00 0.531019E-01
0.312714 0.221220E+00 0.529264E-01
0.312982 0.152833E+00 0.521952E-01
0.313251 0.141031E+00 0.525150E-01
0.313519 0.145406E+00 0.530120E-01
0.313787 0.196745E+00 0.528787E-01
0.314056 0.196148E+00 0.533388E-01
0.314324 0.185402E+00 0.530479E-01
0.314593 0.209802E+00 0.531096E-01
0.314861 0.188384E+00 0.534235E-01
0.315129 0.156458E+00 0.530818E-01
0.31539799999999996 0.180057E+00 0.531374E-01
0.315666 0.217458E+00 0.533775E-01
0.315934 0.192276E+00 0.527573E-01
0.316203 0.163501E+00 0.524446E-01
0.316471 0.240710E+00 0.526489E-01
0.31674 0.163316E+00 0.532513E-01
0.317008 0.174016E+00 0.531441E-01
0.317276 0.214394E+00 0.532862E-01
0.317545 0.151229E+00 0.534119E-01
0.317813 0.174574E+00 0.529204E-01
0.31808200000000003 0.192253E+00 0.532853E-01
0.31835 0.149035E+00 0.530374E-01
0.31861799999999996 0.123865E+00 0.528893E-01
0.31888700000000003 0.198709E+00 0.534118E-01
0.31915499999999997 0.236109E+00 0.526414E-01
0.31942400000000004 0.193632E+00 0.532096E-01
0.319692 0.125360E+00 0.532677E-01
0.31996 0.164527E+00 0.532028E-01
0.320229 0.169846E+00 0.531378E-01
0.320497 0.224529E+00 0.523438E-01
0.320766 0.197635E+00 0.528214E-01
0.321034 0.196547E+00 0.524495E-01
0.32130200000000003 0.192189E+00 0.526557E-01
0.321571 0.140927E+00 0.526031E-01
0.321839 0.163343E+00 0.525750E-01
0.322108 0.162971E+00 0.529760E-01
0.322376 0.204542E+00 0.528942E-01
0.32264400000000004 0.198776E+00 0.525631E-01
0.322913 0.204639E+00 0.530219E-01
0.323181 0.200987E+00 0.530080E-01
0.323449 0.170778E+00 0.521168E-01
0.323718 0.175285E+00 0.526632E-01
0.323986 0.178136E+00 0.532661E-01
0.324255 0.145156E+00 0.529571E-01
0.324523 0.203685E+00 0.531536E-01
0.324791 0.170415E+00 0.524527E-01
0.32506 0.141924E+00 0.526814E-01
0.325328 0.138486E+00 0.525964E-01
0.325597 0.113581E+00 0.528826E-01
0.32586499999999996 0.190159E+00 0.528282E-01
0.326133 0.213958E+00 0.524005E-01
0.32640199999999997 0.149023E+00 0.524466E-01
0.32667 0.179487E+00 0.529332E-01
0.326939 0.881376E-01 0.526454E-01
0.32720699999999997 0.967825E-01 0.525192E-01
0.327475 0.188215E+00 0.525879E-01
0.327744 0.163681E+00 0.526288E-01
0.328012 0.138375E+00 0.521468E-01
0.328281 0.202430E+00 0.524382E-01
0.328549 0.235062E+00 0.532082E-01
0.328817 0.211716E+00 0.524310E-01
0.329086 0.242438E+00 0.527671E-01
0.32935400000000004 0.160539E+00 0.525179E-01
0.329623 0.225137E+00 0.533058E-01
0.329891 0.175449E+00 0.530070E-01
0.330159 0.135910E+00 0.526047E-01
0.330428 0.182715E+00 0.533455E-01
0.330696 0.166279E+00 0.529302E-01
0.330964 0.183308E+00 0.525464E-01
0.331233 0.248458E+00 0.523604E-01
0.331501 0.187196E+00 0.520442E-01
0.33177 0.146758E+00 0.523108E-01
0.332038 0.121847E+00 0.521282E-01
0.332306 0.138867E+00 0.519000E-01
0.332575 0.176647E+00 0.522028E-01
0.332843 0.182519E+00 0.527689E-01
0.33311199999999996 0.145773E+00 0.524191E-01
0.33338 0.170669E+00 0.525796E-01
0.333648 0.180251E+00 0.528472E-01
0.333917 0.167608E+00 0.524368E-01
0.334185 0.166001E+00 0.521598E-01
0.334454 0.162506E+00 0.526356E-01
0.334722 0.176748E+00 0.523684E-01
0.33499 0.202455E+00 0.520068E-01
0.33525900000000003 0.169775E+00 0.528235E-01
0.335527 0.155921E+00 0.523748E-01
0.335796 0.170311E+00 0.523815E-01
0.33606400000000003 0.164482E+00 0.527898E-01
0.33633199999999996 0.229440E+00 0.524837E-01
0.33660100000000004 0.187491E+00 0.528662E-01
0.336869 0.192650E+00 0.524176E-01
0.337138 0.253981E+00 0.526103E-01
0.337406 0.196545E+00 0.524288E-01
0.337674 0.199328E+00 0.523323E-01
0.337943 0.155568E+00 0.526922E-01
0.338211 0.130721E+00 0.524488E-01
0.33847900000000003 0.191863E+00 0.523838E-01
0.338748 0.209245E+00 0.524049E-01
0.339016 0.148010E+00 0.521364E-01
0.339285 0.141756E+00 0.523831E-01
0.339553 0.170583E+00 0.530592E-01
0.33982100000000004 0.171126E+00 0.517516E-01
0.34009 0.196617E+00 0.521775E-01
0.340358 0.141496E+00 0.520485E-01
0.340627 0.156670E+00 0.522868E-01
0.340895 0.187996E+00 0.524520E-01
0.341163 0.176196E+00 0.523617E-01
0.341432 0.219359E+00 0.519352E-01
0.3417 0.189863E+00 0.523416E-01
0.341969 0.237167E+00 0.524249E-01
0.342237 0.208992E+00 0.525191E-01
0.342505 0.130131E+00 0.519858E-01
0.342774 0.179561E+00 0.524935E-01
0.34304199999999996 0.223914E+00 0.523932E-01
0.34331100000000003 0.185069E+00 0.524253E-01
0.34357899999999997 0.179086E+00 0.520839E-01
0.343847 0.204816E+00 0.521688E-01
0.344116 0.177675E+00 0.521912E-01
0.34438399999999997 0.172910E+00 0.523156E-01
0.344653 0.169970E+00 0.523328E-01
0.344921 0.190657E+00 0.521011E-01
0.345189 0.920423E-01 0.518031E-01
0.345458 0.130185E+00 0.518600E-01
0.34572600000000003 0.232338E+00 0.521722E-01
0.345994 0.168295E+00 0.519548E-01
0.346263 0.139957E+00 0.527452E-01
0.34653100000000003 0.215825E+00 0.521346E-01
0.3468 0.182254E+00 0.523007E-01
0.34706800000000004 0.168009E+00 0.518927E-01
0.347336 0.148853E+00 0.518521E-01
0.347605 0.144000E+00 0.520611E-01
0.347873 0.162058E+00 0.518570E-01
0.348142 0.172418E+00 0.519754E-01
0.34841 0.129313E+00 0.519444E-01
0.348678 0.158070E+00 0.524199E-01
0.348947 0.242972E+00 0.524558E-01
0.349215 0.201862E+00 0.525782E-01
0.349484 0.229484E+00 0.525413E-01
0.349752 0.205622E+00 0.522790E-01
0.35002 0.186829E+00 0.521607E-01
0.35028899999999996 0.248868E+00 0.527408E-01
0.350557 0.199006E+00 0.525292E-01
0.35082599999999997 0.200858E+00 0.520997E-01
0.351094 0.145679E+00 0.517963E-01
0.351362 0.195960E+00 0.522024E-01
0.35163099999999997 0.154377E+00 0.522508E-01
0.351899 0.156851E+00 0.516263E-01
0.352168 0.199098E+00 0.525853E-01
0.352436 0.172343E+00 0.523702E-01
0.352704 0.158152E+00 0.519357E-01
0.352973 0.136088E+00 0.519131E-01
0.353241 0.149524E+00 0.519337E-01
0.35350899999999996 0.135763E+00 0.519509E-01
0.35377800000000004 0.145056E+00 0.519847E-01
0.35404599999999997 0.183661E+00 0.519332E-01
0.354315 0.171122E+00 0.519058E-01
0.354583 0.216403E+00 0.526877E-01
0.35485099999999997 0.217867E+00 0.520064E-01
0.35512 0.230455E+00 0.520697E-01
0.355388 0.214637E+00 0.524195E-01
0.355657 0.142876E+00 0.527396E-01
0.355925 0.136009E+00 0.520758E-01
0.356193 0.122935E+00 0.522061E-01
0.356462 0.121606E+00 0.520439E-01
0.35673 0.174284E+00 0.517840E-01
0.356999 0.201360E+00 0.525859E-01
0.357267 0.239097E+00 0.522799E-01
0.357535 0.214215E+00 0.521909E-01
0.357804 0.198195E+00 0.525570E-01
0.358072 0.158212E+00 0.514487E-01
0.358341 0.141078E+00 0.520148E-01
0.358609 0.227138E+00 0.517302E-01
0.358877 0.217325E+00 0.520175E-01
0.359146 0.148783E+00 0.521936E-01
0.359414 0.168070E+00 0.518066E-01
0.35968300000000003 0.190963E+00 0.520437E-01
0.359951 0.134290E+00 0.517183E-01
0.36021899999999996 0.720337E-01 0.517479E-01
0.36048800000000003 0.126307E+00 0.519704E-01
0.36075599999999997 0.164326E+00 0.520471E-01
0.361024 0.168519E+00 0.521741E-01
0.361293 0.167617E+00 0.517421E-01
0.361561 0.167556E+00 0.521259E-01
0.36183 0.151847E+00 0.519808E-01
0.362098 0.150323E+00 0.515185E-01
0.362366 0.111177E+00 0.513365E-01
0.362635 0.121501E+00 0.517152E-01
0.36290300000000003 0.133075E+00 0.516052E-01
0.363172 0.223230E+00 0.516537E-01
0.36344 0.165595E+00 0.520488E-01
0.36370800000000003 0.180820E+00 0.523235E-01
0.363977 0.177518E+00 0.526038E-01
0.36424500000000004 0.183697E+00 0.521867E-01
0.364514 0.142045E+00 0.517419E-01
0.364782 0.176778E+00 0.516148E-01
0.36505 0.185959E+00 0.518947E-01
0.365319 0.180113E+00 0.517136E-01
0.365587 0.108873E+00 0.517894E-01
0.365856 0.154835E+00 0.514518E-01
0.366124 0.202397E+00 0.520168E-01
0.366392 0.166557E+00 0.515140E-01
0.366661 0.156726E+00 0.517409E-01
0.366929 0.162164E+00 0.518208E-01
0.367198 0.175906E+00 0.517245E-01
0.36746599999999996 0.153835E+00 0.517373E-01
0.367734 0.159373E+00 0.511203E-01
0.36800299999999997 0.185981E+00 0.518536E-01
0.368271 0.187310E+00 0.520148E-01
0.368539 0.188507E+00 0.515174E-01
0.36880799999999997 0.193177E+00 0.525204E-01
0.369076 0.139888E+00 0.518164E-01
0.369345 0.187836E+00 0.521180E-01
0.369613 0.146679E+00 0.516480E-01
0.369881 0.153410E+00 0.517014E-01
0.37015 0.115435E+00 0.518112E-01
0.370418 0.156201E+00 0.515690E-01
0.370687 0.824177E-01 0.517502E-01
0.37095500000000003 0.142885E+00 0.519140E-01
0.37122299999999997 0.188499E+00 0.511737E-01
0.37149200000000004 0.199367E+00 0.517151E-01
0.37176 0.150421E+00 0.515280E-01
0.372029 0.211071E+00 0.512302E-01
0.372297 0.207905E+00 0.518671E-01
0.372565 0.194185E+00 0.514520E-01
0.372834 0.142448E+00 0.522034E-01
0.373102 0.120608E+00 0.518894E-01
0.373371 0.151244E+00 0.515070E-01
0.373639 0.179311E+00 0.517068E-01
0.373907 0.157090E+00 0.515545E-01
0.374176 0.144062E+00 0.519844E-01
0.374444 0.139439E+00 0.509086E-01
0.37471299999999996 0.147114E+00 0.517705E-01
0.374981 0.147784E+00 0.518125E-01
0.375249 0.209478E+00 0.515974E-01
0.375518 0.173934E+00 0.519241E-01
0.375786 0.136847E+00 0.516024E-01
0.376055 0.155233E+00 0.518254E-01
0.376323 0.111597E+00 0.515987E-01
0.376591 0.150902E+00 0.518921E-01
0.37686000000000003 0.144411E+00 0.520578E-01
0.377128 0.168536E+00 0.516552E-01
0.377396 0.167720E+00 0.512955E-01
0.37766500000000003 0.175506E+00 0.515874E-01
0.37793299999999996 0.224309E+00 0.518030E-01
0.37820200000000004 0.189721E+00 0.518756E-01
0.37847 0.145406E+00 0.518255E-01
0.378738 0.122261E+00 0.518104E-01
0.379007 0.164316E+00 0.514021E-01
0.379275 0.181758E+00 0.510684E-01
0.379544 0.132345E+00 0.517567E-01
0.379812 0.111117E+00 0.517310E-01
0.38008000000000003 0.157417E+00 0.516179E-01
0.380349 0.191769E+00 0.516595E-01
0.380617 0.202506E+00 0.514655E-01
0.380886 0.183774E+00 0.514730E-01
0.381154 0.187402E+00 0.520395E-01
0.38142200000000004 0.257687E+00 0.516533E-01
0.381691 0.195934E+00 0.519492E-01
0.381959 0.191420E+00 0.510834E-01
0.382228 0.217266E+00 0.516014E-01
0.382496 0.109820E+00 0.516143E-01
0.382764 0.123891E+00 0.518694E-01
0.383033 0.158133E+00 0.567556E-01
0.383301 0.135878E+00 0.597850E-01
0.38357 0.176136E+00 0.627104E-01
0.383838 0.179686E+00 0.657743E-01
0.384106 0.170162E+00 0.695331E-01
0.384375 0.880337E-01 0.742719E-01
0.38464299999999996 0.693989E-01 0.775397E-01
0.384911 0.149767E+00 0.786714E-01
0.38517999999999997 0.599393E-01 0.810870E-01
0.385448 0.115757E+00 0.807520E-01
0.385717 0.123730E+00 0.667608E-01
0.38598499999999997 0.134809E+00 0.625911E-01
0.386253 0.184006E+00 0.609203E-01
0.386522 0.186619E+00 0.592625E-01
0.38679 0.114967E+00 0.574534E-01
0.387059 0.132144E+00 0.568542E-01
0.38732700000000003 0.175371E+00 0.568052E-01
0.387595 0.139745E+00 0.574187E-01
0.387864 0.209019E+00 0.567029E-01
0.38813200000000003 0.184887E+00 0.561698E-01
0.388401 0.183089E+00 0.555278E-01
0.38866900000000004 0.106556E+00 0.554661E-01
0.388937 0.142925E+00 0.558456E-01
0.389206 0.674522E-01 0.558198E-01
0.389474 0.100701E+00 0.554528E-01
0.389743 0.100830E+00 0.554294E-01
0.390011 0.188711E+00 0.549654E-01
0.390279 0.167256E+00 0.539680E-01
0.390548 0.167753E+00 0.539394E-01
0.390816 0.120891E+00 0.533595E-01
0.391085 0.152301E+00 0.531127E-01
0.391353 0.200923E+00 0.534306E-01
0.391621 0.177701E+00 0.527877E-01
0.39188999999999996 0.943806E-01 0.524887E-01
0.392158 0.137495E+00 0.523227E-01
0.392426 0.169162E+00 0.525156E-01
0.392695 0.158414E+00 0.519744E-01
0.392963 0.182771E+00 0.519865E-01
0.39323199999999997 0.139771E+00 0.521173E-01
0.3935 0.119681E+00 0.523249E-01
0.393768 0.171305E+00 0.522247E-01
0.394037 0.177537E+00 0.517100E-01
0.394305 0.194494E+00 0.517013E-01
0.394574 0.161586E+00 0.518601E-01
0.394842 0.148828E+00 0.517569E-01
0.39510999999999996 0.192223E+00 0.516568E-01
0.39537900000000004 0.197830E+00 0.523002E-01
0.39564699999999997 0.107936E+00 0.524912E-01
0.395916 0.149212E+00 0.521598E-01
0.396184 0.120079E+00 0.519699E-01
0.39645199999999997 0.167905E+00 0.521173E-01
0.396721 0.196012E+00 0.522552E-01
0.396989 0.122174E+00 0.516529E-01
0.397258 0.135895E+00 0.513819E-01
0.397526 0.143230E+00 0.516553E-01
0.397794 0.167265E+00 0.517173E-01
0.398063 0.173468E+00 0.518827E-01
0.398331 0.207449E+00 0.519009E-01
0.3986 0.199957E+00 0.525339E-01
0.398868 0.194762E+00 0.520738E-01
0.399136 0.147194E+00 0.520336E-01
0.399405 0.210489E+00 0.521203E-01
0.399673 0.237758E+00 0.521197E-01
0.399941 0.184647E+00 0.523632E-01
0.40021000000000007 0.183703E+00 0.523246E-01
0.400478 0.177694E+00 0.515867E-01
0.40074699999999996 0.120542E+00 0.513318E-01
0.401015 0.163263E+00 0.521335E-01
0.401283 0.159476E+00 0.514023E-01
0.401552 0.167422E+00 0.515971E-01
0.40182 0.170033E+00 0.514813E-01
0.402089 0.154866E+00 0.516954E-01
0.402357 0.133462E+00 0.515227E-01
0.402625 0.152072E+00 0.518981E-01
0.40289400000000003 0.145840E+00 0.522178E-01
0.403162 0.184278E+00 0.517201E-01
0.403431 0.110518E+00 0.520661E-01
0.40369900000000003 0.146796E+00 0.520815E-01
0.403967 0.142891E+00 0.521305E-01
0.40423600000000004 0.128871E+00 0.516643E-01
0.40450400000000003 0.110337E+00 0.519500E-01
0.40477299999999994 0.873533E-01 0.517982E-01
0.40504100000000004 0.132801E+00 0.516171E-01
0.40530900000000003 0.172429E+00 0.514429E-01
0.40557800000000005 0.162231E+00 0.517432E-01
0.40584600000000004 0.226887E+00 0.515823E-01
0.40611499999999995 0.186140E+00 0.517366E-01
0.40638300000000005 0.167115E+00 0.518350E-01
0.406651 0.223810E+00 0.516514E-01
0.40692000000000006 0.193522E+00 0.518807E-01
0.407188 0.224546E+00 0.514727E-01
0.407456 0.217606E+00 0.515308E-01
0.407725 0.167785E+00 0.515318E-01
0.407993 0.171201E+00 0.512368E-01
0.408262 0.182187E+00 0.519491E-01
0.40853 0.131597E+00 0.515521E-01
0.408798 0.125158E+00 0.516993E-01
0.409067 0.127794E+00 0.522464E-01
0.409335 0.208445E+00 0.519848E-01
0.409604 0.170739E+00 0.517599E-01
0.409872 0.133591E+00 0.518963E-01
0.41014 0.148804E+00 0.515477E-01
0.410409 0.175273E+00 0.508848E-01
0.410677 0.201158E+00 0.510078E-01
0.41094600000000003 0.163331E+00 0.514004E-01
0.411214 0.218672E+00 0.515048E-01
0.411482 0.206138E+00 0.517900E-01
0.41175100000000003 0.219968E+00 0.518699E-01
0.412019 0.223237E+00 0.517960E-01
0.41228800000000004 0.196400E+00 0.514105E-01
0.41255600000000003 0.166069E+00 0.521823E-01
0.41282399999999997 0.160751E+00 0.515369E-01
0.41309300000000004 0.157571E+00 0.513847E-01
0.413361 0.128297E+00 0.517299E-01
0.41363000000000005 0.123007E+00 0.512665E-01
0.413898 0.104897E+00 0.511278E-01
0.414166 0.794354E-01 0.492182E-01
0.414435 0.129473E+00 0.514489E-01
0.414703 0.130118E+00 0.514632E-01
0.414971 0.179295E+00 0.515356E-01
0.41524 0.114795E+00 0.515941E-01
0.415508 0.127232E+00 0.514316E-01
0.415777 0.180852E+00 0.510714E-01
0.416045 0.197126E+00 0.515870E-01
0.416313 0.134067E+00 0.510924E-01
0.416582 0.124230E+00 0.516188E-01
0.41685 0.138845E+00 0.511229E-01
0.417119 0.108057E+00 0.512371E-01
0.417387 0.163553E+00 0.515035E-01
0.417655 0.198902E+00 0.517154E-01
0.417924 0.184729E+00 0.513159E-01
0.418192 0.215804E+00 0.512550E-01
0.418461 0.179991E+00 0.518049E-01
0.418729 0.188304E+00 0.515902E-01
0.41899699999999995 0.202754E+00 0.510861E-01
0.419266 0.198902E+00 0.517116E-01
0.41953399999999996 0.166273E+00 0.513729E-01
0.41980300000000004 0.141993E+00 0.513894E-01
0.42007099999999997 0.180524E+00 0.513454E-01
0.42033899999999996 0.178013E+00 0.511171E-01
0.420608 0.142638E+00 0.512442E-01
0.420876 0.134074E+00 0.511278E-01
0.421145 0.123613E+00 0.510918E-01
0.421413 0.108914E+00 0.519972E-01
0.421681 0.120806E+00 0.518738E-01
0.42195 0.159529E+00 0.518205E-01
0.422218 0.164661E+00 0.509770E-01
0.422486 0.149977E+00 0.513512E-01
0.422755 0.166131E+00 0.515382E-01
0.423023 0.207766E+00 0.512168E-01
0.423292 0.172991E+00 0.514173E-01
0.42356 0.859957E-01 0.517430E-01
0.423828 0.112559E+00 0.512335E-01
0.424097 0.158420E+00 0.514693E-01
0.424365 0.194147E+00 0.516040E-01
0.424634 0.166970E+00 0.519528E-01
0.424902 0.207635E+00 0.517294E-01
0.42516999999999994 0.145103E+00 0.515614E-01
0.425439 0.909623E-01 0.514391E-01
0.42570699999999995 0.133408E+00 0.512732E-01
0.425976 0.173715E+00 0.520071E-01
0.42624399999999996 0.177192E+00 0.513108E-01
0.42651199999999995 0.226502E+00 0.512599E-01
0.42678099999999997 0.195518E+00 0.517029E-01
0.42704899999999996 0.151387E+00 0.510733E-01
0.427318 0.169201E+00 0.515423E-01
0.42758599999999997 0.146042E+00 0.513059E-01
0.42785399999999996 0.204532E+00 0.513852E-01
0.428123 0.207412E+00 0.515977E-01
0.42839099999999997 0.171955E+00 0.517532E-01
0.42866 0.186733E+00 0.514984E-01
0.428928 0.167693E+00 0.513501E-01
0.429196 0.142674E+00 0.511622E-01
0.429465 0.235529E+00 0.518626E-01
0.429733 0.116105E+00 0.513196E-01
0.430002 0.131202E+00 0.511465E-01
0.43027 0.110506E+00 0.512946E-01
0.43053800000000003 0.186168E+00 0.517358E-01
0.430807 0.209898E+00 0.516295E-01
0.431075 0.182482E+00 0.513952E-01
0.43134300000000003 0.228532E+00 0.513080E-01
0.431612 0.176196E+00 0.514166E-01
0.43188000000000004 0.186577E+00 0.513819E-01
0.432149 0.220149E+00 0.512497E-01
0.43241699999999994 0.160755E+00 0.510602E-01
0.43268500000000004 0.140824E+00 0.511895E-01
0.43295399999999995 0.170240E+00 0.509932E-01
0.43322200000000005 0.155373E+00 0.512465E-01
0.43349099999999996 0.126224E+00 0.513820E-01
0.43375899999999995 0.151117E+00 0.517264E-01
0.43402700000000005 0.184091E+00 0.517930E-01
0.43429599999999996 0.200827E+00 0.515282E-01
0.43456400000000006 0.189518E+00 0.513160E-01
0.43483299999999997 0.173630E+00 0.518773E-01
0.43510099999999996 0.192918E+00 0.515925E-01
0.435369 0.205763E+00 0.511494E-01
0.43563799999999997 0.187628E+00 0.513936E-01
0.435906 0.176037E+00 0.516617E-01
0.436175 0.152583E+00 0.512350E-01
0.43644299999999997 0.178379E+00 0.510254E-01
0.436711 0.170145E+00 0.511698E-01
0.43698 0.190328E+00 0.513713E-01
0.437248 0.139997E+00 0.512332E-01
0.437517 0.156110E+00 0.517518E-01
0.437785 0.176329E+00 0.513086E-01
0.438053 0.207306E+00 0.506710E-01
0.438322 0.165375E+00 0.514604E-01
0.43859000000000004 0.150096E+00 0.514292E-01
0.438858 0.153815E+00 0.511518E-01
0.43912699999999993 0.204380E+00 0.513208E-01
0.43939500000000004 0.181619E+00 0.514785E-01
0.43966399999999994 0.176924E+00 0.512487E-01
0.43993200000000005 0.181706E+00 0.510633E-01
0.44020000000000004 0.205194E+00 0.506099E-01
0.44046900000000005 0.161073E+00 0.512768E-01
0.44073700000000005 0.184856E+00 0.511327E-01
0.44100599999999995 0.170973E+00 0.517847E-01
0.44127400000000006 0.149443E+00 0.521417E-01
0.441542 0.152134E+00 0.515470E-01
0.44181100000000006 0.180423E+00 0.515234E-01
0.442079 0.179718E+00 0.514132E-01
0.44234799999999996 0.175443E+00 0.514330E-01
0.442616 0.137286E+00 0.510699E-01
0.442884 0.199304E+00 0.511140E-01
0.443153 0.233772E+00 0.518480E-01
0.443421 0.253465E+00 0.513308E-01
0.44369 0.166750E+00 0.510830E-01
0.443958 0.113767E+00 0.509241E-01
0.444226 0.149529E+00 0.513729E-01
0.44449500000000003 0.154831E+00 0.517674E-01
0.444763 0.199304E+00 0.509407E-01
0.445032 0.186362E+00 0.513331E-01
0.44530000000000003 0.152557E+00 0.512023E-01
0.445568 0.204533E+00 0.510746E-01
0.44583700000000004 0.179549E+00 0.513269E-01
0.44610500000000003 0.215908E+00 0.513671E-01
0.446373 0.133445E+00 0.509126E-01
0.44664200000000004 0.169843E+00 0.511786E-01
0.44691000000000003 0.150982E+00 0.511033E-01
0.44717900000000005 0.170395E+00 0.520321E-01
0.44744700000000004 0.159853E+00 0.511440E-01
0.447715 0.130984E+00 0.512923E-01
0.44798400000000005 0.201832E+00 0.519893E-01
0.448252 0.171731E+00 0.518654E-01
0.44852100000000006 0.164791E+00 0.518305E-01
0.448789 0.197036E+00 0.519517E-01
0.449057 0.166471E+00 0.515344E-01
0.449326 0.158591E+00 0.513932E-01
0.449594 0.182778E+00 0.514848E-01
0.449863 0.122568E+00 0.511419E-01
0.450131 0.175467E+00 0.516279E-01
0.450399 0.180243E+00 0.510932E-01
0.450668 0.205928E+00 0.514056E-01
0.450936 0.160370E+00 0.515171E-01
0.451205 0.171166E+00 0.512144E-01
0.451473 0.153151E+00 0.514273E-01
0.451741 0.169658E+00 0.513999E-01
0.45201 0.256105E+00 0.510093E-01
0.452278 0.194465E+00 0.508097E-01
0.45254700000000003 0.172927E+00 0.512672E-01
0.452815 0.129047E+00 0.515435E-01
0.453083 0.117809E+00 0.510676E-01
0.45335200000000003 0.109337E+00 0.513693E-01
0.45362 0.171643E+00 0.514407E-01
0.45388799999999996 0.176921E+00 0.510557E-01
0.45415700000000003 0.189372E+00 0.515782E-01
0.45442499999999997 0.201895E+00 0.515594E-01
0.45469400000000004 0.168047E+00 0.515722E-01
0.454962 0.204885E+00 0.519437E-01
0.45522999999999997 0.173414E+00 0.514634E-01
0.455499 0.174132E+00 0.516281E-01
0.455767 0.177923E+00 0.515364E-01
0.456036 0.210075E+00 0.523503E-01
0.456304 0.216434E+00 0.522517E-01
0.456572 0.206058E+00 0.516230E-01
0.456841 0.169372E+00 0.515979E-01
0.457109 0.184297E+00 0.511290E-01
0.457378 0.162433E+00 0.510202E-01
0.457646 0.163719E+00 0.507585E-01
0.457914 0.184264E+00 0.511238E-01
0.458183 0.188757E+00 0.515950E-01
0.458451 0.169933E+00 0.512817E-01
0.45872 0.173219E+00 0.510174E-01
0.458988 0.186848E+00 0.516560E-01
0.459256 0.214711E+00 0.508739E-01
0.459525 0.119383E+00 0.511634E-01
0.459793 0.173810E+00 0.511786E-01
0.460062 0.236364E+00 0.513810E-01
0.46033 0.163453E+00 0.512546E-01
0.46059799999999995 0.133629E+00 0.507702E-01
0.460867 0.153767E+00 0.511151E-01
0.46113499999999996 0.186946E+00 0.513612E-01
0.46140299999999995 0.126105E+00 0.510338E-01
0.46167199999999997 0.165246E+00 0.518446E-01
0.46193999999999996 0.152316E+00 0.515823E-01
0.462209 0.165340E+00 0.513554E-01
0.46247699999999997 0.153542E+00 0.513217E-01
0.46274499999999996 0.172003E+00 0.506881E-01
0.463014 0.162580E+00 0.510487E-01
0.46328199999999997 0.128653E+00 0.516552E-01
0.463551 0.154328E+00 0.516169E-01
0.463819 0.192531E+00 0.517079E-01
0.46408699999999997 0.163233E+00 0.520309E-01
0.464356 0.165322E+00 0.520128E-01
0.464624 0.127192E+00 0.513374E-01
0.464893 0.191606E+00 0.509635E-01
0.465161 0.179246E+00 0.514579E-01
0.465429 0.147885E+00 0.515335E-01
0.465698 0.120097E+00 0.517679E-01
0.465966 0.156642E+00 0.514952E-01
0.466235 0.133396E+00 0.518629E-01
0.466503 0.940033E-01 0.518419E-01
0.46677099999999994 0.205708E+00 0.513300E-01
0.46704 0.219990E+00 0.515246E-01
0.46730799999999995 0.224268E+00 0.516796E-01
0.467577 0.180956E+00 0.513573E-01
0.46784499999999996 0.195538E+00 0.519853E-01
0.46811299999999995 0.190386E+00 0.516537E-01
0.46838199999999997 0.199890E+00 0.517500E-01
0.46864999999999996 0.187749E+00 0.518466E-01
0.46891800000000006 0.157359E+00 0.520612E-01
0.46918699999999997 0.197105E+00 0.524547E-01
0.46945499999999996 0.185970E+00 0.517007E-01
0.469724 0.187438E+00 0.516562E-01
0.46999199999999997 0.184300E+00 0.517382E-01
0.47026 0.188503E+00 0.514001E-01
0.470529 0.152193E+00 0.518068E-01
0.470797 0.172210E+00 0.519562E-01
0.471066 0.165984E+00 0.518356E-01
0.471334 0.166476E+00 0.518733E-01
0.471602 0.213679E+00 0.515537E-01
0.471871 0.164313E+00 0.516377E-01
0.47213900000000003 0.151461E+00 0.514901E-01
0.472408 0.997367E-01 0.516926E-01
0.472676 0.137010E+00 0.516276E-01
0.47294400000000003 0.234855E+00 0.518242E-01
0.473213 0.190947E+00 0.517588E-01
0.47348100000000004 0.205493E+00 0.515757E-01
0.47375 0.255875E+00 0.518297E-01
0.47401799999999994 0.244360E+00 0.519690E-01
0.47428600000000004 0.192344E+00 0.517183E-01
0.47455499999999995 0.171445E+00 0.518112E-01
0.47482300000000005 0.178679E+00 0.514489E-01
0.47509199999999996 0.182212E+00 0.513816E-01
0.47535999999999995 0.157905E+00 0.518030E-01
0.47562800000000005 0.180431E+00 0.514284E-01
0.47589699999999996 0.151918E+00 0.517928E-01
0.47616500000000006 0.177887E+00 0.516689E-01
0.476433 0.193055E+00 0.521704E-01
0.47670199999999996 0.205658E+00 0.515105E-01
0.47697 0.151763E+00 0.514512E-01
0.47723899999999997 0.163665E+00 0.519210E-01
0.477507 0.198320E+00 0.524711E-01
0.477775 0.217120E+00 0.519888E-01
0.47804399999999997 0.175641E+00 0.516503E-01
0.478312 0.155875E+00 0.517996E-01
0.478581 0.218759E+00 0.523504E-01
0.478849 0.210633E+00 0.521860E-01
0.479117 0.168553E+00 0.521877E-01
0.479386 0.172370E+00 0.516710E-01
0.479654 0.144710E+00 0.519604E-01
0.479923 0.150225E+00 0.515060E-01
0.48019100000000003 0.144291E+00 0.515944E-01
0.480459 0.112253E+00 0.516121E-01
0.48072800000000004 0.109720E+00 0.516657E-01
0.48099600000000003 0.142337E+00 0.510636E-01
0.48126499999999994 0.191000E+00 0.515104E-01
0.48153300000000004 0.210148E+00 0.514268E-01
0.48180100000000003 0.203918E+00 0.514826E-01
0.48207000000000005 0.135540E+00 0.517465E-01
0.48233800000000004 0.195571E+00 0.516514E-01
0.48260699999999995 0.201536E+00 0.516261E-01
0.48287500000000005 0.171067E+00 0.515646E-01
0.483143 0.153673E+00 0.516369E-01
0.48341200000000006 0.139294E+00 0.520879E-01
0.48368 0.177187E+00 0.521059E-01
0.483948 0.172379E+00 0.514398E-01
0.484217 0.155310E+00 0.519311E-01
0.484485 0.168621E+00 0.516335E-01
0.484754 0.162482E+00 0.517909E-01
0.485022 0.193334E+00 0.514331E-01
0.48529 0.160898E+00 0.506327E-01
0.485559 0.162037E+00 0.511801E-01
0.485827 0.169806E+00 0.512426E-01
0.48609600000000003 0.162813E+00 0.514388E-01
0.486364 0.246472E+00 0.515564E-01
0.486632 0.187114E+00 0.517077E-01
0.48690100000000003 0.161137E+00 0.521977E-01
0.487169 0.180862E+00 0.518871E-01
0.48743800000000004 0.170134E+00 0.519678E-01
0.48770600000000003 0.120309E+00 0.516344E-01
0.487974 0.137651E+00 0.520394E-01
0.48824300000000004 0.213332E+00 0.513936E-01
0.48851100000000003 0.153251E+00 0.511945E-01
0.48878000000000005 0.172670E+00 0.519658E-01
0.48904800000000004 0.179009E+00 0.520253E-01
0.489316 0.211445E+00 0.522386E-01
0.48958500000000005 0.141953E+00 0.524260E-01
0.489853 0.190807E+00 0.523167E-01
0.49012200000000006 0.139572E+00 0.521358E-01
0.49039 0.183956E+00 0.522849E-01
0.490658 0.229333E+00 0.514812E-01
0.490927 0.201415E+00 0.522931E-01
0.491195 0.192417E+00 0.522857E-01
0.491464 0.222631E+00 0.521381E-01
0.491732 0.166546E+00 0.521230E-01
0.492 0.202286E+00 0.515435E-01
0.492269 0.170419E+00 0.515304E-01
0.492537 0.163672E+00 0.515943E-01
0.492805 0.182680E+00 0.513628E-01
0.493074 0.228263E+00 0.519460E-01
0.493342 0.183169E+00 0.519264E-01
0.493611 0.158854E+00 0.522660E-01
0.493879 0.201866E+00 0.523771E-01
0.494147 0.210269E+00 0.518233E-01
0.494416 0.231275E+00 0.525110E-01
0.494684 0.194185E+00 0.518701E-01
0.49495300000000003 0.199289E+00 0.521508E-01
0.495221 0.170661E+00 0.523678E-01
0.49548899999999996 0.215937E+00 0.519921E-01
0.49575800000000003 0.174319E+00 0.518730E-01
0.49602599999999997 0.244903E+00 0.514180E-01
0.49629500000000004 0.220759E+00 0.528250E-01
0.496563 0.184176E+00 0.521235E-01
0.49683099999999997 0.191952E+00 0.524141E-01
0.4971 0.190598E+00 0.519453E-01
0.497368 0.217843E+00 0.514783E-01
0.497637 0.213897E+00 0.518439E-01
0.497905 0.156732E+00 0.521972E-01
0.498173 0.139054E+00 0.523012E-01
0.498442 0.186206E+00 0.523755E-01
0.49871 0.202906E+00 0.522539E-01
0.498979 0.188680E+00 0.524398E-01
0.499247 0.173530E+00 0.523959E-01
0.499515 0.139512E+00 0.520867E-01
0.499784 0.176226E+00 0.520359E-01
0.5000519999999999 0.139699E+00 0.516642E-01
0.50032 0.142024E+00 0.518426E-01
0.500589 0.198960E+00 0.520156E-01
0.500857 0.195227E+00 0.521002E-01
0.501126 0.161577E+00 0.519723E-01
0.501394 0.187323E+00 0.522400E-01
0.5016619999999999 0.189552E+00 0.516520E-01
0.501931 0.183205E+00 0.519604E-01
0.502199 0.159335E+00 0.519972E-01
0.502468 0.199800E+00 0.523491E-01
0.502736 0.175869E+00 0.522062E-01
0.503004 0.175436E+00 0.520929E-01
0.503273 0.180196E+00 0.520747E-01
0.503541 0.178316E+00 0.514252E-01
0.50381 0.160847E+00 0.519229E-01
0.504078 0.164297E+00 0.521433E-01
0.504346 0.166014E+00 0.519053E-01
0.504615 0.183999E+00 0.518796E-01
0.504883 0.147667E+00 0.523618E-01
0.505152 0.176389E+00 0.524613E-01
0.50542 0.178137E+00 0.520455E-01
0.5056879999999999 0.132626E+00 0.516727E-01
0.505957 0.124848E+00 0.528992E-01
0.5062249999999999 0.178843E+00 0.526311E-01
0.506494 0.164907E+00 0.523059E-01
0.5067619999999999 0.208576E+00 0.528239E-01
0.50703 0.242859E+00 0.519702E-01
0.5072989999999999 0.200187E+00 0.523103E-01
0.507567 0.214608E+00 0.520687E-01
0.507835 0.166799E+00 0.521623E-01
0.508104 0.172285E+00 0.524022E-01
0.5083719999999999 0.200704E+00 0.519034E-01
0.508641 0.185064E+00 0.529540E-01
0.508909 0.174810E+00 0.524688E-01
0.509177 0.201090E+00 0.527582E-01
0.509446 0.209032E+00 0.524539E-01
0.509714 0.219045E+00 0.518789E-01
0.509983 0.190699E+00 0.523008E-01
0.510251 0.169438E+00 0.521612E-01
0.5105190000000001 0.175250E+00 0.521120E-01
0.510788 0.202847E+00 0.522431E-01
0.5110560000000001 0.254225E+00 0.521292E-01
0.511325 0.217798E+00 0.519241E-01
0.511593 0.229186E+00 0.516668E-01
0.511861 0.196750E+00 0.523318E-01
0.51213 0.211708E+00 0.526793E-01
0.512398 0.154750E+00 0.525490E-01
0.512667 0.157475E+00 0.521575E-01
0.5129349999999999 0.161569E+00 0.521776E-01
0.5132030000000001 0.184614E+00 0.528650E-01
0.5134719999999999 0.143571E+00 0.531880E-01
0.5137400000000001 0.187416E+00 0.528246E-01
0.5140089999999999 0.138032E+00 0.524730E-01
0.514277 0.176249E+00 0.521016E-01
0.514545 0.172328E+00 0.521706E-01
0.514814 0.159668E+00 0.520062E-01
0.515082 0.166776E+00 0.520651E-01
0.51535 0.151348E+00 0.530053E-01
0.5156189999999999 0.182693E+00 0.597371E-01
0.515887 0.214405E+00 0.638137E-01
0.516156 0.201201E+00 0.684615E-01
0.516424 0.220364E+00 0.721318E-01
0.516692 0.143435E+00 0.754249E-01
0.516961 0.159081E+00 0.800607E-01
0.517229 0.174445E+00 0.839472E-01
0.517498 0.217656E+00 0.894733E-01
0.5177660000000001 0.840879E-01 0.894533E-01
0.518034 0.185430E+00 0.690383E-01
0.518303 0.218481E+00 0.631279E-01
0.518571 0.249827E+00 0.600857E-01
0.51884 0.103311E+00 0.574640E-01
0.519108 0.190183E+00 0.570493E-01
0.5193760000000001 0.231650E+00 0.568154E-01
0.5196449999999999 0.122969E+00 0.562583E-01
0.5199130000000001 0.200164E+00 0.565620E-01
0.5201819999999999 0.173678E+00 0.562297E-01
0.5204500000000001 0.164899E+00 0.559396E-01
0.520718 0.189795E+00 0.550431E-01
0.520987 0.190012E+00 0.550072E-01
0.521255 0.190887E+00 0.541457E-01
0.521524 0.211617E+00 0.546960E-01
0.521792 0.183547E+00 0.539004E-01
0.52206 0.223204E+00 0.526584E-01
0.522329 0.243715E+00 0.529668E-01
0.522597 0.235779E+00 0.529398E-01
0.522865 0.180685E+00 0.517780E-01
0.523134 0.195706E+00 0.526123E-01
0.523402 0.197727E+00 0.524653E-01
0.523671 0.183244E+00 0.522617E-01
0.523939 0.221885E+00 0.519755E-01
0.524207 0.211051E+00 0.524106E-01
0.524476 0.226315E+00 0.524746E-01
0.524744 0.225592E+00 0.522501E-01
0.5250130000000001 0.208450E+00 0.522703E-01
0.525281 0.132935E+00 0.522982E-01
0.525549 0.204517E+00 0.523310E-01
0.525818 0.230448E+00 0.528980E-01
0.526086 0.267535E+00 0.522674E-01
0.526355 0.228960E+00 0.526792E-01
0.5266230000000001 0.174652E+00 0.526997E-01
0.526891 0.146099E+00 0.524928E-01
0.5271600000000001 0.195719E+00 0.521720E-01
0.527428 0.236540E+00 0.520038E-01
0.5276970000000001 0.193728E+00 0.519055E-01
0.527965 0.164678E+00 0.516253E-01
0.528233 0.124606E+00 0.519000E-01
0.528502 0.185941E+00 0.532260E-01
0.52877 0.165329E+00 0.526070E-01
0.529039 0.141816E+00 0.519639E-01
0.529307 0.151024E+00 0.520884E-01
0.529575 0.106915E+00 0.518870E-01
0.529844 0.191301E+00 0.522789E-01
0.530112 0.194971E+00 0.527186E-01
0.53038 0.209456E+00 0.525044E-01
0.530649 0.139334E+00 0.524277E-01
0.530917 0.109997E+00 0.521116E-01
0.531186 0.135001E+00 0.520550E-01
0.531454 0.161117E+00 0.518975E-01
0.531722 0.198455E+00 0.515231E-01
0.531991 0.224350E+00 0.527228E-01
0.532259 0.181821E+00 0.522126E-01
0.532528 0.226371E+00 0.521702E-01
0.532796 0.173305E+00 0.524481E-01
0.533064 0.193463E+00 0.518686E-01
0.5333330000000001 0.214362E+00 0.527215E-01
0.533601 0.195608E+00 0.520605E-01
0.5338700000000001 0.200807E+00 0.525681E-01
0.534138 0.225048E+00 0.524756E-01
0.5344059999999999 0.172589E+00 0.524031E-01
0.534675 0.178549E+00 0.530118E-01
0.534943 0.212911E+00 0.532571E-01
0.535212 0.232657E+00 0.525704E-01
0.53548 0.177731E+00 0.516642E-01
0.535748 0.222524E+00 0.514470E-01
0.536017 0.196824E+00 0.522454E-01
0.536285 0.172803E+00 0.524627E-01
0.536554 0.191615E+00 0.520988E-01
0.536822 0.183728E+00 0.523868E-01
0.53709 0.135804E+00 0.520826E-01
0.537359 0.184235E+00 0.523922E-01
0.537627 0.227083E+00 0.525245E-01
0.537895 0.162256E+00 0.528919E-01
0.538164 0.160790E+00 0.532397E-01
0.538432 0.167006E+00 0.526879E-01
0.538701 0.173234E+00 0.527274E-01
0.538969 0.131644E+00 0.538731E-01
0.539237 0.203885E+00 0.603214E-01
0.539506 0.213406E+00 0.656005E-01
0.539774 0.184098E+00 0.673196E-01
0.540043 0.194150E+00 0.604826E-01
0.540311 0.251298E+00 0.575980E-01
0.5405789999999999 0.231975E+00 0.556314E-01
0.540848 0.209974E+00 0.552193E-01
0.5411159999999999 0.210645E+00 0.545537E-01
0.541385 0.219028E+00 0.544347E-01
0.5416529999999999 0.198205E+00 0.543797E-01
0.541921 0.156749E+00 0.535886E-01
0.54219 0.212483E+00 0.533893E-01
0.542458 0.251096E+00 0.536445E-01
0.542727 0.231471E+00 0.539484E-01
0.542995 0.203341E+00 0.534069E-01
0.5432629999999999 0.191489E+00 0.537849E-01
0.543532 0.185764E+00 0.537914E-01
0.5438 0.195119E+00 0.536913E-01
0.544069 0.189532E+00 0.531016E-01
0.544337 0.207455E+00 0.531368E-01
0.544605 0.158790E+00 0.519809E-01
0.544874 0.148670E+00 0.518621E-01
0.545142 0.221386E+00 0.522259E-01
0.545411 0.210786E+00 0.529729E-01
0.545679 0.148354E+00 0.530881E-01
0.545947 0.159817E+00 0.523799E-01
0.546216 0.178755E+00 0.529589E-01
0.546484 0.164062E+00 0.528779E-01
0.546752 0.208418E+00 0.525509E-01
0.547021 0.198889E+00 0.523821E-01
0.5472889999999999 0.206727E+00 0.524242E-01
0.547558 0.181706E+00 0.527534E-01
0.5478259999999999 0.193071E+00 0.524505E-01
0.5480940000000001 0.185334E+00 0.527623E-01
0.5483629999999999 0.249184E+00 0.531440E-01
0.548631 0.226424E+00 0.527169E-01
0.5488999999999999 0.155840E+00 0.525295E-01
0.549168 0.183446E+00 0.523495E-01
0.549436 0.185374E+00 0.529394E-01
0.549705 0.198699E+00 0.526533E-01
0.5499729999999999 0.188904E+00 0.525377E-01
0.550242 0.216163E+00 0.528965E-01
0.5505099999999999 0.196264E+00 0.530573E-01
0.550778 0.209898E+00 0.531074E-01
0.551047 0.195513E+00 0.533148E-01
0.551315 0.123245E+00 0.524809E-01
0.551584 0.203640E+00 0.527083E-01
0.551852 0.176197E+00 0.529014E-01
0.55212 0.202259E+00 0.522622E-01
0.552389 0.226579E+00 0.525821E-01
0.5526570000000001 0.200338E+00 0.517803E-01
0.552926 0.179942E+00 0.519503E-01
0.553194 0.168454E+00 0.525144E-01
0.553462 0.172865E+00 0.526099E-01
0.553731 0.184018E+00 0.526486E-01
0.553999 0.249108E+00 0.532542E-01
0.5542670000000001 0.206502E+00 0.526381E-01
0.5545359999999999 0.174185E+00 0.529925E-01
0.5548040000000001 0.180908E+00 0.529342E-01
0.5550729999999999 0.164388E+00 0.524931E-01
0.5553410000000001 0.209893E+00 0.524081E-01
0.555609 0.191344E+00 0.526057E-01
0.555878 0.205226E+00 0.524589E-01
0.556146 0.168083E+00 0.524815E-01
0.556415 0.163670E+00 0.527842E-01
0.556683 0.206434E+00 0.529025E-01
0.556951 0.170392E+00 0.525627E-01
0.5572199999999999 0.208628E+00 0.528107E-01
0.557488 0.215118E+00 0.525538E-01
0.557757 0.233228E+00 0.529928E-01
0.558025 0.169577E+00 0.527531E-01
0.558293 0.183900E+00 0.529484E-01
0.558562 0.165246E+00 0.532142E-01
0.55883 0.191305E+00 0.525806E-01
0.559099 0.204145E+00 0.524575E-01
0.5593670000000001 0.187784E+00 0.527619E-01
0.559635 0.185185E+00 0.528600E-01
0.559904 0.212224E+00 0.528482E-01
0.560172 0.176311E+00 0.525333E-01
0.560441 0.241714E+00 0.529193E-01
0.560709 0.207337E+00 0.531289E-01
0.5609770000000001 0.156866E+00 0.528885E-01
0.5612459999999999 0.177557E+00 0.526315E-01
0.5615140000000001 0.204201E+00 0.530138E-01
0.561782 0.207172E+00 0.528986E-01
0.5620510000000001 0.173677E+00 0.535582E-01
0.562319 0.176590E+00 0.533060E-01
0.5625880000000001 0.184522E+00 0.527508E-01
0.562856 0.170246E+00 0.527851E-01
0.563124 0.204725E+00 0.526905E-01
0.563393 0.197223E+00 0.526691E-01
0.563661 0.209071E+00 0.531689E-01
0.56393 0.172578E+00 0.534090E-01
0.564198 0.173019E+00 0.527957E-01
0.564466 0.236992E+00 0.525793E-01
0.564735 0.196385E+00 0.530212E-01
0.565003 0.198550E+00 0.529695E-01
0.565272 0.155822E+00 0.530226E-01
0.56554 0.200198E+00 0.530758E-01
0.565808 0.182550E+00 0.527139E-01
0.566077 0.246571E+00 0.525369E-01
0.566345 0.177261E+00 0.519752E-01
0.5666140000000001 0.206789E+00 0.529061E-01
0.566882 0.253392E+00 0.532934E-01
0.56715 0.250577E+00 0.528286E-01
0.567419 0.206949E+00 0.529394E-01
0.567687 0.202683E+00 0.527685E-01
0.567956 0.242035E+00 0.534506E-01
0.5682240000000001 0.246539E+00 0.535354E-01
0.568492 0.185761E+00 0.532438E-01
0.5687610000000001 0.153366E+00 0.526873E-01
0.569029 0.145313E+00 0.531497E-01
0.5692969999999999 0.233631E+00 0.529094E-01
0.569566 0.172210E+00 0.527102E-01
0.569834 0.192536E+00 0.529923E-01
0.570103 0.206131E+00 0.536270E-01
0.570371 0.239051E+00 0.534157E-01
0.570639 0.211852E+00 0.534505E-01
0.570908 0.242813E+00 0.533869E-01
0.571176 0.276756E+00 0.533004E-01
0.571445 0.244413E+00 0.532463E-01
0.571713 0.182501E+00 0.533177E-01
0.571981 0.204041E+00 0.529091E-01
0.57225 0.218838E+00 0.528109E-01
0.572518 0.183666E+00 0.526461E-01
0.572787 0.212892E+00 0.535354E-01
0.573055 0.202522E+00 0.533787E-01
0.573323 0.167964E+00 0.529458E-01
0.573592 0.181830E+00 0.534404E-01
0.57386 0.194766E+00 0.531146E-01
0.574129 0.204860E+00 0.529091E-01
0.574397 0.188675E+00 0.528713E-01
0.574665 0.258544E+00 0.524914E-01
0.5749340000000001 0.155768E+00 0.530186E-01
0.575202 0.184282E+00 0.534785E-01
0.5754710000000001 0.178486E+00 0.533913E-01
0.575739 0.182466E+00 0.531423E-01
0.5760069999999999 0.161317E+00 0.528666E-01
0.576276 0.199963E+00 0.529971E-01
0.576544 0.178810E+00 0.529578E-01
0.576812 0.167760E+00 0.533124E-01
0.577081 0.125964E+00 0.534768E-01
0.577349 0.186724E+00 0.536862E-01
0.577618 0.192174E+00 0.532123E-01
0.577886 0.190153E+00 0.536515E-01
0.578154 0.208383E+00 0.536646E-01
0.578423 0.214180E+00 0.537006E-01
0.578691 0.185473E+00 0.526428E-01
0.57896 0.194752E+00 0.534230E-01
0.579228 0.219263E+00 0.533389E-01
0.579496 0.205022E+00 0.532321E-01
0.579765 0.131612E+00 0.540928E-01
0.580033 0.166630E+00 0.534197E-01
0.580302 0.227371E+00 0.534639E-01
0.58057 0.188309E+00 0.536845E-01
0.580838 0.168696E+00 0.534642E-01
0.581107 0.165566E+00 0.536089E-01
0.581375 0.204119E+00 0.533893E-01
0.581644 0.222658E+00 0.532500E-01
0.581912 0.230690E+00 0.530567E-01
0.5821799999999999 0.168342E+00 0.533274E-01
0.582449 0.195941E+00 0.541197E-01
0.5827169999999999 0.239838E+00 0.536678E-01
0.582986 0.240234E+00 0.537576E-01
0.5832539999999999 0.174895E+00 0.532547E-01
0.583522 0.123704E+00 0.527297E-01
0.583791 0.145177E+00 0.532557E-01
0.584059 0.135650E+00 0.531006E-01
0.584327 0.204642E+00 0.533472E-01
0.584596 0.206093E+00 0.538162E-01
0.5848639999999999 0.216273E+00 0.537337E-01
0.585133 0.220509E+00 0.538541E-01
0.585401 0.172095E+00 0.539987E-01
0.585669 0.166262E+00 0.538742E-01
0.585938 0.152302E+00 0.536652E-01
0.586206 0.183437E+00 0.530093E-01
0.586475 0.188082E+00 0.536981E-01
0.586743 0.216233E+00 0.532160E-01
0.5870110000000001 0.215144E+00 0.534542E-01
0.58728 0.239644E+00 0.536129E-01
0.587548 0.229089E+00 0.540243E-01
0.587817 0.192627E+00 0.541219E-01
0.588085 0.166837E+00 0.538804E-01
0.588353 0.169041E+00 0.540527E-01
0.588622 0.203124E+00 0.536397E-01
0.5888899999999999 0.195858E+00 0.530259E-01
0.589159 0.228529E+00 0.532119E-01
0.5894269999999999 0.184876E+00 0.531814E-01
0.5896950000000001 0.190785E+00 0.535087E-01
0.5899639999999999 0.223302E+00 0.542472E-01
0.590232 0.207179E+00 0.538732E-01
0.5905009999999999 0.168474E+00 0.539944E-01
0.590769 0.162359E+00 0.551384E-01
0.591037 0.155240E+00 0.619651E-01
0.591306 0.159711E+00 0.679076E-01
0.591574 0.110781E+00 0.713857E-01
0.591842 0.188415E+00 0.621140E-01
0.5921109999999999 0.237197E+00 0.589883E-01
0.592379 0.184837E+00 0.568581E-01
0.592648 0.184494E+00 0.556330E-01
0.592916 0.157009E+00 0.552497E-01
0.593184 0.210282E+00 0.554661E-01
0.593453 0.238218E+00 0.556193E-01
0.593721 0.231123E+00 0.552592E-01
0.59399 0.228113E+00 0.553959E-01
0.5942580000000001 0.221035E+00 0.552008E-01
0.594526 0.211356E+00 0.539586E-01
0.594795 0.204238E+00 0.552771E-01
0.595063 0.287320E+00 0.553027E-01
0.595332 0.276541E+00 0.547461E-01
0.5956 0.198881E+00 0.539476E-01
0.5958680000000001 0.198925E+00 0.554944E-01
0.5961369999999999 0.236543E+00 0.615426E-01
0.5964050000000001 0.255151E+00 0.663063E-01
0.5966739999999999 0.225948E+00 0.711517E-01
0.5969420000000001 0.197543E+00 0.622588E-01
0.59721 0.159415E+00 0.582058E-01
0.597479 0.210256E+00 0.572385E-01
0.597747 0.209272E+00 0.556839E-01
0.598016 0.190757E+00 0.558375E-01
0.598284 0.208991E+00 0.554512E-01
0.598552 0.206830E+00 0.553474E-01
0.5988209999999999 0.197752E+00 0.551807E-01
0.599089 0.172159E+00 0.552225E-01
0.599357 0.235796E+00 0.553941E-01
0.599626 0.233678E+00 0.556801E-01
0.599894 0.234716E+00 0.552761E-01
0.600163 0.279576E+00 0.554987E-01
0.600431 0.201554E+00 0.551598E-01
0.600699 0.159408E+00 0.540453E-01
0.6009680000000001 0.180086E+00 0.542965E-01
0.601236 0.200624E+00 0.531672E-01
0.601505 0.206705E+00 0.534926E-01
0.601773 0.175412E+00 0.539043E-01
0.602041 0.169696E+00 0.536808E-01
0.60231 0.229562E+00 0.540210E-01
0.6025780000000001 0.173232E+00 0.545302E-01
0.602847 0.203877E+00 0.541238E-01
0.6031150000000001 0.274330E+00 0.538011E-01
0.603383 0.180505E+00 0.544621E-01
0.6036520000000001 0.199676E+00 0.541411E-01
0.60392 0.178452E+00 0.544357E-01
0.6041890000000001 0.176497E+00 0.543040E-01
0.604457 0.185328E+00 0.540368E-01
0.604725 0.237460E+00 0.540084E-01
0.604994 0.238903E+00 0.539970E-01
0.605262 0.179118E+00 0.546130E-01
0.605531 0.231599E+00 0.550366E-01
0.605799 0.245650E+00 0.544819E-01
0.606067 0.204285E+00 0.541520E-01
0.606336 0.221104E+00 0.538808E-01
0.606604 0.159920E+00 0.538504E-01
0.606873 0.181321E+00 0.542950E-01
0.607141 0.193382E+00 0.542246E-01
0.607409 0.182603E+00 0.539272E-01
0.607678 0.188147E+00 0.539223E-01
0.607946 0.159225E+00 0.533036E-01
0.608214 0.164536E+00 0.529151E-01
0.608483 0.224594E+00 0.536172E-01
0.608751 0.158597E+00 0.529060E-01
0.60902 0.158186E+00 0.531728E-01
0.609288 0.140786E+00 0.529256E-01
0.609556 0.158157E+00 0.531826E-01
0.6098250000000001 0.144410E+00 0.539916E-01
0.610093 0.143738E+00 0.536787E-01
0.6103620000000001 0.140178E+00 0.536524E-01
0.61063 0.185965E+00 0.537914E-01
0.6108979999999999 0.187461E+00 0.539369E-01
0.611167 0.140138E+00 0.542927E-01
0.611435 0.192008E+00 0.541964E-01
0.611704 0.225381E+00 0.546418E-01
0.611972 0.267763E+00 0.547422E-01
0.61224 0.208818E+00 0.544744E-01
0.612509 0.205656E+00 0.546065E-01
0.612777 0.191465E+00 0.548840E-01
0.613046 0.129917E+00 0.550444E-01
0.613314 0.189042E+00 0.549602E-01
0.613582 0.202641E+00 0.543939E-01
0.613851 0.175035E+00 0.547650E-01
0.614119 0.184242E+00 0.546316E-01
0.614388 0.191836E+00 0.553560E-01
0.614656 0.184737E+00 0.543869E-01
0.614924 0.209178E+00 0.533829E-01
0.615193 0.194748E+00 0.539012E-01
0.615461 0.187669E+00 0.540818E-01
0.615729 0.198009E+00 0.540043E-01
0.615998 0.210082E+00 0.543915E-01
0.616266 0.220094E+00 0.543783E-01
0.616535 0.105808E+00 0.542141E-01
0.616803 0.241813E+00 0.546854E-01
0.6170709999999999 0.240165E+00 0.539797E-01
0.61734 0.208048E+00 0.544857E-01
0.6176079999999999 0.188231E+00 0.545825E-01
0.617877 0.172149E+00 0.550040E-01
0.618145 0.174046E+00 0.541183E-01
0.618413 0.119237E+00 0.541458E-01
0.618682 0.154946E+00 0.551013E-01
0.61895 0.214730E+00 0.549208E-01
0.619219 0.166689E+00 0.546479E-01
0.619487 0.164388E+00 0.551111E-01
0.619755 0.178959E+00 0.545101E-01
0.620024 0.169829E+00 0.549166E-01
0.620292 0.259752E+00 0.551055E-01
0.620561 0.167067E+00 0.546834E-01
0.620829 0.180113E+00 0.548942E-01
0.621097 0.228721E+00 0.547792E-01
0.621366 0.203557E+00 0.548336E-01
0.621634 0.283427E+00 0.545063E-01
0.621903 0.231098E+00 0.543657E-01
0.622171 0.142014E+00 0.540899E-01
0.622439 0.211362E+00 0.545577E-01
0.622708 0.179240E+00 0.549090E-01
0.622976 0.175473E+00 0.547832E-01
0.623244 0.180032E+00 0.541476E-01
0.623513 0.208723E+00 0.547821E-01
0.6237809999999999 0.240638E+00 0.537951E-01
0.62405 0.189323E+00 0.549279E-01
0.6243179999999999 0.203636E+00 0.550717E-01
0.6245860000000001 0.221399E+00 0.544273E-01
0.6248549999999999 0.146877E+00 0.546590E-01
0.625123 0.175349E+00 0.548529E-01
0.625392 0.171797E+00 0.547759E-01
0.62566 0.179621E+00 0.550438E-01
0.625928 0.170000E+00 0.550064E-01
0.626197 0.158404E+00 0.554515E-01
0.6264649999999999 0.213756E+00 0.556950E-01
0.626734 0.230154E+00 0.561217E-01
0.627002 0.228177E+00 0.568994E-01
0.62727 0.193458E+00 0.571614E-01
0.627539 0.126233E+00 0.574815E-01
0.627807 0.189944E+00 0.585421E-01
0.628076 0.240950E+00 0.593727E-01
0.628344 0.204662E+00 0.605322E-01
0.6286120000000001 0.219562E+00 0.609478E-01
0.628881 0.141431E+00 0.612406E-01
0.629149 0.162286E+00 0.622297E-01
0.629418 0.154777E+00 0.638369E-01
0.629686 0.254064E+00 0.650491E-01
0.629954 0.167461E+00 0.653383E-01
0.630223 0.147502E+00 0.668433E-01
0.6304909999999999 0.140747E+00 0.677996E-01
0.6307590000000001 0.229570E+00 0.696866E-01
0.6310279999999999 0.219539E+00 0.709757E-01
0.6312960000000001 0.296712E+00 0.708124E-01
0.6315649999999999 0.270892E+00 0.712744E-01
0.631833 0.224941E+00 0.720366E-01
0.632101 0.232912E+00 0.737150E-01
0.63237 0.172166E+00 0.762412E-01
0.632638 0.155579E+00 0.778762E-01
0.632907 0.158718E+00 0.811603E-01
0.633175 0.221067E+00 0.855876E-01
0.633443 0.198482E+00 0.102123E+00
0.6337119999999999 0.245694E+00 0.123471E+00
0.63398 0.465909E+00 0.169841E+00
0.634249 0.303836E+00 0.238491E+00
