0.014291 57.042738 2.893314
0.014899 60.332916 1.995542
0.015507 56.628045 1.242254
0.016115 57.494950 1.772303
0.016724 58.603373 1.777524
0.017332 60.830979 1.345143
0.017940 58.568474 1.431855
0.018548 59.112489 1.431552
0.019156 57.570655 1.155374
0.019764 59.201595 0.929323
0.020372 56.947925 1.164529
0.020980 57.843016 1.020046
0.021589 57.867282 0.796838
0.022197 57.244699 0.711711
0.022805 56.898097 0.857740
0.023413 56.557938 0.991069
0.024021 57.726950 0.551203
0.024629 56.669749 0.714799
0.025237 56.741934 0.649421
0.025845 56.584820 0.647814
0.026454 55.903379 0.827112
0.027062 56.410984 0.654416
0.027670 57.200500 0.633926
0.028278 57.682543 0.598786
0.028886 56.483527 0.548180
0.029494 56.494826 0.583296
0.030102 55.314142 0.368172
0.030710 54.786756 0.468104
0.031319 54.475465 0.526046
0.031927 54.522351 0.482906
0.032535 53.528527 0.572810
0.033143 54.359027 0.577842
0.033751 52.561287 0.667665
0.034359 54.356287 0.581628
0.034967 52.779744 0.553440
0.035575 52.929538 0.513944
0.036184 51.418220 0.507904
0.036792 51.702865 0.501416
0.037400 51.126863 0.505504
0.038008 51.037649 0.511298
0.038616 51.567569 0.396310
0.039224 50.181307 0.492895
0.039832 50.338909 0.484862
0.040440 50.243514 0.455884
0.041049 49.627047 0.488791
0.041657 49.645736 0.481694
0.042265 48.907379 0.429814
0.042873 48.795965 0.490278
0.043481 48.798408 0.382904
0.044089 47.406161 0.404485
0.044697 47.560615 0.396035
0.045305 47.506928 0.392480
0.045914 46.178649 0.391694
0.046522 46.685149 0.380180
0.047130 46.075476 0.428244
0.047738 44.663637 0.403511
0.048346 44.987705 0.366203
0.048954 44.672274 0.370182
0.049562 43.993569 0.329175
0.050170 43.773495 0.375082
0.050779 43.345576 0.361885
0.051387 44.047841 0.375238
0.051995 43.445704 0.383418
0.052603 42.914529 0.342164
0.053211 42.638385 0.351860
0.053819 42.070773 0.361330
0.054427 42.182995 0.353357
0.055035 42.268542 0.385689
0.055643 41.888821 0.371652
0.056252 41.050509 0.322380
0.056860 41.166716 0.377622
0.057468 40.833957 0.311915
0.058076 40.192530 0.303177
0.058684 40.112382 0.316419
0.059292 39.055277 0.343324
0.059900 39.253796 0.349666
0.060508 38.478939 0.606380
0.061117 38.609407 1.434745
0.061725 38.288183 1.057808
0.062333 37.653201 0.550779
0.062941 38.049783 0.405705
0.063549 38.096324 0.348941
0.064157 37.669602 0.282171
0.064765 37.226699 0.312973
0.065373 36.396025 0.306654
0.065982 35.939551 0.290354
0.066590 35.334006 0.306167
0.067198 35.299351 0.295891
0.067806 35.207814 0.291925
0.068414 34.307441 0.293720
0.069022 34.766909 0.321045
0.069630 33.476822 0.286677
0.070238 33.835273 0.295294
0.070846 33.245308 0.258822
0.071455 33.008719 0.282486
0.072063 32.887505 0.269503
0.072671 32.402991 0.260233
0.073279 32.185567 0.261195
0.073887 32.030195 0.264324
0.074495 31.280485 0.276037
0.075103 31.509308 0.289378
0.075711 30.493410 0.266051
0.076320 30.848675 0.283260
0.076928 29.885124 0.247825
0.077536 30.129948 0.224735
0.078144 29.852128 0.242770
0.078752 29.402796 0.229050
0.079360 29.286914 0.264996
0.079968 28.881820 0.225578
0.080576 28.684329 0.249866
0.081184 28.383246 0.229037
0.081793 28.611343 0.249793
0.082401 27.910183 0.236686
0.083009 27.677143 0.247593
0.083617 27.418333 0.197985
0.084225 26.846447 0.242378
0.084833 26.436587 0.218802
0.085441 26.325137 0.234423
0.086049 26.050832 0.194971
0.086657 25.298206 0.223441
0.087266 25.587634 0.336863
0.087874 24.854563 0.253349
0.088482 25.094075 0.236654
0.089090 24.858459 0.232770
0.089698 24.462105 0.197369
0.090306 24.349559 0.208802
0.090914 23.767257 0.212652
0.091522 23.518328 0.254932
0.092130 23.341873 0.343225
0.092739 23.270896 0.247885
0.093347 22.761624 0.477135
0.093955 22.603889 0.221867
0.094563 22.148294 0.302731
0.095171 22.092450 0.220350
0.095779 21.783961 0.203719
0.096387 21.367959 0.220637
0.096995 21.436349 0.208927
0.097603 21.207415 0.227184
0.098212 21.008644 0.227240
0.098820 20.620680 0.203985
0.099428 20.241201 0.201709
0.100036 19.817486 0.213787
0.100644 20.180102 0.188549
0.101252 19.736041 0.207324
0.101860 19.404423 0.201519
0.102468 19.315828 0.226895
0.103076 18.985548 0.199905
0.103685 19.020615 0.201335
0.104293 18.779795 0.201018
0.104901 18.674154 0.195931
0.105509 17.964622 0.192264
0.106117 18.063348 0.178533
0.106725 17.372361 0.204999
0.107333 17.096662 0.180354
0.107941 16.986779 0.208986
0.108549 16.879783 0.197687
0.109157 16.599198 0.162653
0.109766 16.915865 0.183623
0.110374 16.578669 0.185121
0.110982 16.465423 0.178078
0.111590 16.315279 0.195565
0.112198 15.715443 0.182679
0.112806 15.645897 0.206121
0.113414 15.265760 0.167981
0.114022 15.253019 0.184760
0.114630 14.947635 0.193539
0.115238 15.042487 0.186642
0.115847 14.451578 0.185598
0.116455 14.764838 0.203171
0.117063 14.414272 0.178243
0.117671 14.196702 0.180959
0.118279 14.224934 0.187876
0.118887 13.788815 0.173830
0.119495 14.041559 0.192132
0.120103 13.473520 0.182811
0.120711 13.541782 0.185267
0.121319 13.435183 0.184719
0.121928 13.257315 0.178501
0.122536 12.767263 0.176266
0.123144 12.276491 0.187942
0.123752 12.171817 0.159966
0.124360 12.059935 0.325855
0.124968 11.971314 0.190909
0.125576 11.778148 0.162027
0.126184 11.770223 0.486685
0.126792 11.580319 0.170584
0.127400 11.943320 0.172989
0.128009 11.628180 0.156148
0.128617 11.236983 0.170249
0.129225 10.934019 0.159370
0.129833 10.820289 0.177903
0.130441 10.344759 0.188175
0.131049 10.219396 0.160884
0.131657 10.208715 0.170557
0.132265 10.244213 0.163826
0.132873 10.108549 0.178160
0.133481 9.981492 0.166027
0.134089 9.379503 0.165145
0.134698 9.389672 0.167422
0.135306 9.372026 0.178863
0.135914 9.180024 0.169646
0.136522 9.197902 0.166109
0.137130 9.159445 0.153637
0.137738 9.173672 0.165230
0.138346 8.707258 0.158684
0.138954 8.653490 0.157273
0.139562 8.354189 0.179820
0.140170 8.471681 0.151043
0.140778 8.383909 0.158732
0.141387 7.951599 0.173069
0.141995 8.024979 0.161625
0.142603 7.735696 0.154646
0.143211 7.530793 0.167461
0.143819 7.592626 0.152948
0.144427 7.396787 0.160103
0.145035 7.296782 0.163015
0.145643 7.356734 0.163585
0.146251 7.047905 0.159883
0.146859 6.773606 0.152213
0.147467 6.681619 0.157302
0.148075 6.866981 0.164128
0.148684 6.413882 0.154578
0.149292 6.613309 0.135763
0.149900 6.094586 0.152036
0.150508 6.251865 0.144348
0.151116 6.225747 0.146832
0.151724 5.824311 0.155868
0.152332 6.045645 0.149783
0.152940 6.083576 0.142048
0.153548 6.131787 0.150599
0.154156 6.277811 0.137321
0.154764 5.852773 0.144903
0.155372 5.851638 0.140625
0.155980 5.430766 0.134195
0.156589 5.422977 0.143859
0.157197 5.336522 0.143929
0.157805 5.368080 0.130853
0.158413 5.326067 0.238542
0.159021 5.015640 0.131477
0.159629 5.084242 0.152913
0.160237 4.832742 0.128918
0.160845 4.882919 0.140003
0.161453 4.569583 0.136875
0.162061 4.729304 0.138838
0.162669 4.460742 0.146004
0.163277 4.522497 0.137475
0.163885 4.020665 0.144257
0.164494 4.502177 0.130490
0.165102 4.109142 0.140896
0.165710 4.311917 0.129323
0.166318 4.196888 0.146079
0.166926 4.040631 0.129695
0.167534 4.078083 0.137629
0.168142 4.022023 0.133095
0.168750 3.697256 0.133262
0.169358 3.763128 0.131219
0.169966 3.658316 0.138613
0.170574 3.571526 0.133728
0.171182 3.913101 0.128535
0.171790 3.438199 0.135351
0.172398 3.559776 0.129713
0.173006 3.474878 0.137366
0.173615 3.270945 0.132576
0.174223 3.141140 0.136032
0.174831 3.245952 0.130587
0.175439 2.994646 0.132801
0.176047 2.948721 0.127500
0.176655 3.028221 0.134660
0.177263 2.859522 0.134844
0.177871 2.786894 0.150317
0.178479 2.509511 0.136923
0.179087 2.731260 0.143735
0.179695 2.491136 0.130279
0.180303 2.126798 0.133309
0.180911 2.607225 0.131611
0.181519 2.288804 0.130671
0.182127 2.200654 0.124457
0.182735 2.425107 0.122882
0.183344 2.212489 0.125050
0.183952 2.225678 0.124766
0.184560 2.496873 0.124789
0.185168 2.401089 0.125151
0.185776 2.454202 0.130722
0.186384 2.207514 0.130622
0.186992 2.286532 0.122369
0.187600 1.984501 0.122020
0.188208 2.053923 0.130307
0.188816 1.822426 0.124006
0.189424 1.845254 0.126546
0.190032 1.843346 0.125064
0.190640 1.920247 0.129702
0.191248 1.946439 0.133340
0.191856 1.963029 0.125351
0.192464 1.891548 0.124648
0.193072 1.884725 0.115853
0.193680 1.549520 0.122804
0.194289 1.578914 0.118351
0.194897 1.684598 0.120531
0.195505 1.518217 0.114382
0.196113 1.583718 0.122078
0.196721 1.551415 0.115093
0.197329 1.430652 0.116373
0.197937 1.560745 0.115308
0.198545 1.496162 0.123151
0.199153 1.249558 0.119026
0.199761 1.247989 0.119876
0.200369 1.350128 0.125098
0.200977 1.052430 0.113452
0.201585 1.412845 0.121128
0.202193 1.273960 0.122413
0.202801 1.366298 0.118405
0.203409 1.252043 0.115659
0.204017 1.392674 0.114513
0.204625 1.331853 0.110429
0.205233 1.098954 0.120691
0.205841 1.101676 0.117980
0.206449 1.234223 0.106872
0.207057 1.111558 0.111316
0.207666 1.031224 0.115700
0.208274 0.962955 0.114306
0.208882 1.006837 0.115850
0.209490 1.063610 0.115006
0.210098 1.122823 0.110660
0.210706 0.928841 0.115855
0.211314 1.131748 0.110396
0.211922 1.036090 0.115617
0.212530 1.069121 0.111080
0.213138 0.959861 0.111548
0.213746 1.176542 0.110720
0.214354 0.910733 0.122221
0.214962 1.081444 0.112558
0.215570 1.051298 0.109206
0.216178 1.077070 0.112090
0.216786 0.836042 0.116187
0.217394 0.946424 0.113915
0.218002 0.685576 0.137269
0.218610 0.812650 0.116277
0.219218 0.874261 0.105140
0.219826 0.671527 0.103533
0.220434 0.800019 0.112531
0.221042 0.624583 0.116935
0.221650 0.475233 0.106812
0.222258 0.791476 0.166128
0.222866 0.681941 0.177490
0.223474 0.687331 0.110891
0.224082 0.711623 0.137095
0.224690 0.617415 0.109550
0.225298 0.743513 0.117165
0.225906 0.682346 0.116991
0.226514 0.697103 0.108710
0.227122 0.717615 0.111151
0.227731 0.644491 0.106678
0.228339 0.851962 0.107555
0.228947 0.675079 0.113752
0.229555 0.733880 0.134125
0.230163 0.699509 0.111758
0.230771 0.708978 0.219328
0.231379 0.635543 0.112367
0.231987 0.592914 0.103435
0.232595 0.559482 0.108167
0.233203 0.601407 0.105300
0.233811 0.581668 0.109161
0.234419 0.622413 0.107116
0.235027 0.759375 0.107731
0.235635 0.578663 0.102703
0.236243 0.674268 0.103281
0.236851 0.706339 0.104330
0.237459 0.623386 0.101806
0.238067 0.617768 0.107240
0.238675 0.718266 0.104759
0.239283 0.451545 0.108366
0.239891 0.687361 0.103660
0.240499 0.484522 0.104513
0.241107 0.575843 0.103669
0.241715 0.595596 0.106365
0.242323 0.601308 0.111375
0.242931 0.694576 0.107444
0.243539 0.622536 0.106327
0.244147 0.654941 0.107632
0.244755 0.676671 0.114332
0.245363 0.765019 0.111216
0.245971 0.513027 0.130541
0.246579 0.472863 0.116063
0.247187 0.584325 0.105537
0.247795 0.492774 0.105768
0.248403 0.369850 0.101439
0.249011 0.718496 0.097803
0.249619 0.722222 0.103656
0.250227 0.587065 0.103752
0.250835 0.448830 0.104799
0.251443 0.707706 0.097767
0.252051 0.380685 0.101947
0.252659 0.610072 0.138185
0.253267 0.514125 0.103329
0.253875 0.621387 0.193423
0.254483 0.595173 0.103731
0.255091 0.440556 0.104456
0.255699 0.585252 0.101561
0.256307 0.504741 0.112737
0.256915 0.707870 0.102641
0.257523 0.324547 0.109207
0.258131 0.513733 0.101620
0.258739 0.469373 0.098412
0.259347 0.485518 0.099587
0.259955 0.533143 0.101883
0.260563 0.592983 0.098191
0.261171 0.610890 0.099756
0.261779 0.563076 0.104150
0.262387 0.548669 0.108349
0.262995 0.673757 0.105333
0.263603 0.483580 0.103466
0.264211 0.771228 0.372007
0.264819 0.625106 0.101852
0.265427 0.610342 0.119974
0.266035 0.524188 0.097068
0.266643 0.376896 0.104098
0.267251 0.368800 0.097001
0.267859 0.450391 0.102207
0.268467 0.557759 0.100355
0.269075 0.525855 0.101404
0.269683 0.320162 0.098074
0.270290 0.536261 0.093926
0.270898 0.523292 0.099062
0.271506 0.508231 0.188788
0.272114 0.553494 0.097527
0.272722 0.452138 0.098032
0.273330 0.245412 0.094662
0.273938 0.516360 0.094201
0.274546 0.461843 0.091484
0.275154 0.770147 0.099812
0.275762 0.537115 0.096808
0.276370 0.541634 0.097238
0.276978 0.541540 0.095129
0.277586 0.567188 0.091431
0.278194 0.401280 0.092988
0.278802 0.438793 0.090862
0.279410 0.459211 0.093928
0.280018 0.443678 0.094151
0.280626 0.636414 0.102036
0.281234 0.503379 0.097083
0.281842 0.666950 0.093398
0.282450 0.419863 0.092448
0.283058 0.457235 0.090595
0.283666 0.564993 0.092148
0.284274 0.503180 0.094462
0.284882 0.392640 0.091255
0.285490 0.496908 0.091034
0.286098 0.577797 0.096442
0.286706 0.457294 0.090614
0.287314 0.602139 0.095449
0.287922 0.618746 0.092183
0.288530 0.403963 0.093041
0.289137 0.625657 0.093070
0.289745 0.461129 0.088886
0.290353 0.587334 0.091986
0.290961 0.488244 0.090017
0.291569 0.551218 0.093281
0.292177 0.570236 0.089682
0.292785 0.662726 0.089750
0.293393 0.494225 0.092005
0.294001 0.494661 0.089151
0.294609 0.726487 0.083214
0.295217 0.626894 0.093258
0.295825 0.500697 0.083988
0.296433 0.594884 0.088252
0.297041 0.539914 0.083528
0.297649 0.594137 0.090418
0.298257 0.748068 0.085704
0.298865 0.594340 0.096119
0.299473 0.595346 0.083846
0.300081 0.517185 0.089882
0.300688 0.616813 0.087200
0.301296 0.467803 0.089666
0.301904 0.583334 0.084983
0.302512 0.626226 0.087479
0.303120 0.455997 0.086813
0.303728 0.618010 0.083972
0.304336 0.526561 0.092221
0.304944 0.615540 0.082605
0.305552 0.645500 0.096366
0.306160 0.389520 0.084360
0.306768 0.417352 0.086384
0.307376 0.325587 0.086971
0.307984 0.424562 0.084783
0.308592 0.363680 0.085019
0.309200 0.363216 0.088072
0.309808 0.427087 0.081508
0.310415 0.240324 0.081525
0.311023 0.478536 0.102417
0.311631 0.587299 0.085019
0.312239 0.549098 0.085864
0.312847 0.411234 0.087417
0.313455 0.439933 0.081347
0.314063 0.412467 0.087412
0.314671 0.128005 0.086215
0.315279 0.458233 0.086370
0.315887 0.321765 0.102825
0.316495 0.463601 0.094315
0.317103 0.471030 0.105151
0.317711 0.374483 0.099697
0.318318 0.477742 0.110829
0.318926 0.453386 0.119733
0.319534 0.687324 0.128630
0.320142 0.486726 0.135170
0.320750 0.744098 0.158285
0.321358 0.954695 0.138893
0.321966 1.073479 0.176555
0.322574 1.473235 0.299847
