 0.136830E-01  0.332408E+03  0.237057E+02
 0.142910E-01  0.342178E+03  0.107891E+02
 0.148990E-01  0.350201E+03  0.769127E+01
 0.155070E-01  0.364144E+03  0.843375E+01
 0.161150E-01  0.363089E+03  0.112347E+02
 0.167240E-01  0.357640E+03  0.707071E+01
 0.173320E-01  0.361585E+03  0.582348E+01
 0.179400E-01  0.356022E+03  0.669636E+01
 0.185480E-01  0.337814E+03  0.641605E+01
 0.191560E-01  0.338426E+03  0.487835E+01
 0.197640E-01  0.340068E+03  0.523156E+01
 0.203720E-01  0.334353E+03  0.485368E+01
 0.209800E-01  0.336159E+03  0.381286E+01
 0.215890E-01  0.333735E+03  0.499413E+01
 0.221970E-01  0.329541E+03  0.332509E+01
 0.228050E-01  0.324823E+03  0.331368E+01
 0.234130E-01  0.322034E+03  0.341195E+01
 0.240210E-01  0.321207E+03  0.316068E+01
 0.246290E-01  0.318821E+03  0.347673E+01
 0.252370E-01  0.315656E+03  0.370958E+01
 0.258450E-01  0.313221E+03  0.367379E+01
 0.264540E-01  0.310513E+03  0.338688E+01
 0.270620E-01  0.308785E+03  0.339803E+01
 0.276700E-01  0.304218E+03  0.284098E+01
 0.282780E-01  0.300772E+03  0.270664E+01
 0.288860E-01  0.296180E+03  0.288826E+01
 0.294940E-01  0.293890E+03  0.298294E+01
 0.301020E-01  0.288824E+03  0.291855E+01
 0.307100E-01  0.285678E+03  0.354751E+01
 0.313190E-01  0.285830E+03  0.374624E+01
 0.319270E-01  0.279539E+03  0.320293E+01
 0.325350E-01  0.277344E+03  0.291132E+01
 0.331430E-01  0.273804E+03  0.283986E+01
 0.337510E-01  0.270758E+03  0.287610E+01
 0.343590E-01  0.268674E+03  0.323976E+01
 0.349670E-01  0.267313E+03  0.315685E+01
 0.355750E-01  0.263869E+03  0.297224E+01
 0.361840E-01  0.261219E+03  0.278755E+01
 0.367920E-01  0.256233E+03  0.274867E+01
 0.374000E-01  0.253300E+03  0.266225E+01
 0.380080E-01  0.249950E+03  0.245752E+01
 0.386160E-01  0.249315E+03  0.259464E+01
 0.392240E-01  0.240552E+03  0.288324E+01
 0.398320E-01  0.237770E+03  0.166091E+01
 0.404400E-01  0.234673E+03  0.135779E+01
 0.410490E-01  0.230821E+03  0.142749E+01
 0.416570E-01  0.225961E+03  0.144471E+01
 0.422650E-01  0.224784E+03  0.142443E+01
 0.428730E-01  0.221533E+03  0.144766E+01
 0.434810E-01  0.218381E+03  0.143757E+01
 0.440890E-01  0.216064E+03  0.145305E+01
 0.446970E-01  0.212054E+03  0.150014E+01
 0.453050E-01  0.208206E+03  0.133506E+01
 0.459140E-01  0.206198E+03  0.130208E+01
 0.465220E-01  0.201557E+03  0.136988E+01
 0.471300E-01  0.199085E+03  0.132942E+01
 0.477380E-01  0.196400E+03  0.127556E+01
 0.483460E-01  0.193109E+03  0.122156E+01
 0.489540E-01  0.188614E+03  0.124761E+01
 0.495620E-01  0.185484E+03  0.117505E+01
 0.501700E-01  0.182489E+03  0.121523E+01
 0.507790E-01  0.179360E+03  0.116743E+01
 0.513870E-01  0.177311E+03  0.125533E+01
 0.519950E-01  0.174679E+03  0.116141E+01
 0.526030E-01  0.171021E+03  0.118843E+01
 0.532110E-01  0.167293E+03  0.116791E+01
 0.538190E-01  0.164503E+03  0.120157E+01
 0.544270E-01  0.160891E+03  0.119843E+01
 0.550350E-01  0.157969E+03  0.125355E+01
 0.556440E-01  0.155509E+03  0.131137E+01
 0.562520E-01  0.153437E+03  0.146991E+01
 0.568600E-01  0.150592E+03  0.152215E+01
 0.574680E-01  0.147853E+03  0.173470E+01
 0.580760E-01  0.145576E+03  0.167441E+01
 0.586840E-01  0.143038E+03  0.133302E+01
 0.592920E-01  0.140743E+03  0.158991E+01
 0.599000E-01  0.138208E+03  0.138577E+01
 0.605090E-01  0.135639E+03  0.155718E+01
 0.611170E-01  0.132732E+03  0.119225E+01
 0.617250E-01  0.130953E+03  0.991317E+00
 0.623330E-01  0.128721E+03  0.919282E+00
 0.629410E-01  0.126692E+03  0.920870E+00
 0.635490E-01  0.124383E+03  0.852520E+00
 0.641570E-01  0.121922E+03  0.901840E+00
 0.647650E-01  0.119196E+03  0.855142E+00
 0.653740E-01  0.117179E+03  0.858530E+00
 0.659820E-01  0.115402E+03  0.816071E+00
 0.665900E-01  0.113242E+03  0.825226E+00
 0.671980E-01  0.111477E+03  0.803003E+00
 0.678060E-01  0.109111E+03  0.734579E+00
 0.684140E-01  0.107388E+03  0.748867E+00
 0.690220E-01  0.104546E+03  0.757857E+00
 0.696300E-01  0.103225E+03  0.728554E+00
 0.702380E-01  0.101404E+03  0.776064E+00
 0.708470E-01  0.989155E+02  0.733990E+00
 0.714550E-01  0.975344E+02  0.653782E+00
 0.720630E-01  0.952719E+02  0.690381E+00
 0.726710E-01  0.935045E+02  0.642398E+00
 0.732790E-01  0.916062E+02  0.655426E+00
 0.738870E-01  0.896298E+02  0.635209E+00
 0.744950E-01  0.878076E+02  0.623644E+00
 0.751030E-01  0.863212E+02  0.595548E+00
 0.757120E-01  0.846462E+02  0.605424E+00
 0.763200E-01  0.835751E+02  0.608839E+00
 0.769280E-01  0.816030E+02  0.622515E+00
 0.775360E-01  0.803603E+02  0.622897E+00
 0.781440E-01  0.785472E+02  0.557797E+00
 0.787520E-01  0.771091E+02  0.596851E+00
 0.793600E-01  0.755234E+02  0.547180E+00
 0.799680E-01  0.741303E+02  0.516455E+00
 0.805760E-01  0.729588E+02  0.517218E+00
 0.811850E-01  0.713678E+02  0.526170E+00
 0.817930E-01  0.703370E+02  0.488095E+00
 0.824010E-01  0.691219E+02  0.511709E+00
 0.830090E-01  0.674252E+02  0.490299E+00
 0.836170E-01  0.660657E+02  0.459572E+00
 0.842250E-01  0.647637E+02  0.462765E+00
 0.848330E-01  0.631120E+02  0.484721E+00
 0.854410E-01  0.621414E+02  0.430267E+00
 0.860490E-01  0.610320E+02  0.429885E+00
 0.866580E-01  0.598990E+02  0.459020E+00
 0.872660E-01  0.588801E+02  0.438536E+00
 0.878740E-01  0.581442E+02  0.428117E+00
 0.884820E-01  0.564017E+02  0.419080E+00
 0.890900E-01  0.559604E+02  0.411901E+00
 0.896980E-01  0.546108E+02  0.396243E+00
 0.903060E-01  0.537139E+02  0.417842E+00
 0.909140E-01  0.523896E+02  0.377471E+00
 0.915220E-01  0.513988E+02  0.378685E+00
 0.921310E-01  0.501970E+02  0.351519E+00
 0.927390E-01  0.498740E+02  0.360141E+00
 0.933470E-01  0.487388E+02  0.340896E+00
 0.939550E-01  0.479988E+02  0.383464E+00
 0.945630E-01  0.473479E+02  0.341358E+00
 0.951710E-01  0.463919E+02  0.338663E+00
 0.957790E-01  0.451173E+02  0.351724E+00
 0.963870E-01  0.440111E+02  0.347488E+00
 0.969950E-01  0.434230E+02  0.331343E+00
 0.976040E-01  0.423518E+02  0.336034E+00
 0.982120E-01  0.418419E+02  0.321080E+00
 0.988200E-01  0.405994E+02  0.303368E+00
 0.994280E-01  0.398241E+02  0.296000E+00
 0.100036E+00  0.387744E+02  0.294211E+00
 0.100644E+00  0.381009E+02  0.300552E+00
 0.101252E+00  0.374403E+02  0.296852E+00
 0.101860E+00  0.370504E+02  0.277295E+00
 0.102468E+00  0.363164E+02  0.277958E+00
 0.103077E+00  0.354232E+02  0.274953E+00
 0.103685E+00  0.346724E+02  0.274139E+00
 0.104293E+00  0.340774E+02  0.289180E+00
 0.104901E+00  0.331975E+02  0.279591E+00
 0.105509E+00  0.327186E+02  0.265369E+00
 0.106117E+00  0.322359E+02  0.270830E+00
 0.106725E+00  0.316915E+02  0.240588E+00
 0.107333E+00  0.312786E+02  0.252716E+00
 0.107941E+00  0.306661E+02  0.259648E+00
 0.108550E+00  0.299888E+02  0.233367E+00
 0.109158E+00  0.294371E+02  0.231669E+00
 0.109766E+00  0.289224E+02  0.261733E+00
 0.110374E+00  0.281991E+02  0.269632E+00
 0.110982E+00  0.277771E+02  0.239912E+00
 0.111590E+00  0.270989E+02  0.229453E+00
 0.112198E+00  0.265031E+02  0.233477E+00
 0.112806E+00  0.258074E+02  0.216042E+00
 0.113414E+00  0.256460E+02  0.214789E+00
 0.114022E+00  0.250594E+02  0.219895E+00
 0.114631E+00  0.247593E+02  0.217253E+00
 0.115239E+00  0.242525E+02  0.226868E+00
 0.115847E+00  0.237132E+02  0.202191E+00
 0.116455E+00  0.230817E+02  0.207174E+00
 0.117063E+00  0.226499E+02  0.201244E+00
 0.117671E+00  0.224140E+02  0.206580E+00
 0.118279E+00  0.220698E+02  0.188150E+00
 0.118887E+00  0.216056E+02  0.209528E+00
 0.119495E+00  0.213217E+02  0.191527E+00
 0.120103E+00  0.209667E+02  0.184826E+00
 0.120712E+00  0.205339E+02  0.186982E+00
 0.121320E+00  0.201009E+02  0.196380E+00
 0.121928E+00  0.198216E+02  0.194967E+00
 0.122536E+00  0.196419E+02  0.206576E+00
 0.123144E+00  0.192714E+02  0.212526E+00
 0.123752E+00  0.189765E+02  0.229050E+00
 0.124360E+00  0.185919E+02  0.257485E+00
 0.124968E+00  0.182872E+02  0.196943E+00
 0.125576E+00  0.179318E+02  0.165543E+00
 0.126184E+00  0.176021E+02  0.186451E+00
 0.126793E+00  0.174392E+02  0.234460E+00
 0.127401E+00  0.171816E+02  0.184925E+00
 0.128009E+00  0.169853E+02  0.176687E+00
 0.128617E+00  0.165269E+02  0.170809E+00
 0.129225E+00  0.163253E+02  0.187289E+00
 0.129833E+00  0.162171E+02  0.179736E+00
 0.130441E+00  0.157108E+02  0.172928E+00
 0.131049E+00  0.154486E+02  0.174663E+00
 0.131657E+00  0.152000E+02  0.164144E+00
 0.132265E+00  0.148516E+02  0.164629E+00
 0.132873E+00  0.149078E+02  0.164569E+00
 0.133482E+00  0.144058E+02  0.164628E+00
 0.134090E+00  0.142980E+02  0.161756E+00
 0.134698E+00  0.142116E+02  0.168923E+00
 0.135306E+00  0.138822E+02  0.168930E+00
 0.135914E+00  0.137241E+02  0.158575E+00
 0.136522E+00  0.134277E+02  0.150509E+00
 0.137130E+00  0.131447E+02  0.156289E+00
 0.137738E+00  0.129328E+02  0.150024E+00
 0.138346E+00  0.128609E+02  0.151165E+00
 0.138954E+00  0.124330E+02  0.396098E+00
 0.139562E+00  0.123097E+02  0.917516E+00
 0.140171E+00  0.118580E+02  0.592941E+00
 0.140779E+00  0.117534E+02  0.426266E+00
 0.141387E+00  0.116674E+02  0.395541E+00
 0.141995E+00  0.118547E+02  0.203601E+00
 0.142603E+00  0.116846E+02  0.163953E+00
 0.143211E+00  0.114883E+02  0.152408E+00
 0.143819E+00  0.111096E+02  0.151875E+00
 0.144427E+00  0.111179E+02  0.157314E+00
 0.145035E+00  0.111751E+02  0.149928E+00
 0.145643E+00  0.109980E+02  0.142402E+00
 0.146251E+00  0.107432E+02  0.145916E+00
 0.146860E+00  0.105128E+02  0.143906E+00
 0.147468E+00  0.103799E+02  0.147335E+00
 0.148076E+00  0.102594E+02  0.144074E+00
 0.148684E+00  0.100691E+02  0.148183E+00
 0.149292E+00  0.992007E+01  0.158781E+00
 0.149900E+00  0.983591E+01  0.152115E+00
 0.150508E+00  0.979123E+01  0.167680E+00
 0.151116E+00  0.980253E+01  0.537342E+00
 0.151724E+00  0.953925E+01  0.115682E+01
 0.152332E+00  0.955594E+01  0.489850E+00
 0.152940E+00  0.941015E+01  0.169581E+00
 0.153548E+00  0.933190E+01  0.144255E+00
 0.154156E+00  0.912785E+01  0.146658E+00
 0.154765E+00  0.889288E+01  0.131786E+00
 0.155373E+00  0.898349E+01  0.131145E+00
 0.155981E+00  0.882590E+01  0.130646E+00
 0.156589E+00  0.888062E+01  0.136121E+00
 0.157197E+00  0.869872E+01  0.127356E+00
 0.157805E+00  0.851643E+01  0.126366E+00
 0.158413E+00  0.846036E+01  0.124910E+00
 0.159021E+00  0.820695E+01  0.128718E+00
 0.159629E+00  0.800345E+01  0.124873E+00
 0.160237E+00  0.797870E+01  0.130249E+00
 0.160845E+00  0.799825E+01  0.125944E+00
 0.161453E+00  0.789089E+01  0.127926E+00
 0.162061E+00  0.769568E+01  0.119357E+00
 0.162670E+00  0.758527E+01  0.118510E+00
 0.163278E+00  0.776278E+01  0.122178E+00
 0.163886E+00  0.758968E+01  0.127940E+00
 0.164494E+00  0.754774E+01  0.130338E+00
 0.165102E+00  0.739920E+01  0.130204E+00
 0.165710E+00  0.726359E+01  0.133959E+00
 0.166318E+00  0.711146E+01  0.132677E+00
 0.166926E+00  0.709902E+01  0.135942E+00
 0.167534E+00  0.699870E+01  0.138760E+00
 0.168142E+00  0.688479E+01  0.136790E+00
 0.168750E+00  0.683735E+01  0.155765E+00
 0.169358E+00  0.672169E+01  0.127847E+00
 0.169966E+00  0.669786E+01  0.122941E+00
 0.170574E+00  0.669054E+01  0.125768E+00
 0.171183E+00  0.682387E+01  0.161169E+00
 0.171791E+00  0.683145E+01  0.239375E+00
 0.172399E+00  0.685569E+01  0.509110E+00
 0.173007E+00  0.679157E+01  0.239500E+00
 0.173615E+00  0.671365E+01  0.127308E+00
 0.174223E+00  0.649825E+01  0.125696E+00
 0.174831E+00  0.651546E+01  0.126512E+00
 0.175439E+00  0.643796E+01  0.122688E+00
 0.176047E+00  0.621179E+01  0.116645E+00
 0.176655E+00  0.629788E+01  0.113204E+00
 0.177263E+00  0.619760E+01  0.132854E+00
 0.177871E+00  0.614310E+01  0.128932E+00
 0.178479E+00  0.591000E+01  0.128483E+00
 0.179087E+00  0.602944E+01  0.116127E+00
 0.179695E+00  0.602623E+01  0.175265E+00
 0.180304E+00  0.596610E+01  0.338718E+00
 0.180912E+00  0.596026E+01  0.282718E+00
 0.181520E+00  0.592397E+01  0.180502E+00
 0.182128E+00  0.588198E+01  0.148323E+00
 0.182736E+00  0.594773E+01  0.161862E+00
 0.183344E+00  0.573450E+01  0.166053E+00
 0.183952E+00  0.570172E+01  0.130278E+00
 0.184560E+00  0.577621E+01  0.126430E+00
 0.185168E+00  0.559196E+01  0.122039E+00
 0.185776E+00  0.570870E+01  0.136314E+00
 0.186384E+00  0.546868E+01  0.126147E+00
 0.186992E+00  0.551200E+01  0.118478E+00
 0.187600E+00  0.542095E+01  0.125910E+00
 0.188208E+00  0.534650E+01  0.145777E+00
 0.188816E+00  0.536394E+01  0.239985E+00
 0.189424E+00  0.546130E+01  0.261190E+00
 0.190032E+00  0.546098E+01  0.546014E+00
 0.190641E+00  0.525839E+01  0.294546E+00
 0.191249E+00  0.523747E+01  0.137257E+00
 0.191857E+00  0.509222E+01  0.153292E+00
 0.192465E+00  0.504589E+01  0.121051E+00
 0.193073E+00  0.517234E+01  0.111538E+00
 0.193681E+00  0.530366E+01  0.114900E+00
 0.194289E+00  0.514793E+01  0.116467E+00
 0.194897E+00  0.506295E+01  0.120381E+00
 0.195505E+00  0.493318E+01  0.155235E+00
 0.196113E+00  0.486628E+01  0.276201E+00
 0.196721E+00  0.488711E+01  0.210754E+00
 0.197329E+00  0.493674E+01  0.241256E+00
 0.197937E+00  0.492125E+01  0.183972E+00
 0.198545E+00  0.493392E+01  0.134185E+00
 0.199153E+00  0.481218E+01  0.172841E+00
 0.199761E+00  0.489755E+01  0.132050E+00
 0.200369E+00  0.495643E+01  0.145786E+00
 0.200977E+00  0.489389E+01  0.112471E+00
 0.201585E+00  0.496771E+01  0.107824E+00
 0.202193E+00  0.494250E+01  0.109713E+00
 0.202802E+00  0.483934E+01  0.116058E+00
 0.203410E+00  0.474870E+01  0.135305E+00
 0.204018E+00  0.455783E+01  0.167918E+00
 0.204626E+00  0.461555E+01  0.128768E+00
 0.205234E+00  0.448322E+01  0.124692E+00
 0.205842E+00  0.450401E+01  0.114157E+00
 0.206450E+00  0.441342E+01  0.108620E+00
 0.207058E+00  0.428192E+01  0.110083E+00
 0.207666E+00  0.436365E+01  0.108846E+00
 0.208274E+00  0.437332E+01  0.107614E+00
 0.208882E+00  0.425886E+01  0.122723E+00
 0.209490E+00  0.427512E+01  0.193696E+00
 0.210098E+00  0.417941E+01  0.130708E+00
 0.210706E+00  0.421669E+01  0.109570E+00
 0.211314E+00  0.421376E+01  0.107432E+00
 0.211922E+00  0.434191E+01  0.109514E+00
 0.212530E+00  0.424540E+01  0.106957E+00
 0.213138E+00  0.411928E+01  0.113001E+00
 0.213746E+00  0.406493E+01  0.105008E+00
 0.214354E+00  0.409761E+01  0.107639E+00
 0.214962E+00  0.400456E+01  0.104973E+00
 0.215570E+00  0.393099E+01  0.110597E+00
 0.216178E+00  0.390731E+01  0.110995E+00
 0.216786E+00  0.399207E+01  0.103539E+00
 0.217394E+00  0.385517E+01  0.106089E+00
 0.218002E+00  0.397300E+01  0.103982E+00
 0.218610E+00  0.383435E+01  0.111485E+00
 0.219219E+00  0.386837E+01  0.113292E+00
 0.219827E+00  0.391017E+01  0.137413E+00
 0.220435E+00  0.379367E+01  0.144371E+00
 0.221043E+00  0.372141E+01  0.202592E+00
 0.221651E+00  0.367987E+01  0.124122E+00
 0.222259E+00  0.356764E+01  0.452679E+00
 0.222867E+00  0.349738E+01  0.107979E+01
 0.223475E+00  0.352710E+01  0.451129E+00
 0.224083E+00  0.341774E+01  0.102690E+00
 0.224691E+00  0.353300E+01  0.106522E+00
 0.225299E+00  0.362470E+01  0.103524E+00
 0.225907E+00  0.343959E+01  0.102255E+00
 0.226515E+00  0.345944E+01  0.148608E+00
 0.227123E+00  0.334651E+01  0.287297E+00
 0.227731E+00  0.339738E+01  0.209006E+00
 0.228339E+00  0.327546E+01  0.361768E+00
 0.228947E+00  0.338420E+01  0.174275E+00
 0.229555E+00  0.328787E+01  0.993103E-01
 0.230163E+00  0.321401E+01  0.104876E+00
 0.230771E+00  0.312773E+01  0.106436E+00
 0.231379E+00  0.314767E+01  0.106686E+00
 0.231987E+00  0.318900E+01  0.103715E+00
 0.232595E+00  0.317240E+01  0.104333E+00
 0.233203E+00  0.292535E+01  0.110142E+00
 0.233811E+00  0.288511E+01  0.143608E+00
 0.234419E+00  0.293071E+01  0.116041E+00
 0.235027E+00  0.295241E+01  0.140153E+00
 0.235635E+00  0.285188E+01  0.103124E+00
 0.236243E+00  0.287489E+01  0.968431E-01
 0.236851E+00  0.295955E+01  0.101769E+00
 0.237459E+00  0.285136E+01  0.989433E-01
 0.238067E+00  0.285706E+01  0.108163E+00
 0.238675E+00  0.258540E+01  0.115105E+00
 0.239283E+00  0.259408E+01  0.100930E+00
 0.239891E+00  0.257557E+01  0.985612E-01
 0.240499E+00  0.261610E+01  0.101451E+00
 0.241107E+00  0.249574E+01  0.100053E+00
 0.241715E+00  0.260637E+01  0.291047E+00
 0.242323E+00  0.254603E+01  0.684503E+00
 0.242931E+00  0.251041E+01  0.423741E+00
 0.243539E+00  0.248682E+01  0.215828E+00
 0.244147E+00  0.242653E+01  0.177157E+00
 0.244755E+00  0.247375E+01  0.364445E+00
 0.245363E+00  0.235761E+01  0.369590E+00
 0.245971E+00  0.243463E+01  0.214162E+00
 0.246579E+00  0.238336E+01  0.164850E+00
 0.247187E+00  0.231153E+01  0.123034E+00
 0.247795E+00  0.230243E+01  0.157829E+00
 0.248403E+00  0.224171E+01  0.141254E+00
 0.249011E+00  0.213805E+01  0.252861E+00
 0.249619E+00  0.225282E+01  0.149368E+00
 0.250227E+00  0.222606E+01  0.986200E-01
 0.250835E+00  0.229990E+01  0.954612E-01
 0.251443E+00  0.204682E+01  0.969802E-01
 0.252051E+00  0.202187E+01  0.997613E-01
 0.252659E+00  0.207207E+01  0.101192E+00
 0.253267E+00  0.200741E+01  0.102434E+00
 0.253875E+00  0.212961E+01  0.101533E+00
 0.254483E+00  0.199030E+01  0.952643E-01
 0.255091E+00  0.201044E+01  0.103222E+00
 0.255699E+00  0.199075E+01  0.116474E+00
 0.256307E+00  0.200991E+01  0.111264E+00
 0.256915E+00  0.183179E+01  0.100705E+00
 0.257523E+00  0.170363E+01  0.100308E+00
 0.258131E+00  0.166616E+01  0.102328E+00
 0.258739E+00  0.184700E+01  0.984551E-01
 0.259347E+00  0.179983E+01  0.993260E-01
 0.259955E+00  0.192146E+01  0.994110E-01
 0.260563E+00  0.182510E+01  0.975584E-01
 0.261171E+00  0.182251E+01  0.115779E+00
 0.261779E+00  0.174637E+01  0.187288E+00
 0.262387E+00  0.169640E+01  0.127667E+00
 0.262995E+00  0.165550E+01  0.170585E+00
 0.263603E+00  0.151940E+01  0.167274E+00
 0.264211E+00  0.161086E+01  0.315991E+00
 0.264819E+00  0.159273E+01  0.172219E+00
 0.265427E+00  0.159318E+01  0.100565E+00
 0.266035E+00  0.166496E+01  0.918947E-01
 0.266643E+00  0.161466E+01  0.938540E-01
 0.267251E+00  0.167127E+01  0.907677E-01
 0.267859E+00  0.166767E+01  0.938321E-01
 0.268467E+00  0.160372E+01  0.886614E-01
 0.269075E+00  0.153954E+01  0.966605E-01
 0.269683E+00  0.136050E+01  0.108969E+00
 0.270291E+00  0.145640E+01  0.178426E+00
 0.270899E+00  0.141532E+01  0.153821E+00
 0.271507E+00  0.142046E+01  0.192344E+00
 0.272115E+00  0.150363E+01  0.163818E+00
 0.272723E+00  0.151908E+01  0.144130E+00
 0.273331E+00  0.145815E+01  0.139187E+00
 0.273939E+00  0.137129E+01  0.104787E+00
 0.274547E+00  0.129455E+01  0.117842E+00
 0.275155E+00  0.128486E+01  0.141748E+00
 0.275763E+00  0.124310E+01  0.242543E+00
 0.276371E+00  0.140816E+01  0.361862E+00
 0.276979E+00  0.138831E+01  0.349995E+00
 0.277587E+00  0.141307E+01  0.395979E+00
 0.278195E+00  0.128614E+01  0.358944E+00
 0.278803E+00  0.121225E+01  0.321549E+00
 0.279411E+00  0.119714E+01  0.355639E+00
 0.280019E+00  0.113510E+01  0.282043E+00
 0.280626E+00  0.111408E+01  0.316476E+00
 0.281234E+00  0.110806E+01  0.315288E+00
 0.281842E+00  0.126974E+01  0.400884E+00
 0.282450E+00  0.122737E+01  0.367758E+00
 0.283058E+00  0.125248E+01  0.258076E+00
 0.283666E+00  0.123855E+01  0.287620E+00
 0.284274E+00  0.113973E+01  0.321948E+00
 0.284882E+00  0.118265E+01  0.316000E+00
 0.285490E+00  0.114461E+01  0.306656E+00
 0.286098E+00  0.108684E+01  0.338819E+00
 0.286706E+00  0.122192E+01  0.443638E+00
 0.287314E+00  0.105118E+01  0.440104E+00
 0.287922E+00  0.108769E+01  0.242095E+00
 0.288530E+00  0.105291E+01  0.313062E+00
 0.289138E+00  0.100755E+01  0.483403E+00
 0.289746E+00  0.934141E+00  0.288418E+00
 0.290354E+00  0.973990E+00  0.500812E+00
 0.290962E+00  0.104752E+01  0.440039E+00
 0.291570E+00  0.100859E+01  0.274912E+00
 0.292178E+00  0.107722E+01  0.329526E+00
 0.292786E+00  0.104505E+01  0.261117E+00
 0.293394E+00  0.106434E+01  0.325884E+00
 0.294002E+00  0.883974E+00  0.556609E+00
 0.294610E+00  0.839029E+00  0.278152E+00
 0.295217E+00  0.859541E+00  0.331237E+00
 0.295825E+00  0.824421E+00  0.321678E+00
 0.296433E+00  0.848386E+00  0.332869E+00
 0.297041E+00  0.852611E+00  0.431223E+00
 0.297649E+00  0.900585E+00  0.217365E+00
 0.298257E+00  0.947788E+00  0.257180E+00
 0.298865E+00  0.101688E+01  0.168850E+00
 0.299473E+00  0.920612E+00  0.285563E+00
 0.300081E+00  0.893905E+00  0.392639E+00
 0.300689E+00  0.909349E+00  0.214947E+00
 0.301297E+00  0.919269E+00  0.114094E+00
 0.301905E+00  0.852249E+00  0.169952E+00
 0.302513E+00  0.880252E+00  0.110055E+00
 0.303121E+00  0.880393E+00  0.132762E+00
 0.303729E+00  0.832958E+00  0.108720E+00
 0.304337E+00  0.839724E+00  0.888223E-01
 0.304945E+00  0.871208E+00  0.100261E+00
 0.305553E+00  0.925876E+00  0.823369E-01
 0.306160E+00  0.912177E+00  0.798824E-01
 0.306768E+00  0.749373E+00  0.796501E-01
 0.307376E+00  0.690771E+00  0.768529E-01
 0.307984E+00  0.665527E+00  0.814619E-01
 0.308592E+00  0.800085E+00  0.121425E+00
 0.309200E+00  0.743049E+00  0.189002E+00
 0.309808E+00  0.826772E+00  0.101841E+00
 0.310416E+00  0.906875E+00  0.747556E-01
 0.311024E+00  0.829740E+00  0.794806E-01
 0.311632E+00  0.886110E+00  0.100561E+00
 0.312240E+00  0.766486E+00  0.806691E-01
 0.312848E+00  0.717010E+00  0.759535E-01
 0.313456E+00  0.764542E+00  0.735732E-01
 0.314064E+00  0.726137E+00  0.811209E-01
 0.314671E+00  0.736986E+00  0.113005E+00
 0.315279E+00  0.806887E+00  0.134558E+00
 0.315887E+00  0.740386E+00  0.270658E+00
 0.316495E+00  0.635356E+00  0.145943E+00
 0.317103E+00  0.572894E+00  0.149389E+00
 
# Second concentration, 2/3rd dilution of above

 0.173320E-01  0.254014E+03  0.930210E+01
 0.179400E-01  0.257277E+03  0.738598E+01
 0.185480E-01  0.254660E+03  0.647810E+01
 0.191560E-01  0.247488E+03  0.540217E+01
 0.197640E-01  0.248226E+03  0.483676E+01
 0.203720E-01  0.251590E+03  0.455833E+01
 0.209800E-01  0.251141E+03  0.451413E+01
 0.215890E-01  0.252932E+03  0.442202E+01
 0.221970E-01  0.245719E+03  0.395308E+01
 0.228050E-01  0.245749E+03  0.377504E+01
 0.234130E-01  0.236986E+03  0.376821E+01
 0.240210E-01  0.238539E+03  0.345044E+01
 0.246290E-01  0.234456E+03  0.370827E+01
 0.252370E-01  0.237448E+03  0.376549E+01
 0.258450E-01  0.229513E+03  0.302814E+01
 0.264540E-01  0.226258E+03  0.314597E+01
 0.270620E-01  0.222614E+03  0.293744E+01
 0.276700E-01  0.224137E+03  0.268881E+01
 0.282780E-01  0.221853E+03  0.280665E+01
 0.288860E-01  0.219937E+03  0.278470E+01
 0.294940E-01  0.218504E+03  0.280405E+01
 0.301020E-01  0.217879E+03  0.298925E+01
 0.307100E-01  0.214807E+03  0.336859E+01
 0.313190E-01  0.212109E+03  0.292681E+01
 0.319270E-01  0.209576E+03  0.264535E+01
 0.325350E-01  0.208694E+03  0.243586E+01
 0.331430E-01  0.208369E+03  0.215510E+01
 0.337510E-01  0.204836E+03  0.243572E+01
 0.343590E-01  0.198585E+03  0.255253E+01
 0.349670E-01  0.198079E+03  0.236174E+01
 0.355750E-01  0.195771E+03  0.248422E+01
 0.361840E-01  0.193408E+03  0.239786E+01
 0.367920E-01  0.191002E+03  0.236240E+01
 0.374000E-01  0.188821E+03  0.138737E+01
 0.380080E-01  0.184983E+03  0.134426E+01
 0.386160E-01  0.184428E+03  0.134564E+01
 0.392240E-01  0.180233E+03  0.116767E+01
 0.398320E-01  0.177651E+03  0.132447E+01
 0.404400E-01  0.175157E+03  0.118817E+01
 0.410490E-01  0.173386E+03  0.123542E+01
 0.416570E-01  0.169821E+03  0.111552E+01
 0.422650E-01  0.169947E+03  0.112002E+01
 0.428730E-01  0.165998E+03  0.113972E+01
 0.434810E-01  0.164373E+03  0.117991E+01
 0.440890E-01  0.160121E+03  0.119962E+01
 0.446970E-01  0.157946E+03  0.129515E+01
 0.453050E-01  0.155422E+03  0.119598E+01
 0.459140E-01  0.153114E+03  0.121499E+01
 0.465220E-01  0.151325E+03  0.120439E+01
 0.471300E-01  0.148766E+03  0.108723E+01
 0.477380E-01  0.146907E+03  0.108604E+01
 0.483460E-01  0.144166E+03  0.983376E+00
 0.489540E-01  0.141346E+03  0.102180E+01
 0.495620E-01  0.139170E+03  0.944595E+00
 0.501700E-01  0.137040E+03  0.101175E+01
 0.507790E-01  0.134666E+03  0.963365E+00
 0.513870E-01  0.132363E+03  0.992616E+00
 0.519950E-01  0.130569E+03  0.910869E+00
 0.526030E-01  0.128905E+03  0.932785E+00
 0.532110E-01  0.126383E+03  0.896590E+00
 0.538190E-01  0.124714E+03  0.966718E+00
 0.544270E-01  0.122789E+03  0.952167E+00
 0.550350E-01  0.119944E+03  0.950793E+00
 0.556440E-01  0.118313E+03  0.944037E+00
 0.562520E-01  0.116616E+03  0.954194E+00
 0.568600E-01  0.114067E+03  0.865906E+00
 0.574680E-01  0.111635E+03  0.860967E+00
 0.580760E-01  0.109967E+03  0.808304E+00
 0.586840E-01  0.107864E+03  0.800321E+00
 0.592920E-01  0.106330E+03  0.857950E+00
 0.599000E-01  0.103834E+03  0.786128E+00
 0.605090E-01  0.102231E+03  0.790110E+00
 0.611170E-01  0.100197E+03  0.766196E+00
 0.617250E-01  0.982961E+02  0.765073E+00
 0.623330E-01  0.964811E+02  0.746800E+00
 0.629410E-01  0.946460E+02  0.960140E+00
 0.635490E-01  0.926591E+02  0.146617E+01
 0.641570E-01  0.911404E+02  0.933585E+00
 0.647650E-01  0.892688E+02  0.107356E+01
 0.653740E-01  0.877427E+02  0.759102E+00
 0.659820E-01  0.862082E+02  0.686057E+00
 0.665900E-01  0.851674E+02  0.672024E+00
 0.671980E-01  0.835340E+02  0.624810E+00
 0.678060E-01  0.821376E+02  0.609330E+00
 0.684140E-01  0.801331E+02  0.627716E+00
 0.690220E-01  0.787365E+02  0.666579E+00
 0.696300E-01  0.771260E+02  0.612932E+00
 0.702380E-01  0.761295E+02  0.566184E+00
 0.708470E-01  0.743145E+02  0.550209E+00
 0.714550E-01  0.729546E+02  0.560861E+00
 0.720630E-01  0.714889E+02  0.557337E+00
 0.726710E-01  0.704115E+02  0.556535E+00
 0.732790E-01  0.690879E+02  0.564123E+00
 0.738870E-01  0.680508E+02  0.549871E+00
 0.744950E-01  0.667133E+02  0.557529E+00
 0.751030E-01  0.656984E+02  0.794484E+00
 0.757120E-01  0.643207E+02  0.574305E+00
 0.763200E-01  0.633187E+02  0.489134E+00
 0.769280E-01  0.615586E+02  0.481895E+00
 0.775360E-01  0.605831E+02  0.470282E+00
 0.781440E-01  0.593485E+02  0.434490E+00
 0.787520E-01  0.583070E+02  0.453141E+00
 0.793600E-01  0.572717E+02  0.451270E+00
 0.799680E-01  0.562418E+02  0.444956E+00
 0.805760E-01  0.550860E+02  0.386995E+00
 0.811850E-01  0.539983E+02  0.426922E+00
 0.817930E-01  0.529098E+02  0.369624E+00
 0.824010E-01  0.517740E+02  0.378097E+00
 0.830090E-01  0.505254E+02  0.365193E+00
 0.836170E-01  0.497408E+02  0.398777E+00
 0.842250E-01  0.491001E+02  0.499883E+00
 0.848330E-01  0.476306E+02  0.406672E+00
 0.854410E-01  0.470657E+02  0.376577E+00
 0.860490E-01  0.463614E+02  0.371606E+00
 0.866580E-01  0.452821E+02  0.363438E+00
 0.872660E-01  0.446352E+02  0.348782E+00
 0.878740E-01  0.441482E+02  0.353494E+00
 0.884820E-01  0.425899E+02  0.345467E+00
 0.890900E-01  0.418692E+02  0.353312E+00
 0.896980E-01  0.411650E+02  0.330928E+00
 0.903060E-01  0.401926E+02  0.336737E+00
 0.909140E-01  0.393547E+02  0.317529E+00
 0.915220E-01  0.389769E+02  0.302391E+00
 0.921310E-01  0.380050E+02  0.302284E+00
 0.927390E-01  0.372427E+02  0.314618E+00
 0.933470E-01  0.367114E+02  0.310476E+00
 0.939550E-01  0.359329E+02  0.322504E+00
 0.945630E-01  0.354376E+02  0.298073E+00
 0.951710E-01  0.347890E+02  0.356150E+00
 0.957790E-01  0.341145E+02  0.476206E+00
 0.963870E-01  0.334355E+02  0.578133E+00
 0.969950E-01  0.327125E+02  0.349999E+00
 0.976040E-01  0.322153E+02  0.378407E+00
 0.982120E-01  0.313960E+02  0.292402E+00
 0.988200E-01  0.308708E+02  0.293898E+00
 0.994280E-01  0.304712E+02  0.286745E+00
 0.100036E+00  0.298347E+02  0.270100E+00
 0.100644E+00  0.292432E+02  0.256891E+00
 0.101252E+00  0.285736E+02  0.250460E+00
 0.101860E+00  0.280438E+02  0.248238E+00
 0.102468E+00  0.272252E+02  0.249228E+00
 0.103077E+00  0.267000E+02  0.249031E+00
 0.103685E+00  0.264917E+02  0.243013E+00
 0.104293E+00  0.260178E+02  0.250865E+00
 0.104901E+00  0.252993E+02  0.249297E+00
 0.105509E+00  0.248117E+02  0.241224E+00
 0.106117E+00  0.244631E+02  0.252698E+00
 0.106725E+00  0.238061E+02  0.238439E+00
 0.107333E+00  0.237131E+02  0.228755E+00
 0.107941E+00  0.231715E+02  0.223679E+00
 0.108550E+00  0.225305E+02  0.224635E+00
 0.109158E+00  0.223049E+02  0.218358E+00
 0.109766E+00  0.220260E+02  0.239631E+00
 0.110374E+00  0.213581E+02  0.225428E+00
 0.110982E+00  0.213654E+02  0.212774E+00
 0.111590E+00  0.207128E+02  0.216369E+00
 0.112198E+00  0.205464E+02  0.229157E+00
 0.112806E+00  0.198492E+02  0.216607E+00
 0.113414E+00  0.195300E+02  0.210240E+00
 0.114022E+00  0.191543E+02  0.212775E+00
 0.114631E+00  0.186611E+02  0.212960E+00
 0.115239E+00  0.182517E+02  0.249276E+00
 0.115847E+00  0.180108E+02  0.215696E+00
 0.116455E+00  0.178022E+02  0.216507E+00
 0.117063E+00  0.172651E+02  0.209403E+00
 0.117671E+00  0.168651E+02  0.203884E+00
 0.118279E+00  0.165505E+02  0.191564E+00
 0.118887E+00  0.163957E+02  0.194809E+00
 0.119495E+00  0.159228E+02  0.187634E+00
 0.120103E+00  0.160005E+02  0.191543E+00
 0.120712E+00  0.154619E+02  0.179631E+00
 0.121320E+00  0.151810E+02  0.188643E+00
 0.121928E+00  0.149278E+02  0.183378E+00
 0.122536E+00  0.144436E+02  0.187553E+00
 0.123144E+00  0.142441E+02  0.174394E+00
 0.123752E+00  0.139147E+02  0.171883E+00
 0.124360E+00  0.137375E+02  0.191277E+00
 0.124968E+00  0.136184E+02  0.177349E+00
 0.125576E+00  0.133866E+02  0.167744E+00
 0.126184E+00  0.131061E+02  0.168017E+00
 0.126793E+00  0.130147E+02  0.160029E+00
 0.127401E+00  0.125265E+02  0.170886E+00
 0.128009E+00  0.124677E+02  0.206981E+00
 0.128617E+00  0.123986E+02  0.227344E+00
 0.129225E+00  0.122695E+02  0.181362E+00
 0.129833E+00  0.119277E+02  0.167280E+00
 0.130441E+00  0.119414E+02  0.165438E+00
 0.131049E+00  0.116501E+02  0.197981E+00
 0.131657E+00  0.114791E+02  0.329622E+00
 0.132265E+00  0.112299E+02  0.214484E+00
 0.132873E+00  0.110748E+02  0.258653E+00
 0.133482E+00  0.110203E+02  0.178939E+00
 0.134090E+00  0.106547E+02  0.166219E+00
 0.134698E+00  0.104521E+02  0.168279E+00
 0.135306E+00  0.102802E+02  0.172483E+00
 0.135914E+00  0.101621E+02  0.155876E+00
 0.136522E+00  0.100869E+02  0.148066E+00
 0.137130E+00  0.974662E+01  0.152440E+00
 0.137738E+00  0.100344E+02  0.161053E+00
 0.138346E+00  0.100116E+02  0.157025E+00
 0.138954E+00  0.988304E+01  0.152714E+00
 0.139562E+00  0.952456E+01  0.146854E+00
 0.140171E+00  0.938748E+01  0.155585E+00
 0.140779E+00  0.924380E+01  0.161863E+00
 0.141387E+00  0.906574E+01  0.151301E+00
 0.141995E+00  0.896774E+01  0.167326E+00
 0.142603E+00  0.883186E+01  0.161083E+00
 0.143211E+00  0.857285E+01  0.155952E+00
 0.143819E+00  0.849562E+01  0.146165E+00
 0.144427E+00  0.827543E+01  0.147611E+00
 0.145035E+00  0.817088E+01  0.150566E+00
 0.145643E+00  0.806096E+01  0.148579E+00
 0.146251E+00  0.778749E+01  0.158179E+00
 0.146860E+00  0.778616E+01  0.145285E+00
 0.147468E+00  0.770388E+01  0.149160E+00
 0.148076E+00  0.770588E+01  0.179446E+00
 0.148684E+00  0.780229E+01  0.147075E+00
 0.149292E+00  0.754316E+01  0.144830E+00
 0.149900E+00  0.751161E+01  0.143498E+00
 0.150508E+00  0.750338E+01  0.135127E+00
 0.151116E+00  0.747448E+01  0.135594E+00
 0.151724E+00  0.712833E+01  0.147739E+00
 0.152332E+00  0.702753E+01  0.139093E+00
 0.152940E+00  0.677814E+01  0.134270E+00
 0.153548E+00  0.684994E+01  0.140359E+00
 0.154156E+00  0.672760E+01  0.130475E+00
 0.154765E+00  0.658987E+01  0.137217E+00
 0.155373E+00  0.655752E+01  0.137068E+00
 0.155981E+00  0.655531E+01  0.129315E+00
 0.156589E+00  0.653586E+01  0.139930E+00
 0.157197E+00  0.640776E+01  0.134792E+00
 0.157805E+00  0.626256E+01  0.140885E+00
 0.158413E+00  0.611920E+01  0.130163E+00
 0.159021E+00  0.618882E+01  0.132404E+00
 0.159629E+00  0.601038E+01  0.135009E+00
 0.160237E+00  0.608146E+01  0.142895E+00
 0.160845E+00  0.594286E+01  0.140941E+00
 0.161453E+00  0.602657E+01  0.141555E+00
 0.162061E+00  0.589968E+01  0.185512E+00
 0.162670E+00  0.588087E+01  0.285413E+00
 0.163278E+00  0.568966E+01  0.194373E+00
 0.163886E+00  0.554956E+01  0.236049E+00
 0.164494E+00  0.543343E+01  0.157555E+00
 0.165102E+00  0.546426E+01  0.128695E+00
 0.165710E+00  0.552324E+01  0.133971E+00
 0.166318E+00  0.556283E+01  0.133351E+00
 0.166926E+00  0.537432E+01  0.128229E+00
 0.167534E+00  0.566252E+01  0.127883E+00
 0.168142E+00  0.546487E+01  0.133773E+00
 0.168750E+00  0.523669E+01  0.125909E+00
 0.169358E+00  0.512908E+01  0.137774E+00
 0.169966E+00  0.494747E+01  0.136247E+00
 0.170574E+00  0.484298E+01  0.138600E+00
 0.171183E+00  0.510335E+01  0.148921E+00
 0.171791E+00  0.501472E+01  0.134135E+00
 0.172399E+00  0.516567E+01  0.129759E+00
 0.173007E+00  0.499388E+01  0.132231E+00
 0.173615E+00  0.499479E+01  0.129445E+00
 0.174223E+00  0.486115E+01  0.132602E+00
 0.174831E+00  0.483682E+01  0.133961E+00
 0.175439E+00  0.474368E+01  0.131378E+00
 0.176047E+00  0.483058E+01  0.126648E+00
 0.176655E+00  0.486466E+01  0.124433E+00
 0.177263E+00  0.466261E+01  0.128974E+00
 0.177871E+00  0.459924E+01  0.127206E+00
 0.178479E+00  0.464363E+01  0.136412E+00
 0.179087E+00  0.452883E+01  0.131008E+00
 0.179695E+00  0.459488E+01  0.128745E+00
 0.180304E+00  0.466872E+01  0.124841E+00
 0.180912E+00  0.446162E+01  0.140900E+00
 0.181520E+00  0.446546E+01  0.213344E+00
 0.182128E+00  0.442731E+01  0.214873E+00
 0.182736E+00  0.421805E+01  0.137107E+00
 0.183344E+00  0.429308E+01  0.119353E+00
 0.183952E+00  0.426557E+01  0.121535E+00
 0.184560E+00  0.405103E+01  0.123222E+00
 0.185168E+00  0.419261E+01  0.123853E+00
 0.185776E+00  0.418811E+01  0.148977E+00
 0.186384E+00  0.405188E+01  0.131688E+00
 0.186992E+00  0.413542E+01  0.119777E+00
 0.187600E+00  0.407248E+01  0.127225E+00
 0.188208E+00  0.407689E+01  0.118562E+00
 0.188816E+00  0.408946E+01  0.120378E+00
 0.189424E+00  0.420928E+01  0.163985E+00
 0.190032E+00  0.421717E+01  0.268965E+00
 0.190641E+00  0.414883E+01  0.227169E+00
 0.191249E+00  0.403223E+01  0.138774E+00
 0.191857E+00  0.405384E+01  0.115592E+00
 0.192465E+00  0.398977E+01  0.116443E+00
 0.193073E+00  0.379924E+01  0.108156E+00
 0.193681E+00  0.384471E+01  0.116818E+00
 0.194289E+00  0.379264E+01  0.126219E+00
 0.194897E+00  0.387293E+01  0.123426E+00
 0.195505E+00  0.390153E+01  0.179818E+00
 0.196113E+00  0.375601E+01  0.356531E+00
 0.196721E+00  0.372790E+01  0.206885E+00
 0.197329E+00  0.371973E+01  0.277545E+00
 0.197937E+00  0.380023E+01  0.153427E+00
 0.198545E+00  0.383772E+01  0.113379E+00
 0.199153E+00  0.381015E+01  0.129091E+00
 0.199761E+00  0.361871E+01  0.119706E+00
 0.200369E+00  0.356179E+01  0.131619E+00
 0.200977E+00  0.344234E+01  0.131198E+00
 0.201585E+00  0.351549E+01  0.197847E+00
 0.202193E+00  0.339890E+01  0.183009E+00
 0.202802E+00  0.329610E+01  0.135642E+00
 0.203410E+00  0.336191E+01  0.158247E+00
 0.204018E+00  0.332876E+01  0.164323E+00
 0.204626E+00  0.339631E+01  0.127245E+00
 0.205234E+00  0.336982E+01  0.144665E+00
 0.205842E+00  0.346722E+01  0.120860E+00
 0.206450E+00  0.332452E+01  0.111638E+00
 0.207058E+00  0.323319E+01  0.113487E+00
 0.207666E+00  0.323899E+01  0.111445E+00
 0.208274E+00  0.295852E+01  0.113685E+00
 0.208882E+00  0.307419E+01  0.117300E+00
 0.209490E+00  0.298119E+01  0.126139E+00
 0.210098E+00  0.310080E+01  0.114685E+00
 0.210706E+00  0.298582E+01  0.134779E+00
 0.211314E+00  0.305765E+01  0.214296E+00
 0.211922E+00  0.308055E+01  0.173697E+00
 0.212530E+00  0.309265E+01  0.472087E+00
 0.213138E+00  0.296721E+01  0.111071E+01
 0.213746E+00  0.309489E+01  0.467327E+00
 0.214354E+00  0.310683E+01  0.118437E+00
 0.214962E+00  0.320433E+01  0.115895E+00
 0.215570E+00  0.297862E+01  0.114616E+00
 0.216178E+00  0.289647E+01  0.114598E+00
 0.216786E+00  0.298663E+01  0.110254E+00
 0.217394E+00  0.286245E+01  0.116769E+00
 0.218002E+00  0.284208E+01  0.111293E+00
 0.218610E+00  0.276528E+01  0.108459E+00
 0.219219E+00  0.302532E+01  0.114251E+00
 0.219827E+00  0.290371E+01  0.118823E+00
 0.220435E+00  0.286994E+01  0.118875E+00
 0.221043E+00  0.291422E+01  0.109003E+00
 0.221651E+00  0.278272E+01  0.107179E+00
 0.222259E+00  0.280746E+01  0.107461E+00
 0.222867E+00  0.274786E+01  0.103065E+00
 0.223475E+00  0.281581E+01  0.105103E+00
 0.224083E+00  0.280008E+01  0.103469E+00
 0.224691E+00  0.274065E+01  0.104121E+00
 0.225299E+00  0.269681E+01  0.111287E+00
 0.225907E+00  0.248041E+01  0.120284E+00
 0.226515E+00  0.242309E+01  0.111619E+00
 0.227123E+00  0.243350E+01  0.104190E+00
 0.227731E+00  0.224506E+01  0.105515E+00
 0.228339E+00  0.238420E+01  0.100988E+00
 0.228947E+00  0.253077E+01  0.103161E+00
 0.229555E+00  0.236462E+01  0.103363E+00
 0.230163E+00  0.242519E+01  0.109769E+00
 0.230771E+00  0.248980E+01  0.104714E+00
 0.231379E+00  0.237255E+01  0.104748E+00
 0.231987E+00  0.222608E+01  0.100116E+00
 0.232595E+00  0.210333E+01  0.101374E+00
 0.233203E+00  0.216308E+01  0.103432E+00
 0.233811E+00  0.205544E+01  0.104123E+00
 0.234419E+00  0.201536E+01  0.105502E+00
 0.235027E+00  0.202089E+01  0.104078E+00
 0.235635E+00  0.205222E+01  0.104513E+00
 0.236243E+00  0.208177E+01  0.106569E+00
 0.236851E+00  0.206756E+01  0.107903E+00
 0.237459E+00  0.207219E+01  0.100757E+00
 0.238067E+00  0.206582E+01  0.123353E+00
 0.238675E+00  0.203144E+01  0.192314E+00
 0.239283E+00  0.197243E+01  0.124909E+00
 0.239891E+00  0.187684E+01  0.100499E+00
 0.240499E+00  0.182931E+01  0.101451E+00
 0.241107E+00  0.179180E+01  0.938263E-01
 0.241715E+00  0.183885E+01  0.987164E-01
 0.242323E+00  0.187641E+01  0.113628E+00
 0.242931E+00  0.188235E+01  0.107263E+00
 0.243539E+00  0.186331E+01  0.191915E+00
 0.244147E+00  0.186282E+01  0.395715E+00
 0.244755E+00  0.185956E+01  0.226689E+00
 0.245363E+00  0.170546E+01  0.166559E+00
 0.245971E+00  0.174038E+01  0.113442E+00
 0.246579E+00  0.171750E+01  0.104599E+00
 0.247187E+00  0.172395E+01  0.131111E+00
 0.247795E+00  0.170517E+01  0.123176E+00
 0.248403E+00  0.172420E+01  0.109353E+00
 0.249011E+00  0.174944E+01  0.100387E+00
 0.249619E+00  0.170073E+01  0.985193E-01
 0.250227E+00  0.167991E+01  0.995922E-01
 0.250835E+00  0.167220E+01  0.103565E+00
 0.251443E+00  0.145822E+01  0.100932E+00
 0.252051E+00  0.153754E+01  0.980316E-01
 0.252659E+00  0.143408E+01  0.977742E-01
 0.253267E+00  0.162365E+01  0.100225E+00
 0.253875E+00  0.157542E+01  0.977760E-01
 0.254483E+00  0.143249E+01  0.998254E-01
 0.255091E+00  0.127948E+01  0.100365E+00
 0.255699E+00  0.134964E+01  0.972826E-01
 0.256307E+00  0.140385E+01  0.100364E+00
 0.256915E+00  0.153182E+01  0.968890E-01
 0.257523E+00  0.143416E+01  0.936237E-01
 0.258131E+00  0.158036E+01  0.958982E-01
 0.258739E+00  0.154309E+01  0.966866E-01
 0.259347E+00  0.146533E+01  0.936356E-01
 0.259955E+00  0.154662E+01  0.949569E-01
 0.260563E+00  0.130751E+01  0.954150E-01
 0.261171E+00  0.133691E+01  0.980740E-01
 0.261779E+00  0.124937E+01  0.100650E+00
 0.262387E+00  0.106764E+01  0.945661E-01
 0.262995E+00  0.104152E+01  0.941345E-01
 0.263603E+00  0.106534E+01  0.916882E-01
 0.264211E+00  0.109631E+01  0.927965E-01
 0.264819E+00  0.111959E+01  0.957079E-01
 0.265427E+00  0.113068E+01  0.954912E-01
 0.266035E+00  0.121657E+01  0.963188E-01
 0.266643E+00  0.120454E+01  0.100889E+00
 0.267251E+00  0.118447E+01  0.969035E-01
 0.267859E+00  0.124248E+01  0.945167E-01
 0.268467E+00  0.124104E+01  0.902449E-01
 0.269075E+00  0.123883E+01  0.100889E+00
 0.269683E+00  0.124339E+01  0.912565E-01
 0.270291E+00  0.120451E+01  0.891646E-01
 0.270899E+00  0.113459E+01  0.884928E-01
 0.271507E+00  0.118514E+01  0.931797E-01
 0.272115E+00  0.127869E+01  0.973155E-01
 0.272723E+00  0.116256E+01  0.165064E+00
 0.273331E+00  0.111449E+01  0.320030E+00
 0.273939E+00  0.102815E+01  0.196917E+00
 0.274547E+00  0.967318E+00  0.286270E+00
 0.275155E+00  0.105451E+01  0.149175E+00
 0.275763E+00  0.976956E+00  0.926849E-01
 0.276371E+00  0.960800E+00  0.929156E-01
 0.276979E+00  0.891115E+00  0.104193E+00
 0.277587E+00  0.963866E+00  0.102403E+00
 0.278195E+00  0.953814E+00  0.134053E+00
 0.278803E+00  0.937838E+00  0.996621E-01
 0.279411E+00  0.996443E+00  0.916999E-01
 0.280019E+00  0.971461E+00  0.898470E-01
 0.280626E+00  0.958473E+00  0.930232E-01
 0.281234E+00  0.986028E+00  0.933583E-01
 0.281842E+00  0.928647E+00  0.989360E-01
 0.282450E+00  0.837876E+00  0.114302E+00
 0.283058E+00  0.689510E+00  0.185120E+00
 0.283666E+00  0.842736E+00  0.215243E+00
 0.284274E+00  0.855671E+00  0.448480E+00
 0.284882E+00  0.801730E+00  0.202831E+00
 0.285490E+00  0.823996E+00  0.920147E-01
 0.286098E+00  0.873553E+00  0.149335E+00
 0.286706E+00  0.858087E+00  0.353173E+00
 0.287314E+00  0.818366E+00  0.460711E+00
 0.287922E+00  0.729006E+00  0.197861E+00
 0.288530E+00  0.792588E+00  0.873885E-01
 0.289138E+00  0.747730E+00  0.118414E+00
 0.289746E+00  0.804238E+00  0.214881E+00
 0.290354E+00  0.875394E+00  0.120459E+00
 0.290962E+00  0.732103E+00  0.855730E-01
 0.291570E+00  0.784234E+00  0.884211E-01
 0.292178E+00  0.883170E+00  0.113669E+00
 0.292786E+00  0.765001E+00  0.158551E+00
 0.293394E+00  0.782243E+00  0.204765E+00
 0.294002E+00  0.670459E+00  0.299774E+00
 0.294610E+00  0.639288E+00  0.208286E+00
 0.295217E+00  0.721598E+00  0.106982E+00
 0.295825E+00  0.641358E+00  0.865994E-01
 0.296433E+00  0.647581E+00  0.829158E-01
 0.297041E+00  0.694445E+00  0.793918E-01
 0.297649E+00  0.578294E+00  0.879180E-01
 0.298257E+00  0.514358E+00  0.822690E-01
 0.298865E+00  0.521736E+00  0.967728E-01
 0.299473E+00  0.501636E+00  0.136917E+00
 0.300081E+00  0.575533E+00  0.925590E-01
 0.300689E+00  0.587657E+00  0.839983E-01
 0.301297E+00  0.635846E+00  0.829041E-01
 0.301905E+00  0.681263E+00  0.898016E-01
 0.302513E+00  0.705574E+00  0.926156E-01
 0.303121E+00  0.703511E+00  0.991612E-01
 0.303729E+00  0.640087E+00  0.930558E-01
 0.304337E+00  0.634476E+00  0.869311E-01
 0.304945E+00  0.706393E+00  0.798135E-01
 0.305553E+00  0.679930E+00  0.784293E-01
 0.306160E+00  0.645299E+00  0.830934E-01
 0.306768E+00  0.581468E+00  0.848681E-01
 0.307376E+00  0.500867E+00  0.106845E+00
 0.307984E+00  0.497683E+00  0.966370E-01
 0.308592E+00  0.462420E+00  0.134212E+00
 0.309200E+00  0.547489E+00  0.899113E-01
 0.309808E+00  0.510733E+00  0.890963E-01
 0.310416E+00  0.585277E+00  0.788492E-01
 0.311024E+00  0.624194E+00  0.739653E-01
 0.311632E+00  0.574152E+00  0.790591E-01
 0.312240E+00  0.616414E+00  0.789939E-01
 0.312848E+00  0.548886E+00  0.784529E-01
 0.313456E+00  0.616475E+00  0.780956E-01
 0.314064E+00  0.706090E+00  0.784067E-01
 0.314671E+00  0.539752E+00  0.777369E-01
 0.315279E+00  0.540704E+00  0.805666E-01
 
# 2/3rd dilution of above

 0.118590E-01  0.174514E+03  0.108090E+02
 0.124670E-01  0.172307E+03  0.659907E+01
 0.130750E-01  0.168780E+03  0.830669E+01
 0.136830E-01  0.166271E+03  0.111221E+02
 0.142910E-01  0.164498E+03  0.634598E+01
 0.148990E-01  0.171026E+03  0.614446E+01
 0.155070E-01  0.175847E+03  0.554260E+01
 0.161150E-01  0.162166E+03  0.446206E+01
 0.167240E-01  0.164064E+03  0.495272E+01
 0.173320E-01  0.165225E+03  0.636721E+01
 0.179400E-01  0.159299E+03  0.442728E+01
 0.185480E-01  0.156477E+03  0.382297E+01
 0.191560E-01  0.162548E+03  0.401546E+01
 0.197640E-01  0.161366E+03  0.367919E+01
 0.203720E-01  0.165401E+03  0.398647E+01
 0.209800E-01  0.165430E+03  0.304565E+01
 0.215890E-01  0.160571E+03  0.437486E+01
 0.221970E-01  0.163635E+03  0.283888E+01
 0.228050E-01  0.159066E+03  0.283422E+01
 0.234130E-01  0.157928E+03  0.274409E+01
 0.240210E-01  0.157539E+03  0.232285E+01
 0.246290E-01  0.157380E+03  0.219371E+01
 0.252370E-01  0.155754E+03  0.223182E+01
 0.258450E-01  0.153148E+03  0.207081E+01
 0.264540E-01  0.152360E+03  0.206313E+01
 0.270620E-01  0.148210E+03  0.213016E+01
 0.276700E-01  0.149509E+03  0.208442E+01
 0.282780E-01  0.145726E+03  0.202835E+01
 0.288860E-01  0.141712E+03  0.196418E+01
 0.294940E-01  0.140533E+03  0.197136E+01
 0.301020E-01  0.138464E+03  0.171007E+01
 0.307100E-01  0.138917E+03  0.182166E+01
 0.313190E-01  0.137303E+03  0.173621E+01
 0.319270E-01  0.136766E+03  0.188307E+01
 0.325350E-01  0.135367E+03  0.157355E+01
 0.331430E-01  0.132851E+03  0.152656E+01
 0.337510E-01  0.130073E+03  0.150025E+01
 0.343590E-01  0.128521E+03  0.148375E+01
 0.349670E-01  0.128082E+03  0.149466E+01
 0.355750E-01  0.126675E+03  0.169606E+01
 0.361840E-01  0.125054E+03  0.154133E+01
 0.367920E-01  0.124887E+03  0.149718E+01
 0.374000E-01  0.123834E+03  0.147222E+01
 0.380080E-01  0.122656E+03  0.132371E+01
 0.386160E-01  0.121847E+03  0.135305E+01
 0.392240E-01  0.121586E+03  0.121909E+01
 0.398320E-01  0.119413E+03  0.139790E+01
 0.404400E-01  0.115528E+03  0.123767E+01
 0.410490E-01  0.114271E+03  0.137502E+01
 0.416570E-01  0.112147E+03  0.131628E+01
 0.422650E-01  0.111638E+03  0.131030E+01
 0.428730E-01  0.108802E+03  0.127724E+01
 0.434810E-01  0.108124E+03  0.129631E+01
 0.440890E-01  0.104967E+03  0.117919E+01
 0.446970E-01  0.103372E+03  0.130873E+01
 0.453050E-01  0.102485E+03  0.122362E+01
 0.459140E-01  0.101578E+03  0.124545E+01
 0.465220E-01  0.100013E+03  0.113753E+01
 0.471300E-01  0.100165E+03  0.116568E+01
 0.477380E-01  0.971870E+02  0.113426E+01
 0.483460E-01  0.939368E+02  0.113794E+01
 0.489540E-01  0.925131E+02  0.117873E+01
 0.495620E-01  0.895302E+02  0.104258E+01
 0.501700E-01  0.886374E+02  0.109760E+01
 0.507790E-01  0.865832E+02  0.100003E+01
 0.513870E-01  0.856468E+02  0.104661E+01
 0.519950E-01  0.849293E+02  0.965182E+00
 0.526030E-01  0.832747E+02  0.996392E+00
 0.532110E-01  0.815126E+02  0.921681E+00
 0.538190E-01  0.798834E+02  0.968812E+00
 0.544270E-01  0.786551E+02  0.984566E+00
 0.550350E-01  0.766837E+02  0.961750E+00
 0.556440E-01  0.762973E+02  0.916487E+00
 0.562520E-01  0.765009E+02  0.910270E+00
 0.568600E-01  0.756825E+02  0.935132E+00
 0.574680E-01  0.726060E+02  0.860738E+00
 0.580760E-01  0.724259E+02  0.932405E+00
 0.586840E-01  0.694148E+02  0.952610E+00
 0.592920E-01  0.672073E+02  0.995056E+00
 0.599000E-01  0.670154E+02  0.817143E+00
 0.605090E-01  0.653281E+02  0.828367E+00
 0.611170E-01  0.646415E+02  0.710217E+00
 0.617250E-01  0.650304E+02  0.791206E+00
 0.623330E-01  0.633133E+02  0.773739E+00
 0.629410E-01  0.619421E+02  0.845458E+00
 0.635490E-01  0.611961E+02  0.744922E+00
 0.641570E-01  0.600075E+02  0.779185E+00
 0.647650E-01  0.599960E+02  0.762022E+00
 0.653740E-01  0.583534E+02  0.812899E+00
 0.659820E-01  0.568165E+02  0.795476E+00
 0.665900E-01  0.551981E+02  0.798413E+00
 0.671980E-01  0.530255E+02  0.775667E+00
 0.678060E-01  0.531731E+02  0.712575E+00
 0.684140E-01  0.525076E+02  0.808022E+00
 0.690220E-01  0.510611E+02  0.728623E+00
 0.696300E-01  0.492566E+02  0.751932E+00
 0.702380E-01  0.477308E+02  0.753852E+00
 0.708470E-01  0.482444E+02  0.720621E+00
 0.714550E-01  0.477677E+02  0.703790E+00
 0.720630E-01  0.469979E+02  0.745864E+00
 0.726710E-01  0.460405E+02  0.664743E+00
 0.732790E-01  0.449791E+02  0.673750E+00
 0.738870E-01  0.439687E+02  0.655110E+00
 0.744950E-01  0.420532E+02  0.630373E+00
 0.751030E-01  0.422317E+02  0.657430E+00
 0.757120E-01  0.413619E+02  0.696552E+00
 0.763200E-01  0.402881E+02  0.652053E+00
 0.769280E-01  0.391474E+02  0.615597E+00
 0.775360E-01  0.379435E+02  0.666554E+00
 0.781440E-01  0.372972E+02  0.585114E+00
 0.787520E-01  0.361406E+02  0.660861E+00
 0.793600E-01  0.358000E+02  0.614250E+00
 0.799680E-01  0.355713E+02  0.607695E+00
 0.805760E-01  0.346064E+02  0.557495E+00
 0.811850E-01  0.343553E+02  0.672905E+00
 0.817930E-01  0.337840E+02  0.559556E+00
 0.824010E-01  0.335462E+02  0.573157E+00
 0.830090E-01  0.326394E+02  0.601344E+00
 0.836170E-01  0.320070E+02  0.564137E+00
 0.842250E-01  0.319250E+02  0.568403E+00
 0.848330E-01  0.308285E+02  0.576564E+00
 0.854410E-01  0.301286E+02  0.516776E+00
 0.860490E-01  0.301330E+02  0.523208E+00
 0.866580E-01  0.295553E+02  0.517534E+00
 0.872660E-01  0.296567E+02  0.545528E+00
 0.878740E-01  0.291391E+02  0.537199E+00
 0.884820E-01  0.282642E+02  0.525365E+00
 0.890900E-01  0.273080E+02  0.518408E+00
 0.896980E-01  0.269753E+02  0.482068E+00
 0.903060E-01  0.271512E+02  0.527943E+00
 0.909140E-01  0.256481E+02  0.486667E+00
 0.915220E-01  0.252972E+02  0.526930E+00
 0.921310E-01  0.244125E+02  0.507685E+00
 0.927390E-01  0.245334E+02  0.521044E+00
 0.933470E-01  0.242837E+02  0.466167E+00
 0.939550E-01  0.238201E+02  0.487740E+00
 0.945630E-01  0.233464E+02  0.485856E+00
 0.951710E-01  0.225033E+02  0.572669E+00
 0.957790E-01  0.228608E+02  0.135956E+01
 0.963870E-01  0.226130E+02  0.253732E+01
 0.969950E-01  0.220155E+02  0.224224E+01
 0.976040E-01  0.209767E+02  0.503621E+01
 0.982120E-01  0.210695E+02  0.441946E+01
 0.988200E-01  0.197505E+02  0.370382E+01
 0.994280E-01  0.196858E+02  0.559794E+01
 0.100036E+00  0.197736E+02  0.301770E+01
 0.100644E+00  0.192550E+02  0.103124E+01
 0.101252E+00  0.182407E+02  0.119108E+01
 0.101860E+00  0.185689E+02  0.696679E+00
 0.102468E+00  0.178716E+02  0.494857E+00
 0.103077E+00  0.173842E+02  0.650047E+00
 0.103685E+00  0.174497E+02  0.482637E+00
 0.104293E+00  0.171556E+02  0.463402E+00
 0.104901E+00  0.170193E+02  0.477387E+00
 0.105509E+00  0.157834E+02  0.425444E+00
 0.106117E+00  0.158980E+02  0.451188E+00
 0.106725E+00  0.157377E+02  0.423127E+00
 0.107333E+00  0.153066E+02  0.428632E+00
 0.107941E+00  0.152762E+02  0.434872E+00
 0.108550E+00  0.141698E+02  0.427377E+00
 0.109158E+00  0.140810E+02  0.403045E+00
 0.109766E+00  0.136168E+02  0.414181E+00
 0.110374E+00  0.137801E+02  0.397863E+00
 0.110982E+00  0.133876E+02  0.401627E+00
 0.111590E+00  0.126647E+02  0.398864E+00
 0.112198E+00  0.127416E+02  0.399362E+00
 0.112806E+00  0.120749E+02  0.398862E+00
 0.113414E+00  0.127007E+02  0.408032E+00
 0.114022E+00  0.115141E+02  0.398467E+00
 0.114631E+00  0.117247E+02  0.422027E+00
 0.115239E+00  0.110111E+02  0.415386E+00
 0.115847E+00  0.114025E+02  0.377920E+00
 0.116455E+00  0.112988E+02  0.395965E+00
 0.117063E+00  0.111593E+02  0.395844E+00
 0.117671E+00  0.118307E+02  0.402158E+00
 0.118279E+00  0.114008E+02  0.356772E+00
 0.118887E+00  0.109850E+02  0.379386E+00
 0.119495E+00  0.102857E+02  0.354912E+00
 0.120103E+00  0.101271E+02  0.370743E+00
 0.120712E+00  0.973595E+01  0.346306E+00
 0.121320E+00  0.101612E+02  0.349340E+00
 0.121928E+00  0.930267E+01  0.348928E+00
 0.122536E+00  0.934397E+01  0.350668E+00
 0.123144E+00  0.944360E+01  0.341706E+00
 0.123752E+00  0.882593E+01  0.341436E+00
 0.124360E+00  0.839897E+01  0.351664E+00
 0.124968E+00  0.848620E+01  0.362485E+00
 0.125576E+00  0.893249E+01  0.353615E+00
 0.126184E+00  0.878264E+01  0.359941E+00
 0.126793E+00  0.857779E+01  0.355177E+00
 0.127401E+00  0.805612E+01  0.333018E+00
 0.128009E+00  0.817109E+01  0.369183E+00
 0.128617E+00  0.799294E+01  0.336524E+00
 0.129225E+00  0.796415E+01  0.363835E+00
 0.129833E+00  0.766102E+01  0.340008E+00
 0.130441E+00  0.750242E+01  0.333188E+00
 0.131049E+00  0.728460E+01  0.350514E+00
 0.131657E+00  0.697880E+01  0.357174E+00
 0.132265E+00  0.676304E+01  0.337202E+00
 0.132873E+00  0.681690E+01  0.339621E+00
 0.133482E+00  0.665555E+01  0.344742E+00
 0.134090E+00  0.678282E+01  0.355149E+00
 0.134698E+00  0.703192E+01  0.335473E+00
 0.135306E+00  0.725121E+01  0.352715E+00
 0.135914E+00  0.705114E+01  0.345676E+00
 0.136522E+00  0.666952E+01  0.421774E+00
 0.137130E+00  0.617770E+01  0.478509E+00
 0.137738E+00  0.616051E+01  0.362561E+00
 0.138346E+00  0.558423E+01  0.564468E+00
 0.138954E+00  0.613757E+01  0.118250E+01
 0.139562E+00  0.621457E+01  0.101049E+01
 0.140171E+00  0.587608E+01  0.118619E+01
 0.140779E+00  0.570757E+01  0.101092E+01
 0.141387E+00  0.585799E+01  0.504792E+00
 0.141995E+00  0.544947E+01  0.335023E+00
 0.142603E+00  0.597444E+01  0.335847E+00
 0.143211E+00  0.533083E+01  0.325256E+00
 0.143819E+00  0.561588E+01  0.347191E+00
 0.144427E+00  0.529741E+01  0.335224E+00
 0.145035E+00  0.537855E+01  0.320508E+00
 0.145643E+00  0.509701E+01  0.304973E+00
 0.146251E+00  0.456792E+01  0.313970E+00
 0.146860E+00  0.459924E+01  0.291523E+00
 0.147468E+00  0.463250E+01  0.314607E+00
 0.148076E+00  0.437988E+01  0.311383E+00
 0.148684E+00  0.479078E+01  0.310544E+00
 0.149292E+00  0.467797E+01  0.320137E+00
 0.149900E+00  0.481323E+01  0.318395E+00
 0.150508E+00  0.489183E+01  0.420316E+00
 0.151116E+00  0.478358E+01  0.775562E+00
 0.151724E+00  0.491731E+01  0.541640E+00
 0.152332E+00  0.461648E+01  0.898889E+00
 0.152940E+00  0.431196E+01  0.666533E+00
 0.153548E+00  0.360058E+01  0.406985E+00
 0.154156E+00  0.395771E+01  0.336597E+00
 0.154765E+00  0.386560E+01  0.306848E+00
 0.155373E+00  0.422405E+01  0.317447E+00
 0.155981E+00  0.353474E+01  0.301278E+00
 0.156589E+00  0.385426E+01  0.301650E+00
 0.157197E+00  0.386155E+01  0.300212E+00
 0.157805E+00  0.400653E+01  0.307690E+00
 0.158413E+00  0.393779E+01  0.290909E+00
 0.159021E+00  0.360309E+01  0.374118E+00
 0.159629E+00  0.388844E+01  0.606219E+00
 0.160237E+00  0.388728E+01  0.450010E+00
 0.160845E+00  0.390510E+01  0.567691E+00
 0.161453E+00  0.406942E+01  0.397809E+00
 0.162061E+00  0.390049E+01  0.305372E+00
 0.162670E+00  0.384480E+01  0.337100E+00
 0.163278E+00  0.363006E+01  0.373939E+00
 0.163886E+00  0.341716E+01  0.624876E+00
 0.164494E+00  0.305612E+01  0.434704E+00
 0.165102E+00  0.311121E+01  0.634249E+00
 0.165710E+00  0.334874E+01  0.421000E+00
 0.166318E+00  0.363592E+01  0.324837E+00
 0.166926E+00  0.373153E+01  0.411245E+00
 0.167534E+00  0.346756E+01  0.544795E+00
 0.168142E+00  0.353099E+01  0.371798E+00
 0.168750E+00  0.335922E+01  0.497949E+00
 0.169358E+00  0.363158E+01  0.329624E+00
 0.169966E+00  0.304464E+01  0.268880E+00
 0.170574E+00  0.288279E+01  0.271505E+00
 0.171183E+00  0.284833E+01  0.285588E+00
 0.171791E+00  0.300706E+01  0.283199E+00
 0.172399E+00  0.298380E+01  0.275886E+00
 0.173007E+00  0.320948E+01  0.276723E+00
 0.173615E+00  0.278248E+01  0.289322E+00
 0.174223E+00  0.272507E+01  0.286027E+00
 0.174831E+00  0.269337E+01  0.295553E+00
 0.175439E+00  0.280546E+01  0.295277E+00
 0.176047E+00  0.284806E+01  0.280259E+00
 0.176655E+00  0.224007E+01  0.284588E+00
 0.177263E+00  0.240774E+01  0.286076E+00
 0.177871E+00  0.261384E+01  0.286031E+00
 0.178479E+00  0.276339E+01  0.286654E+00
 0.179087E+00  0.267924E+01  0.278030E+00
 0.179695E+00  0.306959E+01  0.274565E+00
 0.180304E+00  0.297118E+01  0.273098E+00
 0.180912E+00  0.279919E+01  0.278340E+00
 0.181520E+00  0.302981E+01  0.264360E+00
 0.182128E+00  0.323837E+01  0.312052E+00
 0.182736E+00  0.301162E+01  0.470709E+00
 0.183344E+00  0.318228E+01  0.416658E+00
 0.183952E+00  0.312292E+01  0.678610E+00
 0.184560E+00  0.270202E+01  0.373069E+00
 0.185168E+00  0.272208E+01  0.273386E+00
 0.185776E+00  0.297247E+01  0.269505E+00
 0.186384E+00  0.288851E+01  0.268551E+00
 0.186992E+00  0.292481E+01  0.276663E+00
 0.187600E+00  0.291014E+01  0.272023E+00
 0.188208E+00  0.254383E+01  0.268441E+00
 0.188816E+00  0.258998E+01  0.261061E+00
 0.189424E+00  0.231557E+01  0.262505E+00
 0.190032E+00  0.254101E+01  0.270111E+00
 0.190641E+00  0.278699E+01  0.257316E+00
 0.191249E+00  0.249023E+01  0.267131E+00
 0.191857E+00  0.282855E+01  0.255799E+00
 0.192465E+00  0.238646E+01  0.259450E+00
 0.193073E+00  0.257918E+01  0.420322E+00
 0.193681E+00  0.241665E+01  0.122878E+01
 0.194289E+00  0.325728E+01  0.277384E+01
 0.194897E+00  0.302968E+01  0.408621E+01
 0.195505E+00  0.240181E+01  0.226333E+01
 0.196113E+00  0.275476E+01  0.328012E+01
 0.196721E+00  0.222597E+01  0.223308E+01
 0.197329E+00  0.259501E+01  0.802830E+00
 0.197937E+00  0.230038E+01  0.276912E+00
 0.198545E+00  0.261335E+01  0.264103E+00
 0.199153E+00  0.241665E+01  0.252198E+00
 0.199761E+00  0.242857E+01  0.259045E+00
 0.200369E+00  0.294765E+01  0.263193E+00
 0.200977E+00  0.270641E+01  0.260511E+00
 0.201585E+00  0.261947E+01  0.277113E+00
 0.202193E+00  0.252920E+01  0.290978E+00
 0.202802E+00  0.227426E+01  0.254716E+00
 0.203410E+00  0.185007E+01  0.257544E+00
 0.204018E+00  0.226345E+01  0.261562E+00
 0.204626E+00  0.168026E+01  0.262230E+00
 0.205234E+00  0.185721E+01  0.268046E+00
 0.205842E+00  0.194705E+01  0.323880E+00
 0.206450E+00  0.165315E+01  0.265282E+00
 0.207058E+00  0.200220E+01  0.251550E+00
 0.207666E+00  0.221204E+01  0.250346E+00
 0.208274E+00  0.213979E+01  0.250739E+00
 0.208882E+00  0.222881E+01  0.253508E+00
 0.209490E+00  0.229646E+01  0.255788E+00
 0.210098E+00  0.220982E+01  0.256041E+00
 0.210706E+00  0.203850E+01  0.254979E+00
 0.211314E+00  0.197407E+01  0.252149E+00
 0.211922E+00  0.152387E+01  0.250151E+00
 0.212530E+00  0.145105E+01  0.326703E+00
 0.213138E+00  0.166149E+01  0.527296E+00
 0.213746E+00  0.195824E+01  0.461081E+00
 0.214354E+00  0.201135E+01  0.665083E+00
 0.214962E+00  0.203535E+01  0.454249E+00
 0.215570E+00  0.202419E+01  0.267676E+00
 0.216178E+00  0.199164E+01  0.240939E+00
 0.216786E+00  0.182478E+01  0.244416E+00
 0.217394E+00  0.183651E+01  0.246434E+00
 0.218002E+00  0.192496E+01  0.240830E+00
 0.218610E+00  0.208831E+01  0.242213E+00
 0.219219E+00  0.191559E+01  0.225943E+00
 0.219827E+00  0.205488E+01  0.240541E+00
 0.220435E+00  0.182826E+01  0.235324E+00
 0.221043E+00  0.180895E+01  0.244845E+00
 0.221651E+00  0.169176E+01  0.234937E+00
 0.222259E+00  0.137918E+01  0.245331E+00
 0.222867E+00  0.127259E+01  0.233880E+00
 0.223475E+00  0.128015E+01  0.239807E+00
 0.224083E+00  0.124352E+01  0.243097E+00
 0.224691E+00  0.172828E+01  0.232348E+00
 0.225299E+00  0.187337E+01  0.240884E+00
 0.225907E+00  0.193627E+01  0.239471E+00
 0.226515E+00  0.175208E+01  0.283208E+00
 0.227123E+00  0.120432E+01  0.453911E+00
 0.227731E+00  0.850051E+00  0.752334E+00
 0.228339E+00  0.970297E+00  0.145621E+01
 0.228947E+00  0.123260E+01  0.836669E+00
 0.229555E+00  0.163304E+01  0.137394E+01
 0.230163E+00  0.181100E+01  0.666143E+00
 0.230771E+00  0.180066E+01  0.262012E+00
 0.231379E+00  0.158265E+01  0.287998E+00
 0.231987E+00  0.147431E+01  0.302471E+00
 0.232595E+00  0.145845E+01  0.377614E+00
 0.233203E+00  0.106284E+01  0.287428E+00
 0.233811E+00  0.146876E+01  0.311678E+00
 0.234419E+00  0.149666E+01  0.253330E+00
 0.235027E+00  0.160811E+01  0.236610E+00
 0.235635E+00  0.110858E+01  0.231052E+00
 0.236243E+00  0.738486E+00  0.224261E+00
 0.236851E+00  0.535994E+00  0.227345E+00
 0.237459E+00  0.729918E+00  0.226085E+00
 0.238067E+00  0.696581E+00  0.282630E+00
 0.238675E+00  0.134322E+01  0.457208E+00
 0.239283E+00  0.117991E+01  0.286592E+00
 0.239891E+00  0.962553E+00  0.262483E+00
 0.240499E+00  0.125929E+01  0.240057E+00
 0.241107E+00  0.113221E+01  0.229774E+00
 0.241715E+00  0.998847E+00  0.229023E+00
 0.242323E+00  0.139281E+01  0.219404E+00
 0.242931E+00  0.123741E+01  0.226221E+00
 0.243539E+00  0.132351E+01  0.235549E+00
 0.244147E+00  0.139492E+01  0.233453E+00
 0.244755E+00  0.804948E+00  0.227741E+00
 0.245363E+00  0.112428E+01  0.227645E+00
 0.245971E+00  0.118838E+01  0.217854E+00
 0.246579E+00  0.139556E+01  0.217809E+00
 0.247187E+00  0.160961E+01  0.226640E+00
 0.247795E+00  0.133840E+01  0.218133E+00
 0.248403E+00  0.122327E+01  0.219429E+00
 0.249011E+00  0.106081E+01  0.223349E+00
 0.249619E+00  0.102424E+01  0.225741E+00
 0.250227E+00  0.154562E+01  0.215927E+00
 0.250835E+00  0.144618E+01  0.220634E+00
 0.251443E+00  0.124984E+01  0.219172E+00
 0.252051E+00  0.128542E+01  0.316078E+00
 0.252659E+00  0.131776E+01  0.600652E+00
 0.253267E+00  0.116716E+01  0.364190E+00
 0.253875E+00  0.117856E+01  0.489392E+00
 0.254483E+00  0.895751E+00  0.302557E+00
 0.255091E+00  0.117954E+01  0.221935E+00
 0.255699E+00  0.849581E+00  0.216033E+00
 0.256307E+00  0.735050E+00  0.229152E+00
 0.256915E+00  0.552479E+00  0.221481E+00
 0.257523E+00  0.768091E+00  0.221251E+00
 0.258131E+00  0.811126E+00  0.222636E+00
 0.258739E+00  0.807913E+00  0.236647E+00
 0.259347E+00  0.962786E+00  0.225505E+00
 0.259955E+00  0.923866E+00  0.216099E+00
 0.260563E+00  0.636278E+00  0.208803E+00
 0.261171E+00  0.688618E+00  0.297681E+00
 0.261779E+00  0.514210E+00  0.149823E+00
 0.262995E+00  0.504824E+00  0.259227E+00
 0.263603E+00  0.552584E+00  0.245247E+00
 0.264211E+00  0.679153E+00  0.242329E+00
 0.264819E+00  0.533410E+00  0.212350E+00
 0.265427E+00  0.446167E+00  0.216415E+00
 0.266035E+00  0.923851E+00  0.212332E+00
 0.266643E+00  0.770610E+00  0.708706E+00
 0.267251E+00  0.108047E+01  0.166981E+01
 0.267859E+00  0.825846E+00  0.967387E+00
 0.268467E+00  0.843111E+00  0.162468E+01
 0.269075E+00  0.944119E+00  0.692423E+00
 0.269683E+00  0.935619E+00  0.206320E+00
 0.270291E+00  0.872384E+00  0.207605E+00
 0.270899E+00  0.119117E+01  0.204402E+00
 0.271507E+00  0.939846E+00  0.205485E+00
 0.272115E+00  0.100923E+01  0.204507E+00
 0.272723E+00  0.118074E+01  0.207220E+00
 0.273331E+00  0.784122E+00  0.210366E+00
 0.273939E+00  0.113899E+01  0.204977E+00
 0.274547E+00  0.725451E+00  0.207164E+00
 0.275155E+00  0.581598E+00  0.203684E+00
 0.275763E+00  0.442620E+00  0.206977E+00
 0.276371E+00  0.722828E+00  0.206549E+00
 0.276979E+00  0.584826E+00  0.212829E+00
 0.277587E+00  0.566036E+00  0.205006E+00
 0.278195E+00  0.949115E+00  0.211395E+00
 0.278803E+00  0.470051E+00  0.207322E+00
 0.279411E+00  0.850214E+00  0.208497E+00
 0.280019E+00  0.845213E+00  0.198449E+00
 0.280626E+00  0.962524E+00  0.210185E+00
 0.281234E+00  0.707449E+00  0.202250E+00
 0.281842E+00  0.586378E+00  0.217856E+00
 0.282450E+00  0.393681E+00  0.227547E+00
 0.283058E+00  0.415150E+00  0.226007E+00
 0.283666E+00  0.641562E+00  0.204957E+00
 0.284274E+00  0.362598E+00  0.207519E+00
 0.284882E+00  0.462989E+00  0.206419E+00
 0.285490E+00  0.571065E+00  0.202254E+00
 0.286098E+00  0.402776E+00  0.194858E+00
 0.286706E+00  0.842425E+00  0.192377E+00
 0.287314E+00  0.798511E+00  0.203131E+00
 0.287922E+00  0.909707E+00  0.215077E+00
 0.288530E+00  0.727934E+00  0.223117E+00
 0.289138E+00  0.918147E+00  0.268457E+00
 0.289746E+00  0.510685E+00  0.252279E+00
 0.290354E+00  0.971077E+00  0.205283E+00
 0.290962E+00  0.681090E+00  0.198131E+00
 0.291570E+00  0.586977E+00  0.197590E+00
 0.292178E+00  0.284931E+00  0.194341E+00
 0.292786E+00  0.421633E+00  0.192462E+00
 0.293394E+00  0.322931E+00  0.195180E+00
 0.294002E+00  0.264271E+00  0.701971E+01
 0.294610E+00  0.320323E+00  0.423809E+00
 0.296433E+00  0.530975E+00  0.102521E+01
 0.297649E+00  0.544582E+00  0.647904E+00
 0.298257E+00  0.592763E+00  0.263685E+00
 0.298865E+00  0.699893E+00  0.194557E+00
 0.299473E+00  0.417746E+00  0.187786E+00
 0.300081E+00  0.404413E+00  0.264089E+00
 0.300689E+00  0.523991E+00  0.127900E+00
 0.301905E+00  0.360983E+00  0.207403E+00
 0.302513E+00  0.434341E+00  0.194030E+00
 0.303121E+00  0.591591E+00  0.204552E+00
 0.303729E+00  0.382605E+00  0.214297E+00
 0.304337E+00  0.372720E+00  0.228110E+00
 0.304945E+00  0.280322E+00  0.214732E+00
 0.305553E+00  0.207926E+00  0.209486E+00
 0.306160E+00  0.127178E+00  0.218270E+00
 0.306768E+00  0.209504E+00  0.210119E+00
 0.307376E+00  0.482392E+00  0.216360E+00
 0.307984E+00  0.575667E+00  0.343880E+00
 0.308592E+00  0.432426E+00  0.722455E+00
 0.309200E+00  0.533051E+00  0.337461E+00
 0.309808E+00  0.284249E+00  0.180047E+00
 0.310416E+00  0.287780E+00  0.180612E+00
 0.311024E+00  0.424272E+00  0.193672E+00
 0.311632E+00  0.426997E+00  0.202270E+00
 0.312240E+00  0.280228E+00  0.201040E+00
 0.312848E+00  0.223402E+00  0.211314E+00
 0.313456E+00  0.127307E+00  0.218778E+00
 0.314064E+00  0.724527E-01  0.319410E+00
 0.314671E+00  0.195349E+00  0.233502E+00
 0.315887E+00  0.249699E+00  0.506443E+00
 0.316495E+00  0.545306E+00  0.612523E+00
 0.317103E+00  0.475769E+00  0.121195E+01
