
           ####    G N O M   ---   Version 4.5a revised 09/02/02     ####

                                                  Mon Mar 16 17:25:54 2009
           ===    Run No   1   ===
 Run title:   Merge of: P4P6_1_6.002 P4P6_1_60.00


   *******    Input file(s) : P4P6_1_merged.dat
           Condition P(rmin) = 0 is used. 
           Condition P(rmax) = 0 is used. 

          Highest ALPHA is found to be   0.2993E+04

  The measure of inconsistency AN1 equals to    0.5996E+00
     Alpha    Discrp  Oscill  Stabil  Sysdev  Positv  Valcen    Total   
  0.2993E+07 79.9178  1.7541  0.9793  0.0000  1.0000  0.7246  0.16196
  0.5987E+06 77.1368  1.7390  0.9396  0.0000  1.0000  0.7269  0.16638
  0.1197E+06 66.9432  1.6735  0.7981  0.0441  1.0000  0.7370  0.18716
  0.2395E+05 47.4549  1.4950  0.5700  0.1002  1.0000  0.7690  0.25395
  0.4789E+04 26.8013  1.3507  0.3844  0.0040  1.0000  0.8159  0.31719
  0.9579E+03 10.0849  1.3403  0.1578  0.1082  1.0000  0.8469  0.38053
  0.1916E+03  2.7886  1.3887  0.0472  0.2405  1.0000  0.8574  0.54176
  0.3831E+02  0.7201  1.4241  0.0142  0.5130  1.0000  0.8595  0.64671
  0.7663E+01  0.3680  1.4350  0.0033  0.6333  1.0000  0.8599  0.58814
  0.1533E+01  0.3418  1.4379  0.0020  0.6172  1.0000  0.8601  0.58287
  0.3065E+00  0.3389  1.4399  0.0013  0.6333  1.0000  0.8602  0.58187
  0.6130E-01  0.3386  1.4411  0.0011  0.6413  1.0000  0.8602  0.58144
  0.1226E-01  0.3386  1.4423  0.0026  0.6413  1.0000  0.8601  0.58087
  0.2452E-02  0.3385  1.4560  0.0096  0.6413  1.0000  0.8600  0.57456
  0.4904E-03  0.3382  1.6653  0.0378  0.6333  1.0000  0.8596  0.47938
  0.9809E-04  0.3372  3.6190  0.1826  0.6333  0.9977  0.8570  0.17306
  0.1962E-04  0.3338 10.9589  0.5504  0.6493  0.9531  0.6891  0.09107
  0.3923E-05  0.3266 15.7521  0.4733  0.6413  0.8464  0.3726  0.00000

          ***  Golden section search to maximize estimate ***
     Alpha    Discrp  Oscill  Stabil  Sysdev  Positv  Valcen    Total   
  0.7085E+02  1.1807  1.4144  0.0234  0.4329  1.0000  0.8591  0.56733
  0.3030E+02  0.6113  1.4268  0.0116  0.5371  1.0000  0.8596  0.64043
  0.4846E+02  0.8624  1.4209  0.0173  0.4890  1.0000  0.8594  0.62526
  0.3503E+02  0.6750  1.4252  0.0132  0.5371  1.0000  0.8596  0.64666
  0.4191E+02  0.7702  1.4230  0.0154  0.4970  1.0000  0.8595  0.64244
  0.3702E+02  0.7023  1.4246  0.0138  0.5210  1.0000  0.8595  0.64715
  0.3625E+02  0.6917  1.4248  0.0136  0.5291  1.0000  0.8595  0.64712
  0.3751E+02  0.7091  1.4244  0.0140  0.5130  1.0000  0.8595  0.64705
  0.3673E+02  0.6982  1.4247  0.0137  0.5291  1.0000  0.8595  0.64716
  0.3654E+02  0.6957  1.4247  0.0137  0.5291  1.0000  0.8595  0.64716
  0.3684E+02  0.6998  1.4246  0.0138  0.5291  1.0000  0.8595  0.64716
  0.3673E+02  0.6982  1.4247  0.0137  0.5291  1.0000  0.8595  0.64716



             ####            Final results            ####

 Parameter    DISCRP    OSCILL    STABIL    SYSDEV    POSITV    VALCEN
 Weight        1.000     3.000     3.000     3.000     1.000     1.000
 Sigma         0.300     0.600     0.120     0.120     0.120     0.120
 Ideal         0.700     1.100     0.000     1.000     1.000     0.950
 Current       0.698     1.425     0.014     0.529     1.000     0.860
                - - - - - - - - - - - - - - - - - - - - - - - - - 
 Estimate      1.000     0.746     0.987     0.000     1.000     0.567

  Angular   range    :     from    0.0137   to    0.3171
  Real space range   :     from      0.00   to    108.00

  Highest ALPHA (theor) :   0.299E+07                 JOB = 0
  Current ALPHA         :   0.367E+02   Rg :  0.314E+02   I(0) :   0.388E+03

           Total  estimate : 0.647  which is  A REASONABLE  solution

      S          J EXP       ERROR       J REG       I REG

  0.1368E-01  0.3324E+03  0.2371E+02  0.3651E+03  0.3651E+03
  0.1429E-01  0.3422E+03  0.1079E+02  0.3631E+03  0.3631E+03
  0.1490E-01  0.3502E+03  0.7691E+01  0.3610E+03  0.3610E+03
  0.1551E-01  0.3641E+03  0.8434E+01  0.3588E+03  0.3588E+03
  0.1612E-01  0.3631E+03  0.1123E+02  0.3566E+03  0.3566E+03
  0.1672E-01  0.3576E+03  0.7071E+01  0.3543E+03  0.3543E+03
  0.1733E-01  0.3616E+03  0.5823E+01  0.3519E+03  0.3519E+03
  0.1794E-01  0.3560E+03  0.6696E+01  0.3495E+03  0.3495E+03
  0.1855E-01  0.3378E+03  0.6416E+01  0.3470E+03  0.3470E+03
  0.1916E-01  0.3384E+03  0.4878E+01  0.3444E+03  0.3444E+03
  0.1976E-01  0.3401E+03  0.5232E+01  0.3418E+03  0.3418E+03
  0.2037E-01  0.3344E+03  0.4854E+01  0.3391E+03  0.3391E+03
  0.2098E-01  0.3362E+03  0.3813E+01  0.3364E+03  0.3364E+03
  0.2159E-01  0.3337E+03  0.4994E+01  0.3336E+03  0.3336E+03
  0.2220E-01  0.3295E+03  0.3325E+01  0.3307E+03  0.3307E+03
  0.2281E-01  0.3248E+03  0.3314E+01  0.3278E+03  0.3278E+03
  0.2341E-01  0.3220E+03  0.3412E+01  0.3249E+03  0.3249E+03
  0.2402E-01  0.3212E+03  0.3161E+01  0.3219E+03  0.3219E+03
  0.2463E-01  0.3188E+03  0.3477E+01  0.3189E+03  0.3189E+03
  0.2524E-01  0.3157E+03  0.3710E+01  0.3158E+03  0.3158E+03
  0.2585E-01  0.3132E+03  0.3674E+01  0.3127E+03  0.3127E+03
  0.2645E-01  0.3105E+03  0.3387E+01  0.3096E+03  0.3096E+03
  0.2706E-01  0.3088E+03  0.3398E+01  0.3064E+03  0.3064E+03
  0.2767E-01  0.3042E+03  0.2841E+01  0.3032E+03  0.3032E+03
  0.2828E-01  0.3008E+03  0.2707E+01  0.3000E+03  0.3000E+03
  0.2889E-01  0.2962E+03  0.2888E+01  0.2968E+03  0.2968E+03
  0.2949E-01  0.2939E+03  0.2983E+01  0.2935E+03  0.2935E+03
  0.3010E-01  0.2888E+03  0.2919E+01  0.2902E+03  0.2902E+03
  0.3071E-01  0.2857E+03  0.3548E+01  0.2869E+03  0.2869E+03
  0.3132E-01  0.2858E+03  0.3746E+01  0.2835E+03  0.2835E+03
  0.3193E-01  0.2795E+03  0.3203E+01  0.2801E+03  0.2801E+03
  0.3254E-01  0.2773E+03  0.2911E+01  0.2768E+03  0.2768E+03
  0.3314E-01  0.2738E+03  0.2840E+01  0.2734E+03  0.2734E+03
  0.3375E-01  0.2708E+03  0.2876E+01  0.2700E+03  0.2700E+03
  0.3436E-01  0.2687E+03  0.3240E+01  0.2666E+03  0.2666E+03
  0.3497E-01  0.2673E+03  0.3157E+01  0.2632E+03  0.2632E+03
  0.3558E-01  0.2639E+03  0.2972E+01  0.2598E+03  0.2598E+03
  0.3618E-01  0.2612E+03  0.2788E+01  0.2564E+03  0.2564E+03
  0.3679E-01  0.2562E+03  0.2749E+01  0.2529E+03  0.2529E+03
  0.3740E-01  0.2533E+03  0.2662E+01  0.2495E+03  0.2495E+03
  0.3801E-01  0.2500E+03  0.2458E+01  0.2461E+03  0.2461E+03
  0.3862E-01  0.2493E+03  0.2595E+01  0.2427E+03  0.2427E+03
  0.3922E-01  0.2406E+03  0.2883E+01  0.2393E+03  0.2393E+03
  0.3983E-01  0.2378E+03  0.1661E+01  0.2359E+03  0.2359E+03
  0.4044E-01  0.2347E+03  0.1358E+01  0.2325E+03  0.2325E+03
  0.4105E-01  0.2308E+03  0.1427E+01  0.2292E+03  0.2292E+03
  0.4166E-01  0.2260E+03  0.1445E+01  0.2258E+03  0.2258E+03
  0.4227E-01  0.2248E+03  0.1424E+01  0.2225E+03  0.2225E+03
  0.4287E-01  0.2215E+03  0.1448E+01  0.2191E+03  0.2191E+03
  0.4348E-01  0.2184E+03  0.1438E+01  0.2158E+03  0.2158E+03
  0.4409E-01  0.2161E+03  0.1453E+01  0.2125E+03  0.2125E+03
  0.4470E-01  0.2121E+03  0.1500E+01  0.2093E+03  0.2093E+03
  0.4531E-01  0.2082E+03  0.1335E+01  0.2060E+03  0.2060E+03
  0.4591E-01  0.2062E+03  0.1302E+01  0.2028E+03  0.2028E+03
  0.4652E-01  0.2016E+03  0.1370E+01  0.1996E+03  0.1996E+03
  0.4713E-01  0.1991E+03  0.1329E+01  0.1964E+03  0.1964E+03
  0.4774E-01  0.1964E+03  0.1276E+01  0.1932E+03  0.1932E+03
  0.4835E-01  0.1931E+03  0.1222E+01  0.1901E+03  0.1901E+03
  0.4895E-01  0.1886E+03  0.1248E+01  0.1870E+03  0.1870E+03
  0.4956E-01  0.1855E+03  0.1175E+01  0.1840E+03  0.1840E+03
  0.5017E-01  0.1825E+03  0.1215E+01  0.1809E+03  0.1809E+03
  0.5078E-01  0.1794E+03  0.1167E+01  0.1779E+03  0.1779E+03
  0.5139E-01  0.1773E+03  0.1255E+01  0.1749E+03  0.1749E+03
  0.5200E-01  0.1747E+03  0.1161E+01  0.1720E+03  0.1720E+03
  0.5260E-01  0.1710E+03  0.1188E+01  0.1691E+03  0.1691E+03
  0.5321E-01  0.1673E+03  0.1168E+01  0.1662E+03  0.1662E+03
  0.5382E-01  0.1645E+03  0.1202E+01  0.1633E+03  0.1633E+03
  0.5443E-01  0.1609E+03  0.1198E+01  0.1605E+03  0.1605E+03
  0.5504E-01  0.1580E+03  0.1254E+01  0.1577E+03  0.1577E+03
  0.5564E-01  0.1555E+03  0.1311E+01  0.1550E+03  0.1550E+03
  0.5625E-01  0.1534E+03  0.1470E+01  0.1523E+03  0.1523E+03
  0.5686E-01  0.1506E+03  0.1522E+01  0.1496E+03  0.1496E+03
  0.5747E-01  0.1479E+03  0.1735E+01  0.1470E+03  0.1470E+03
  0.5808E-01  0.1456E+03  0.1674E+01  0.1444E+03  0.1444E+03
  0.5868E-01  0.1430E+03  0.1333E+01  0.1418E+03  0.1418E+03
  0.5929E-01  0.1407E+03  0.1590E+01  0.1393E+03  0.1393E+03
  0.5990E-01  0.1382E+03  0.1386E+01  0.1368E+03  0.1368E+03
  0.6051E-01  0.1356E+03  0.1557E+01  0.1343E+03  0.1343E+03
  0.6112E-01  0.1327E+03  0.1192E+01  0.1319E+03  0.1319E+03
  0.6173E-01  0.1310E+03  0.9913E+00  0.1295E+03  0.1295E+03
  0.6233E-01  0.1287E+03  0.9193E+00  0.1271E+03  0.1271E+03
  0.6294E-01  0.1267E+03  0.9209E+00  0.1248E+03  0.1248E+03
  0.6355E-01  0.1244E+03  0.8525E+00  0.1226E+03  0.1226E+03
  0.6416E-01  0.1219E+03  0.9018E+00  0.1203E+03  0.1203E+03
  0.6477E-01  0.1192E+03  0.8551E+00  0.1181E+03  0.1181E+03
  0.6537E-01  0.1172E+03  0.8585E+00  0.1159E+03  0.1159E+03
  0.6598E-01  0.1154E+03  0.8161E+00  0.1138E+03  0.1138E+03
  0.6659E-01  0.1132E+03  0.8252E+00  0.1117E+03  0.1117E+03
  0.6720E-01  0.1115E+03  0.8030E+00  0.1096E+03  0.1096E+03
  0.6781E-01  0.1091E+03  0.7346E+00  0.1076E+03  0.1076E+03
  0.6841E-01  0.1074E+03  0.7489E+00  0.1056E+03  0.1056E+03
  0.6902E-01  0.1045E+03  0.7579E+00  0.1037E+03  0.1037E+03
  0.6963E-01  0.1032E+03  0.7286E+00  0.1017E+03  0.1017E+03
  0.7024E-01  0.1014E+03  0.7761E+00  0.9983E+02  0.9983E+02
  0.7085E-01  0.9892E+02  0.7340E+00  0.9797E+02  0.9797E+02
  0.7146E-01  0.9753E+02  0.6538E+00  0.9614E+02  0.9614E+02
  0.7206E-01  0.9527E+02  0.6904E+00  0.9435E+02  0.9435E+02
  0.7267E-01  0.9350E+02  0.6424E+00  0.9258E+02  0.9258E+02
  0.7328E-01  0.9161E+02  0.6554E+00  0.9085E+02  0.9085E+02
  0.7389E-01  0.8963E+02  0.6352E+00  0.8915E+02  0.8915E+02
  0.7450E-01  0.8781E+02  0.6236E+00  0.8748E+02  0.8748E+02
  0.7510E-01  0.8632E+02  0.5955E+00  0.8584E+02  0.8584E+02
  0.7571E-01  0.8465E+02  0.6054E+00  0.8423E+02  0.8423E+02
  0.7632E-01  0.8358E+02  0.6088E+00  0.8265E+02  0.8265E+02
  0.7693E-01  0.8160E+02  0.6225E+00  0.8109E+02  0.8109E+02
  0.7754E-01  0.8036E+02  0.6229E+00  0.7957E+02  0.7957E+02
  0.7814E-01  0.7855E+02  0.5578E+00  0.7807E+02  0.7807E+02
  0.7875E-01  0.7711E+02  0.5969E+00  0.7661E+02  0.7661E+02
  0.7936E-01  0.7552E+02  0.5472E+00  0.7516E+02  0.7516E+02
  0.7997E-01  0.7413E+02  0.5165E+00  0.7375E+02  0.7375E+02
  0.8058E-01  0.7296E+02  0.5172E+00  0.7236E+02  0.7236E+02
  0.8119E-01  0.7137E+02  0.5262E+00  0.7100E+02  0.7100E+02
  0.8179E-01  0.7034E+02  0.4881E+00  0.6966E+02  0.6966E+02
  0.8240E-01  0.6912E+02  0.5117E+00  0.6835E+02  0.6835E+02
  0.8301E-01  0.6743E+02  0.4903E+00  0.6706E+02  0.6706E+02
  0.8362E-01  0.6607E+02  0.4596E+00  0.6579E+02  0.6579E+02
  0.8423E-01  0.6476E+02  0.4628E+00  0.6455E+02  0.6455E+02
  0.8483E-01  0.6311E+02  0.4847E+00  0.6333E+02  0.6333E+02
  0.8544E-01  0.6214E+02  0.4303E+00  0.6213E+02  0.6213E+02
  0.8605E-01  0.6103E+02  0.4299E+00  0.6096E+02  0.6096E+02
  0.8666E-01  0.5990E+02  0.4590E+00  0.5981E+02  0.5981E+02
  0.8727E-01  0.5888E+02  0.4385E+00  0.5868E+02  0.5868E+02
  0.8787E-01  0.5814E+02  0.4281E+00  0.5757E+02  0.5757E+02
  0.8848E-01  0.5640E+02  0.4191E+00  0.5648E+02  0.5648E+02
  0.8909E-01  0.5596E+02  0.4119E+00  0.5541E+02  0.5541E+02
  0.8970E-01  0.5461E+02  0.3962E+00  0.5436E+02  0.5436E+02
  0.9031E-01  0.5371E+02  0.4178E+00  0.5333E+02  0.5333E+02
  0.9091E-01  0.5239E+02  0.3775E+00  0.5232E+02  0.5232E+02
  0.9152E-01  0.5140E+02  0.3787E+00  0.5132E+02  0.5132E+02
  0.9213E-01  0.5020E+02  0.3515E+00  0.5035E+02  0.5035E+02
  0.9274E-01  0.4987E+02  0.3601E+00  0.4939E+02  0.4939E+02
  0.9335E-01  0.4874E+02  0.3409E+00  0.4845E+02  0.4845E+02
  0.9396E-01  0.4800E+02  0.3835E+00  0.4753E+02  0.4753E+02
  0.9456E-01  0.4735E+02  0.3414E+00  0.4663E+02  0.4663E+02
  0.9517E-01  0.4639E+02  0.3387E+00  0.4574E+02  0.4574E+02
  0.9578E-01  0.4512E+02  0.3517E+00  0.4487E+02  0.4487E+02
  0.9639E-01  0.4401E+02  0.3475E+00  0.4402E+02  0.4402E+02
  0.9700E-01  0.4342E+02  0.3313E+00  0.4318E+02  0.4318E+02
  0.9760E-01  0.4235E+02  0.3360E+00  0.4236E+02  0.4236E+02
  0.9821E-01  0.4184E+02  0.3211E+00  0.4155E+02  0.4155E+02
  0.9882E-01  0.4060E+02  0.3034E+00  0.4076E+02  0.4076E+02
  0.9943E-01  0.3982E+02  0.2960E+00  0.3998E+02  0.3998E+02
  0.1000E+00  0.3877E+02  0.2942E+00  0.3922E+02  0.3922E+02
  0.1006E+00  0.3810E+02  0.3006E+00  0.3847E+02  0.3847E+02
  0.1013E+00  0.3744E+02  0.2969E+00  0.3774E+02  0.3774E+02
  0.1019E+00  0.3705E+02  0.2773E+00  0.3702E+02  0.3702E+02
  0.1025E+00  0.3632E+02  0.2780E+00  0.3631E+02  0.3631E+02
  0.1031E+00  0.3542E+02  0.2750E+00  0.3562E+02  0.3562E+02
  0.1037E+00  0.3467E+02  0.2741E+00  0.3494E+02  0.3494E+02
  0.1043E+00  0.3408E+02  0.2892E+00  0.3427E+02  0.3427E+02
  0.1049E+00  0.3320E+02  0.2796E+00  0.3362E+02  0.3362E+02
  0.1055E+00  0.3272E+02  0.2654E+00  0.3298E+02  0.3298E+02
  0.1061E+00  0.3224E+02  0.2708E+00  0.3235E+02  0.3235E+02
  0.1067E+00  0.3169E+02  0.2406E+00  0.3174E+02  0.3174E+02
  0.1073E+00  0.3128E+02  0.2527E+00  0.3114E+02  0.3114E+02
  0.1079E+00  0.3067E+02  0.2596E+00  0.3055E+02  0.3055E+02
  0.1086E+00  0.2999E+02  0.2334E+00  0.2997E+02  0.2997E+02
  0.1092E+00  0.2944E+02  0.2317E+00  0.2940E+02  0.2940E+02
  0.1098E+00  0.2892E+02  0.2617E+00  0.2884E+02  0.2884E+02
  0.1104E+00  0.2820E+02  0.2696E+00  0.2830E+02  0.2830E+02
  0.1110E+00  0.2778E+02  0.2399E+00  0.2777E+02  0.2777E+02
  0.1116E+00  0.2710E+02  0.2295E+00  0.2725E+02  0.2725E+02
  0.1122E+00  0.2650E+02  0.2335E+00  0.2674E+02  0.2674E+02
  0.1128E+00  0.2581E+02  0.2160E+00  0.2624E+02  0.2624E+02
  0.1134E+00  0.2565E+02  0.2148E+00  0.2575E+02  0.2575E+02
  0.1140E+00  0.2506E+02  0.2199E+00  0.2527E+02  0.2527E+02
  0.1146E+00  0.2476E+02  0.2173E+00  0.2480E+02  0.2480E+02
  0.1152E+00  0.2425E+02  0.2269E+00  0.2434E+02  0.2434E+02
  0.1158E+00  0.2371E+02  0.2022E+00  0.2389E+02  0.2389E+02
  0.1165E+00  0.2308E+02  0.2072E+00  0.2345E+02  0.2345E+02
  0.1171E+00  0.2265E+02  0.2012E+00  0.2302E+02  0.2302E+02
  0.1177E+00  0.2241E+02  0.2066E+00  0.2260E+02  0.2260E+02
  0.1183E+00  0.2207E+02  0.1882E+00  0.2219E+02  0.2219E+02
  0.1189E+00  0.2161E+02  0.2095E+00  0.2179E+02  0.2179E+02
  0.1195E+00  0.2132E+02  0.1915E+00  0.2140E+02  0.2140E+02
  0.1201E+00  0.2097E+02  0.1848E+00  0.2102E+02  0.2102E+02
  0.1207E+00  0.2053E+02  0.1870E+00  0.2064E+02  0.2064E+02
  0.1213E+00  0.2010E+02  0.1964E+00  0.2027E+02  0.2027E+02
  0.1219E+00  0.1982E+02  0.1950E+00  0.1992E+02  0.1992E+02
  0.1225E+00  0.1964E+02  0.2066E+00  0.1957E+02  0.1957E+02
  0.1231E+00  0.1927E+02  0.2125E+00  0.1923E+02  0.1923E+02
  0.1238E+00  0.1898E+02  0.2291E+00  0.1889E+02  0.1889E+02
  0.1244E+00  0.1859E+02  0.2575E+00  0.1857E+02  0.1857E+02
  0.1250E+00  0.1829E+02  0.1969E+00  0.1825E+02  0.1825E+02
  0.1256E+00  0.1793E+02  0.1655E+00  0.1794E+02  0.1794E+02
  0.1262E+00  0.1760E+02  0.1865E+00  0.1763E+02  0.1763E+02
  0.1268E+00  0.1744E+02  0.2345E+00  0.1734E+02  0.1734E+02
  0.1274E+00  0.1718E+02  0.1849E+00  0.1705E+02  0.1705E+02
  0.1280E+00  0.1699E+02  0.1767E+00  0.1677E+02  0.1677E+02
  0.1286E+00  0.1653E+02  0.1708E+00  0.1649E+02  0.1649E+02
  0.1292E+00  0.1633E+02  0.1873E+00  0.1622E+02  0.1622E+02
  0.1298E+00  0.1622E+02  0.1797E+00  0.1596E+02  0.1596E+02
  0.1304E+00  0.1571E+02  0.1729E+00  0.1570E+02  0.1570E+02
  0.1310E+00  0.1545E+02  0.1747E+00  0.1545E+02  0.1545E+02
  0.1317E+00  0.1520E+02  0.1641E+00  0.1521E+02  0.1521E+02
  0.1323E+00  0.1485E+02  0.1646E+00  0.1497E+02  0.1497E+02
  0.1329E+00  0.1491E+02  0.1646E+00  0.1474E+02  0.1474E+02
  0.1335E+00  0.1441E+02  0.1646E+00  0.1451E+02  0.1451E+02
  0.1341E+00  0.1430E+02  0.1618E+00  0.1429E+02  0.1429E+02
  0.1347E+00  0.1421E+02  0.1689E+00  0.1407E+02  0.1407E+02
  0.1353E+00  0.1388E+02  0.1689E+00  0.1386E+02  0.1386E+02
  0.1359E+00  0.1372E+02  0.1586E+00  0.1365E+02  0.1365E+02
  0.1365E+00  0.1343E+02  0.1505E+00  0.1345E+02  0.1345E+02
  0.1371E+00  0.1314E+02  0.1563E+00  0.1325E+02  0.1325E+02
  0.1377E+00  0.1293E+02  0.1500E+00  0.1306E+02  0.1306E+02
  0.1383E+00  0.1286E+02  0.1512E+00  0.1287E+02  0.1287E+02
  0.1390E+00  0.1243E+02  0.3961E+00  0.1268E+02  0.1268E+02
  0.1396E+00  0.1231E+02  0.9175E+00  0.1250E+02  0.1250E+02
  0.1402E+00  0.1186E+02  0.5929E+00  0.1233E+02  0.1233E+02
  0.1408E+00  0.1175E+02  0.4263E+00  0.1216E+02  0.1216E+02
  0.1414E+00  0.1167E+02  0.3955E+00  0.1199E+02  0.1199E+02
  0.1420E+00  0.1185E+02  0.2036E+00  0.1182E+02  0.1182E+02
  0.1426E+00  0.1168E+02  0.1640E+00  0.1166E+02  0.1166E+02
  0.1432E+00  0.1149E+02  0.1524E+00  0.1150E+02  0.1150E+02
  0.1438E+00  0.1111E+02  0.1519E+00  0.1135E+02  0.1135E+02
  0.1444E+00  0.1112E+02  0.1573E+00  0.1120E+02  0.1120E+02
  0.1450E+00  0.1118E+02  0.1499E+00  0.1105E+02  0.1105E+02
  0.1456E+00  0.1100E+02  0.1424E+00  0.1090E+02  0.1090E+02
  0.1463E+00  0.1074E+02  0.1459E+00  0.1076E+02  0.1076E+02
  0.1469E+00  0.1051E+02  0.1439E+00  0.1062E+02  0.1062E+02
  0.1475E+00  0.1038E+02  0.1473E+00  0.1049E+02  0.1049E+02
  0.1481E+00  0.1026E+02  0.1441E+00  0.1035E+02  0.1035E+02
  0.1487E+00  0.1007E+02  0.1482E+00  0.1022E+02  0.1022E+02
  0.1493E+00  0.9920E+01  0.1588E+00  0.1009E+02  0.1009E+02
  0.1499E+00  0.9836E+01  0.1521E+00  0.9967E+01  0.9967E+01
  0.1505E+00  0.9791E+01  0.1677E+00  0.9843E+01  0.9843E+01
  0.1511E+00  0.9803E+01  0.5373E+00  0.9722E+01  0.9722E+01
  0.1517E+00  0.9539E+01  0.1157E+01  0.9603E+01  0.9603E+01
  0.1523E+00  0.9556E+01  0.4899E+00  0.9486E+01  0.9486E+01
  0.1529E+00  0.9410E+01  0.1696E+00  0.9371E+01  0.9371E+01
  0.1535E+00  0.9332E+01  0.1443E+00  0.9259E+01  0.9259E+01
  0.1542E+00  0.9128E+01  0.1467E+00  0.9149E+01  0.9149E+01
  0.1548E+00  0.8893E+01  0.1318E+00  0.9040E+01  0.9040E+01
  0.1554E+00  0.8983E+01  0.1311E+00  0.8934E+01  0.8934E+01
  0.1560E+00  0.8826E+01  0.1306E+00  0.8829E+01  0.8829E+01
  0.1566E+00  0.8881E+01  0.1361E+00  0.8727E+01  0.8727E+01
  0.1572E+00  0.8699E+01  0.1274E+00  0.8626E+01  0.8626E+01
  0.1578E+00  0.8516E+01  0.1264E+00  0.8527E+01  0.8527E+01
  0.1584E+00  0.8460E+01  0.1249E+00  0.8430E+01  0.8430E+01
  0.1590E+00  0.8207E+01  0.1287E+00  0.8335E+01  0.8335E+01
  0.1596E+00  0.8003E+01  0.1249E+00  0.8241E+01  0.8241E+01
  0.1602E+00  0.7979E+01  0.1302E+00  0.8149E+01  0.8149E+01
  0.1608E+00  0.7998E+01  0.1259E+00  0.8059E+01  0.8059E+01
  0.1615E+00  0.7891E+01  0.1279E+00  0.7970E+01  0.7970E+01
  0.1621E+00  0.7696E+01  0.1194E+00  0.7883E+01  0.7883E+01
  0.1627E+00  0.7585E+01  0.1185E+00  0.7798E+01  0.7798E+01
  0.1633E+00  0.7763E+01  0.1222E+00  0.7714E+01  0.7714E+01
  0.1639E+00  0.7590E+01  0.1279E+00  0.7631E+01  0.7631E+01
  0.1645E+00  0.7548E+01  0.1303E+00  0.7551E+01  0.7551E+01
  0.1651E+00  0.7399E+01  0.1302E+00  0.7471E+01  0.7471E+01
  0.1657E+00  0.7264E+01  0.1340E+00  0.7394E+01  0.7394E+01
  0.1663E+00  0.7111E+01  0.1327E+00  0.7317E+01  0.7317E+01
  0.1669E+00  0.7099E+01  0.1359E+00  0.7243E+01  0.7243E+01
  0.1675E+00  0.6999E+01  0.1388E+00  0.7169E+01  0.7169E+01
  0.1681E+00  0.6885E+01  0.1368E+00  0.7097E+01  0.7097E+01
  0.1688E+00  0.6837E+01  0.1558E+00  0.7027E+01  0.7027E+01
  0.1694E+00  0.6722E+01  0.1278E+00  0.6958E+01  0.6958E+01
  0.1700E+00  0.6698E+01  0.1229E+00  0.6890E+01  0.6890E+01
  0.1706E+00  0.6691E+01  0.1258E+00  0.6824E+01  0.6824E+01
  0.1712E+00  0.6824E+01  0.1612E+00  0.6759E+01  0.6759E+01
  0.1718E+00  0.6831E+01  0.2394E+00  0.6695E+01  0.6695E+01
  0.1724E+00  0.6856E+01  0.5091E+00  0.6633E+01  0.6633E+01
  0.1730E+00  0.6792E+01  0.2395E+00  0.6572E+01  0.6572E+01
  0.1736E+00  0.6714E+01  0.1273E+00  0.6512E+01  0.6512E+01
  0.1742E+00  0.6498E+01  0.1257E+00  0.6454E+01  0.6454E+01
  0.1748E+00  0.6515E+01  0.1265E+00  0.6397E+01  0.6397E+01
  0.1754E+00  0.6438E+01  0.1227E+00  0.6341E+01  0.6341E+01
  0.1760E+00  0.6212E+01  0.1166E+00  0.6286E+01  0.6286E+01
  0.1767E+00  0.6298E+01  0.1132E+00  0.6233E+01  0.6233E+01
  0.1773E+00  0.6198E+01  0.1329E+00  0.6180E+01  0.6180E+01
  0.1779E+00  0.6143E+01  0.1289E+00  0.6129E+01  0.6129E+01
  0.1785E+00  0.5910E+01  0.1285E+00  0.6079E+01  0.6079E+01
  0.1791E+00  0.6029E+01  0.1161E+00  0.6030E+01  0.6030E+01
  0.1797E+00  0.6026E+01  0.1753E+00  0.5982E+01  0.5982E+01
  0.1803E+00  0.5966E+01  0.3387E+00  0.5936E+01  0.5936E+01
  0.1809E+00  0.5960E+01  0.2827E+00  0.5890E+01  0.5890E+01
  0.1815E+00  0.5924E+01  0.1805E+00  0.5845E+01  0.5845E+01
  0.1821E+00  0.5882E+01  0.1483E+00  0.5801E+01  0.5801E+01
  0.1827E+00  0.5948E+01  0.1619E+00  0.5759E+01  0.5759E+01
  0.1833E+00  0.5735E+01  0.1661E+00  0.5717E+01  0.5717E+01
  0.1840E+00  0.5702E+01  0.1303E+00  0.5676E+01  0.5676E+01
  0.1846E+00  0.5776E+01  0.1264E+00  0.5636E+01  0.5636E+01
  0.1852E+00  0.5592E+01  0.1220E+00  0.5597E+01  0.5597E+01
  0.1858E+00  0.5709E+01  0.1363E+00  0.5558E+01  0.5558E+01
  0.1864E+00  0.5469E+01  0.1261E+00  0.5520E+01  0.5520E+01
  0.1870E+00  0.5512E+01  0.1185E+00  0.5483E+01  0.5483E+01
  0.1876E+00  0.5421E+01  0.1259E+00  0.5447E+01  0.5447E+01
  0.1882E+00  0.5347E+01  0.1458E+00  0.5412E+01  0.5412E+01
  0.1888E+00  0.5364E+01  0.2400E+00  0.5377E+01  0.5377E+01
  0.1894E+00  0.5461E+01  0.2612E+00  0.5342E+01  0.5342E+01
  0.1900E+00  0.5461E+01  0.5460E+00  0.5309E+01  0.5309E+01
  0.1906E+00  0.5258E+01  0.2945E+00  0.5275E+01  0.5275E+01
  0.1912E+00  0.5237E+01  0.1373E+00  0.5243E+01  0.5243E+01
  0.1919E+00  0.5092E+01  0.1533E+00  0.5210E+01  0.5210E+01
  0.1925E+00  0.5046E+01  0.1211E+00  0.5178E+01  0.5178E+01
  0.1931E+00  0.5172E+01  0.1115E+00  0.5147E+01  0.5147E+01
  0.1937E+00  0.5304E+01  0.1149E+00  0.5116E+01  0.5116E+01
  0.1943E+00  0.5148E+01  0.1165E+00  0.5085E+01  0.5085E+01
  0.1949E+00  0.5063E+01  0.1204E+00  0.5054E+01  0.5054E+01
  0.1955E+00  0.4933E+01  0.1552E+00  0.5024E+01  0.5024E+01
  0.1961E+00  0.4866E+01  0.2762E+00  0.4994E+01  0.4994E+01
  0.1967E+00  0.4887E+01  0.2108E+00  0.4964E+01  0.4964E+01
  0.1973E+00  0.4937E+01  0.2413E+00  0.4935E+01  0.4935E+01
  0.1979E+00  0.4921E+01  0.1840E+00  0.4905E+01  0.4905E+01
  0.1985E+00  0.4934E+01  0.1342E+00  0.4876E+01  0.4876E+01
  0.1992E+00  0.4812E+01  0.1728E+00  0.4846E+01  0.4846E+01
  0.1998E+00  0.4898E+01  0.1321E+00  0.4817E+01  0.4817E+01
  0.2004E+00  0.4956E+01  0.1458E+00  0.4788E+01  0.4788E+01
  0.2010E+00  0.4894E+01  0.1125E+00  0.4758E+01  0.4758E+01
  0.2016E+00  0.4968E+01  0.1078E+00  0.4729E+01  0.4729E+01
  0.2022E+00  0.4942E+01  0.1097E+00  0.4700E+01  0.4700E+01
  0.2028E+00  0.4839E+01  0.1161E+00  0.4670E+01  0.4670E+01
  0.2034E+00  0.4749E+01  0.1353E+00  0.4641E+01  0.4641E+01
  0.2040E+00  0.4558E+01  0.1679E+00  0.4611E+01  0.4611E+01
  0.2046E+00  0.4616E+01  0.1288E+00  0.4581E+01  0.4581E+01
  0.2052E+00  0.4483E+01  0.1247E+00  0.4551E+01  0.4551E+01
  0.2058E+00  0.4504E+01  0.1142E+00  0.4521E+01  0.4521E+01
  0.2065E+00  0.4413E+01  0.1086E+00  0.4491E+01  0.4491E+01
  0.2071E+00  0.4282E+01  0.1101E+00  0.4460E+01  0.4460E+01
  0.2077E+00  0.4364E+01  0.1088E+00  0.4429E+01  0.4429E+01
  0.2083E+00  0.4373E+01  0.1076E+00  0.4399E+01  0.4399E+01
  0.2089E+00  0.4259E+01  0.1227E+00  0.4367E+01  0.4367E+01
  0.2095E+00  0.4275E+01  0.1937E+00  0.4336E+01  0.4336E+01
  0.2101E+00  0.4179E+01  0.1307E+00  0.4304E+01  0.4304E+01
  0.2107E+00  0.4217E+01  0.1096E+00  0.4272E+01  0.4272E+01
  0.2113E+00  0.4214E+01  0.1074E+00  0.4240E+01  0.4240E+01
  0.2119E+00  0.4342E+01  0.1095E+00  0.4208E+01  0.4208E+01
  0.2125E+00  0.4245E+01  0.1070E+00  0.4175E+01  0.4175E+01
  0.2131E+00  0.4119E+01  0.1130E+00  0.4142E+01  0.4142E+01
  0.2137E+00  0.4065E+01  0.1050E+00  0.4109E+01  0.4109E+01
  0.2144E+00  0.4098E+01  0.1076E+00  0.4076E+01  0.4076E+01
  0.2150E+00  0.4005E+01  0.1050E+00  0.4042E+01  0.4042E+01
  0.2156E+00  0.3931E+01  0.1106E+00  0.4009E+01  0.4009E+01
  0.2162E+00  0.3907E+01  0.1110E+00  0.3975E+01  0.3975E+01
  0.2168E+00  0.3992E+01  0.1035E+00  0.3940E+01  0.3940E+01
  0.2174E+00  0.3855E+01  0.1061E+00  0.3906E+01  0.3906E+01
  0.2180E+00  0.3973E+01  0.1040E+00  0.3871E+01  0.3871E+01
  0.2186E+00  0.3834E+01  0.1115E+00  0.3837E+01  0.3837E+01
  0.2192E+00  0.3868E+01  0.1133E+00  0.3801E+01  0.3801E+01
  0.2198E+00  0.3910E+01  0.1374E+00  0.3766E+01  0.3766E+01
  0.2204E+00  0.3794E+01  0.1444E+00  0.3731E+01  0.3731E+01
  0.2210E+00  0.3721E+01  0.2026E+00  0.3696E+01  0.3696E+01
  0.2217E+00  0.3680E+01  0.1241E+00  0.3660E+01  0.3660E+01
  0.2223E+00  0.3568E+01  0.4527E+00  0.3625E+01  0.3625E+01
  0.2229E+00  0.3497E+01  0.1080E+01  0.3589E+01  0.3589E+01
  0.2235E+00  0.3527E+01  0.4511E+00  0.3553E+01  0.3553E+01
  0.2241E+00  0.3418E+01  0.1027E+00  0.3518E+01  0.3518E+01
  0.2247E+00  0.3533E+01  0.1065E+00  0.3482E+01  0.3482E+01
  0.2253E+00  0.3625E+01  0.1035E+00  0.3446E+01  0.3446E+01
  0.2259E+00  0.3440E+01  0.1023E+00  0.3410E+01  0.3410E+01
  0.2265E+00  0.3459E+01  0.1486E+00  0.3375E+01  0.3375E+01
  0.2271E+00  0.3347E+01  0.2873E+00  0.3339E+01  0.3339E+01
  0.2277E+00  0.3397E+01  0.2090E+00  0.3303E+01  0.3303E+01
  0.2283E+00  0.3275E+01  0.3618E+00  0.3268E+01  0.3268E+01
  0.2289E+00  0.3384E+01  0.1743E+00  0.3233E+01  0.3233E+01
  0.2296E+00  0.3288E+01  0.9931E-01  0.3197E+01  0.3197E+01
  0.2302E+00  0.3214E+01  0.1049E+00  0.3162E+01  0.3162E+01
  0.2308E+00  0.3128E+01  0.1064E+00  0.3127E+01  0.3127E+01
  0.2314E+00  0.3148E+01  0.1067E+00  0.3093E+01  0.3093E+01
  0.2320E+00  0.3189E+01  0.1037E+00  0.3058E+01  0.3058E+01
  0.2326E+00  0.3172E+01  0.1043E+00  0.3024E+01  0.3024E+01
  0.2332E+00  0.2925E+01  0.1101E+00  0.2990E+01  0.2990E+01
  0.2338E+00  0.2885E+01  0.1436E+00  0.2956E+01  0.2956E+01
  0.2344E+00  0.2931E+01  0.1160E+00  0.2922E+01  0.2922E+01
  0.2350E+00  0.2952E+01  0.1402E+00  0.2889E+01  0.2889E+01
  0.2356E+00  0.2852E+01  0.1031E+00  0.2856E+01  0.2856E+01
  0.2362E+00  0.2875E+01  0.9684E-01  0.2823E+01  0.2823E+01
  0.2369E+00  0.2960E+01  0.1018E+00  0.2791E+01  0.2791E+01
  0.2375E+00  0.2851E+01  0.9894E-01  0.2759E+01  0.2759E+01
  0.2381E+00  0.2857E+01  0.1082E+00  0.2727E+01  0.2727E+01
  0.2387E+00  0.2585E+01  0.1151E+00  0.2696E+01  0.2696E+01
  0.2393E+00  0.2594E+01  0.1009E+00  0.2665E+01  0.2665E+01
  0.2399E+00  0.2576E+01  0.9856E-01  0.2634E+01  0.2634E+01
  0.2405E+00  0.2616E+01  0.1015E+00  0.2604E+01  0.2604E+01
  0.2411E+00  0.2496E+01  0.1001E+00  0.2574E+01  0.2574E+01
  0.2417E+00  0.2606E+01  0.2910E+00  0.2545E+01  0.2545E+01
  0.2423E+00  0.2546E+01  0.6845E+00  0.2516E+01  0.2516E+01
  0.2429E+00  0.2510E+01  0.4237E+00  0.2487E+01  0.2487E+01
  0.2435E+00  0.2487E+01  0.2158E+00  0.2459E+01  0.2459E+01
  0.2441E+00  0.2427E+01  0.1772E+00  0.2431E+01  0.2431E+01
  0.2448E+00  0.2474E+01  0.3644E+00  0.2403E+01  0.2403E+01
  0.2454E+00  0.2358E+01  0.3696E+00  0.2376E+01  0.2376E+01
  0.2460E+00  0.2435E+01  0.2142E+00  0.2350E+01  0.2350E+01
  0.2466E+00  0.2383E+01  0.1649E+00  0.2324E+01  0.2324E+01
  0.2472E+00  0.2312E+01  0.1230E+00  0.2298E+01  0.2298E+01
  0.2478E+00  0.2302E+01  0.1578E+00  0.2272E+01  0.2272E+01
  0.2484E+00  0.2242E+01  0.1413E+00  0.2247E+01  0.2247E+01
  0.2490E+00  0.2138E+01  0.2529E+00  0.2222E+01  0.2222E+01
  0.2496E+00  0.2253E+01  0.1494E+00  0.2198E+01  0.2198E+01
  0.2502E+00  0.2226E+01  0.9862E-01  0.2174E+01  0.2174E+01
  0.2508E+00  0.2300E+01  0.9546E-01  0.2151E+01  0.2151E+01
  0.2514E+00  0.2047E+01  0.9698E-01  0.2128E+01  0.2128E+01
  0.2521E+00  0.2022E+01  0.9976E-01  0.2105E+01  0.2105E+01
  0.2527E+00  0.2072E+01  0.1012E+00  0.2082E+01  0.2082E+01
  0.2533E+00  0.2007E+01  0.1024E+00  0.2060E+01  0.2060E+01
  0.2539E+00  0.2130E+01  0.1015E+00  0.2038E+01  0.2038E+01
  0.2545E+00  0.1990E+01  0.9526E-01  0.2017E+01  0.2017E+01
  0.2551E+00  0.2010E+01  0.1032E+00  0.1996E+01  0.1996E+01
  0.2557E+00  0.1991E+01  0.1165E+00  0.1975E+01  0.1975E+01
  0.2563E+00  0.2010E+01  0.1113E+00  0.1955E+01  0.1955E+01
  0.2569E+00  0.1832E+01  0.1007E+00  0.1935E+01  0.1935E+01
  0.2575E+00  0.1704E+01  0.1003E+00  0.1915E+01  0.1915E+01
  0.2581E+00  0.1666E+01  0.1023E+00  0.1895E+01  0.1895E+01
  0.2587E+00  0.1847E+01  0.9846E-01  0.1876E+01  0.1876E+01
  0.2593E+00  0.1800E+01  0.9933E-01  0.1857E+01  0.1857E+01
  0.2600E+00  0.1921E+01  0.9941E-01  0.1838E+01  0.1838E+01
  0.2606E+00  0.1825E+01  0.9756E-01  0.1819E+01  0.1819E+01
  0.2612E+00  0.1823E+01  0.1158E+00  0.1801E+01  0.1801E+01
  0.2618E+00  0.1746E+01  0.1873E+00  0.1783E+01  0.1783E+01
  0.2624E+00  0.1696E+01  0.1277E+00  0.1765E+01  0.1765E+01
  0.2630E+00  0.1656E+01  0.1706E+00  0.1747E+01  0.1747E+01
  0.2636E+00  0.1519E+01  0.1673E+00  0.1730E+01  0.1730E+01
  0.2642E+00  0.1611E+01  0.3160E+00  0.1713E+01  0.1713E+01
  0.2648E+00  0.1593E+01  0.1722E+00  0.1695E+01  0.1695E+01
  0.2654E+00  0.1593E+01  0.1006E+00  0.1678E+01  0.1678E+01
  0.2660E+00  0.1665E+01  0.9189E-01  0.1662E+01  0.1662E+01
  0.2666E+00  0.1615E+01  0.9385E-01  0.1645E+01  0.1645E+01
  0.2673E+00  0.1671E+01  0.9077E-01  0.1628E+01  0.1628E+01
  0.2679E+00  0.1668E+01  0.9383E-01  0.1612E+01  0.1612E+01
  0.2685E+00  0.1604E+01  0.8866E-01  0.1596E+01  0.1596E+01
  0.2691E+00  0.1540E+01  0.9666E-01  0.1580E+01  0.1580E+01
  0.2697E+00  0.1361E+01  0.1090E+00  0.1564E+01  0.1564E+01
  0.2703E+00  0.1456E+01  0.1784E+00  0.1548E+01  0.1548E+01
  0.2709E+00  0.1415E+01  0.1538E+00  0.1533E+01  0.1533E+01
  0.2715E+00  0.1420E+01  0.1923E+00  0.1517E+01  0.1517E+01
  0.2721E+00  0.1504E+01  0.1638E+00  0.1502E+01  0.1502E+01
  0.2727E+00  0.1519E+01  0.1441E+00  0.1486E+01  0.1486E+01
  0.2733E+00  0.1458E+01  0.1392E+00  0.1471E+01  0.1471E+01
  0.2739E+00  0.1371E+01  0.1048E+00  0.1456E+01  0.1456E+01
  0.2745E+00  0.1295E+01  0.1178E+00  0.1441E+01  0.1441E+01
  0.2752E+00  0.1285E+01  0.1417E+00  0.1426E+01  0.1426E+01
  0.2758E+00  0.1243E+01  0.2425E+00  0.1411E+01  0.1411E+01
  0.2764E+00  0.1408E+01  0.3619E+00  0.1397E+01  0.1397E+01
  0.2770E+00  0.1388E+01  0.3500E+00  0.1382E+01  0.1382E+01
  0.2776E+00  0.1413E+01  0.3960E+00  0.1367E+01  0.1367E+01
  0.2782E+00  0.1286E+01  0.3589E+00  0.1353E+01  0.1353E+01
  0.2788E+00  0.1212E+01  0.3215E+00  0.1339E+01  0.1339E+01
  0.2794E+00  0.1197E+01  0.3556E+00  0.1325E+01  0.1325E+01
  0.2800E+00  0.1135E+01  0.2820E+00  0.1311E+01  0.1311E+01
  0.2806E+00  0.1114E+01  0.3165E+00  0.1297E+01  0.1297E+01
  0.2812E+00  0.1108E+01  0.3153E+00  0.1283E+01  0.1283E+01
  0.2818E+00  0.1270E+01  0.4009E+00  0.1270E+01  0.1270E+01
  0.2825E+00  0.1227E+01  0.3678E+00  0.1256E+01  0.1256E+01
  0.2831E+00  0.1252E+01  0.2581E+00  0.1243E+01  0.1243E+01
  0.2837E+00  0.1239E+01  0.2876E+00  0.1229E+01  0.1229E+01
  0.2843E+00  0.1140E+01  0.3219E+00  0.1216E+01  0.1216E+01
  0.2849E+00  0.1183E+01  0.3160E+00  0.1204E+01  0.1204E+01
  0.2855E+00  0.1145E+01  0.3067E+00  0.1191E+01  0.1191E+01
  0.2861E+00  0.1087E+01  0.3388E+00  0.1178E+01  0.1178E+01
  0.2867E+00  0.1222E+01  0.4436E+00  0.1166E+01  0.1166E+01
  0.2873E+00  0.1051E+01  0.4401E+00  0.1153E+01  0.1153E+01
  0.2879E+00  0.1088E+01  0.2421E+00  0.1141E+01  0.1141E+01
  0.2885E+00  0.1053E+01  0.3131E+00  0.1129E+01  0.1129E+01
  0.2891E+00  0.1008E+01  0.4834E+00  0.1118E+01  0.1118E+01
  0.2897E+00  0.9341E+00  0.2884E+00  0.1106E+01  0.1106E+01
  0.2904E+00  0.9740E+00  0.5008E+00  0.1095E+01  0.1095E+01
  0.2910E+00  0.1048E+01  0.4400E+00  0.1083E+01  0.1083E+01
  0.2916E+00  0.1009E+01  0.2749E+00  0.1072E+01  0.1072E+01
  0.2922E+00  0.1077E+01  0.3295E+00  0.1062E+01  0.1062E+01
  0.2928E+00  0.1045E+01  0.2611E+00  0.1051E+01  0.1051E+01
  0.2934E+00  0.1064E+01  0.3259E+00  0.1041E+01  0.1041E+01
  0.2940E+00  0.8840E+00  0.5566E+00  0.1030E+01  0.1030E+01
  0.2946E+00  0.8390E+00  0.2782E+00  0.1020E+01  0.1020E+01
  0.2952E+00  0.8595E+00  0.3312E+00  0.1011E+01  0.1011E+01
  0.2958E+00  0.8244E+00  0.3217E+00  0.1001E+01  0.1001E+01
  0.2964E+00  0.8484E+00  0.3329E+00  0.9918E+00  0.9918E+00
  0.2970E+00  0.8526E+00  0.4312E+00  0.9827E+00  0.9827E+00
  0.2976E+00  0.9006E+00  0.2174E+00  0.9738E+00  0.9738E+00
  0.2983E+00  0.9478E+00  0.2572E+00  0.9651E+00  0.9651E+00
  0.2989E+00  0.1017E+01  0.1689E+00  0.9567E+00  0.9567E+00
  0.2995E+00  0.9206E+00  0.2856E+00  0.9485E+00  0.9485E+00
  0.3001E+00  0.8939E+00  0.3926E+00  0.9405E+00  0.9405E+00
  0.3007E+00  0.9093E+00  0.2149E+00  0.9328E+00  0.9328E+00
  0.3013E+00  0.9193E+00  0.1141E+00  0.9252E+00  0.9252E+00
  0.3019E+00  0.8522E+00  0.1700E+00  0.9179E+00  0.9179E+00
  0.3025E+00  0.8803E+00  0.1101E+00  0.9108E+00  0.9108E+00
  0.3031E+00  0.8804E+00  0.1328E+00  0.9039E+00  0.9039E+00
  0.3037E+00  0.8330E+00  0.1087E+00  0.8972E+00  0.8972E+00
  0.3043E+00  0.8397E+00  0.8882E-01  0.8908E+00  0.8908E+00
  0.3049E+00  0.8712E+00  0.1003E+00  0.8846E+00  0.8846E+00
  0.3056E+00  0.9259E+00  0.8234E-01  0.8785E+00  0.8785E+00
  0.3062E+00  0.9122E+00  0.7988E-01  0.8727E+00  0.8727E+00
  0.3068E+00  0.7494E+00  0.7965E-01  0.8671E+00  0.8671E+00
  0.3074E+00  0.6908E+00  0.7685E-01  0.8616E+00  0.8616E+00
  0.3080E+00  0.6655E+00  0.8146E-01  0.8564E+00  0.8564E+00
  0.3086E+00  0.8001E+00  0.1214E+00  0.8513E+00  0.8513E+00
  0.3092E+00  0.7430E+00  0.1890E+00  0.8464E+00  0.8464E+00
  0.3098E+00  0.8268E+00  0.1018E+00  0.8417E+00  0.8417E+00
  0.3104E+00  0.9069E+00  0.7476E-01  0.8372E+00  0.8372E+00
  0.3110E+00  0.8297E+00  0.7948E-01  0.8328E+00  0.8328E+00
  0.3116E+00  0.8861E+00  0.1006E+00  0.8285E+00  0.8285E+00
  0.3122E+00  0.7665E+00  0.8067E-01  0.8245E+00  0.8245E+00
  0.3128E+00  0.7170E+00  0.7595E-01  0.8205E+00  0.8205E+00
  0.3135E+00  0.7645E+00  0.7357E-01  0.8167E+00  0.8167E+00
  0.3141E+00  0.7261E+00  0.8112E-01  0.8131E+00  0.8131E+00
  0.3147E+00  0.7370E+00  0.1130E+00  0.8095E+00  0.8095E+00
  0.3153E+00  0.8069E+00  0.1346E+00  0.8061E+00  0.8061E+00
  0.3159E+00  0.7404E+00  0.2707E+00  0.8028E+00  0.8028E+00
  0.3165E+00  0.6354E+00  0.1459E+00  0.7995E+00  0.7995E+00
  0.3171E+00  0.5729E+00  0.1494E+00  0.7964E+00  0.7964E+00

           Distance distribution  function of particle  


       R          P(R)      ERROR

  0.0000E+00  0.0000E+00  0.0000E+00
  0.1080E+01  0.9762E-02  0.0000E+00
  0.2160E+01  0.2509E-01  0.0000E+00
  0.3240E+01  0.4567E-01  0.0000E+00
  0.4320E+01  0.7098E-01  0.0000E+00
  0.5400E+01  0.1004E+00  0.0000E+00
  0.6480E+01  0.1330E+00  0.0000E+00
  0.7560E+01  0.1681E+00  0.0000E+00
  0.8640E+01  0.2047E+00  0.0000E+00
  0.9720E+01  0.2420E+00  0.0000E+00
  0.1080E+02  0.2791E+00  0.0000E+00
  0.1188E+02  0.3154E+00  0.0000E+00
  0.1296E+02  0.3503E+00  0.0000E+00
  0.1404E+02  0.3833E+00  0.0000E+00
  0.1512E+02  0.4142E+00  0.0000E+00
  0.1620E+02  0.4428E+00  0.0000E+00
  0.1728E+02  0.4692E+00  0.0000E+00
  0.1836E+02  0.4933E+00  0.0000E+00
  0.1944E+02  0.5153E+00  0.0000E+00
  0.2052E+02  0.5355E+00  0.0000E+00
  0.2160E+02  0.5540E+00  0.0000E+00
  0.2268E+02  0.5710E+00  0.0000E+00
  0.2376E+02  0.5866E+00  0.0000E+00
  0.2484E+02  0.6009E+00  0.0000E+00
  0.2592E+02  0.6138E+00  0.0000E+00
  0.2700E+02  0.6253E+00  0.0000E+00
  0.2808E+02  0.6352E+00  0.0000E+00
  0.2916E+02  0.6433E+00  0.0000E+00
  0.3024E+02  0.6494E+00  0.0000E+00
  0.3132E+02  0.6534E+00  0.0000E+00
  0.3240E+02  0.6549E+00  0.0000E+00
  0.3348E+02  0.6538E+00  0.0000E+00
  0.3456E+02  0.6500E+00  0.0000E+00
  0.3564E+02  0.6436E+00  0.0000E+00
  0.3672E+02  0.6345E+00  0.0000E+00
  0.3780E+02  0.6229E+00  0.0000E+00
  0.3888E+02  0.6090E+00  0.0000E+00
  0.3996E+02  0.5932E+00  0.0000E+00
  0.4104E+02  0.5757E+00  0.0000E+00
  0.4212E+02  0.5569E+00  0.0000E+00
  0.4320E+02  0.5373E+00  0.0000E+00
  0.4428E+02  0.5172E+00  0.0000E+00
  0.4536E+02  0.4969E+00  0.0000E+00
  0.4644E+02  0.4768E+00  0.0000E+00
  0.4752E+02  0.4571E+00  0.0000E+00
  0.4860E+02  0.4381E+00  0.0000E+00
  0.4968E+02  0.4198E+00  0.0000E+00
  0.5076E+02  0.4023E+00  0.0000E+00
  0.5184E+02  0.3857E+00  0.0000E+00
  0.5292E+02  0.3699E+00  0.0000E+00
  0.5400E+02  0.3549E+00  0.0000E+00
  0.5508E+02  0.3406E+00  0.0000E+00
  0.5616E+02  0.3269E+00  0.0000E+00
  0.5724E+02  0.3137E+00  0.0000E+00
  0.5832E+02  0.3009E+00  0.0000E+00
  0.5940E+02  0.2885E+00  0.0000E+00
  0.6048E+02  0.2763E+00  0.0000E+00
  0.6156E+02  0.2644E+00  0.0000E+00
  0.6264E+02  0.2527E+00  0.0000E+00
  0.6372E+02  0.2412E+00  0.0000E+00
  0.6480E+02  0.2300E+00  0.0000E+00
  0.6588E+02  0.2189E+00  0.0000E+00
  0.6696E+02  0.2081E+00  0.0000E+00
  0.6804E+02  0.1975E+00  0.0000E+00
  0.6912E+02  0.1872E+00  0.0000E+00
  0.7020E+02  0.1772E+00  0.0000E+00
  0.7128E+02  0.1674E+00  0.0000E+00
  0.7236E+02  0.1580E+00  0.0000E+00
  0.7344E+02  0.1489E+00  0.0000E+00
  0.7452E+02  0.1401E+00  0.0000E+00
  0.7560E+02  0.1317E+00  0.0000E+00
  0.7668E+02  0.1237E+00  0.0000E+00
  0.7776E+02  0.1160E+00  0.0000E+00
  0.7884E+02  0.1088E+00  0.0000E+00
  0.7992E+02  0.1020E+00  0.0000E+00
  0.8100E+02  0.9565E-01  0.0000E+00
  0.8208E+02  0.8976E-01  0.0000E+00
  0.8316E+02  0.8431E-01  0.0000E+00
  0.8424E+02  0.7932E-01  0.0000E+00
  0.8532E+02  0.7475E-01  0.0000E+00
  0.8640E+02  0.7058E-01  0.0000E+00
  0.8748E+02  0.6676E-01  0.0000E+00
  0.8856E+02  0.6325E-01  0.0000E+00
  0.8964E+02  0.5998E-01  0.0000E+00
  0.9072E+02  0.5689E-01  0.0000E+00
  0.9180E+02  0.5393E-01  0.0000E+00
  0.9288E+02  0.5102E-01  0.0000E+00
  0.9396E+02  0.4813E-01  0.0000E+00
  0.9504E+02  0.4520E-01  0.0000E+00
  0.9612E+02  0.4219E-01  0.0000E+00
  0.9720E+02  0.3909E-01  0.0000E+00
  0.9828E+02  0.3586E-01  0.0000E+00
  0.9936E+02  0.3251E-01  0.0000E+00
  0.1004E+03  0.2902E-01  0.0000E+00
  0.1015E+03  0.2538E-01  0.0000E+00
  0.1026E+03  0.2160E-01  0.0000E+00
  0.1037E+03  0.1767E-01  0.0000E+00
  0.1048E+03  0.1356E-01  0.0000E+00
  0.1058E+03  0.9261E-02  0.0000E+00
  0.1069E+03  0.4750E-02  0.0000E+00
  0.1080E+03  0.0000E+00  0.0000E+00
          Reciprocal space: Rg =   31.41     , I(0) =   0.3883E+03
     Real space: Rg =   31.50 +- 0.000  I(0) =   0.3883E+03 +-  0.0000E+00
