  0.000000E+00  0.588698E-04  0.491420E-03
  0.200000E-02  0.588698E-04  0.490549E-03
  0.400000E-02  0.588698E-04  0.487953E-03
  0.500002E-02  0.588698E-03  0.486016E-03
  0.555558E-02  0.527702E-03  0.484757E-03
  0.611114E-02  0.512726E-03  0.483371E-03
  0.666670E-02  0.499979E-03  0.481857E-03
  0.722226E-02  0.495290E-03  0.480218E-03
  0.777781E-02  0.495741E-03  0.478455E-03
  0.833337E-02  0.492249E-03  0.476569E-03
  0.888893E-02  0.488525E-03  0.474562E-03
  0.944449E-02  0.487752E-03  0.472435E-03
  0.100000E-01  0.485049E-03  0.470191E-03
  0.105556E-01  0.482056E-03  0.467830E-03
  0.111112E-01  0.481007E-03  0.465356E-03
  0.116667E-01  0.480631E-03  0.462769E-03
  0.122223E-01  0.475295E-03  0.460071E-03
  0.127778E-01  0.472130E-03  0.457266E-03
  0.133334E-01  0.468859E-03  0.454355E-03
  0.138889E-01  0.464062E-03  0.451341E-03
  0.144445E-01  0.460863E-03  0.448226E-03
  0.150000E-01  0.460467E-03  0.445014E-03
  0.155556E-01  0.455473E-03  0.441706E-03
  0.161112E-01  0.450269E-03  0.438305E-03
  0.166667E-01  0.446012E-03  0.434816E-03
  0.172223E-01  0.442851E-03  0.431238E-03
  0.177778E-01  0.439259E-03  0.427578E-03
  0.183334E-01  0.433909E-03  0.423835E-03
  0.188889E-01  0.430457E-03  0.420014E-03
  0.194445E-01  0.425159E-03  0.416117E-03
  0.200000E-01  0.422259E-03  0.412148E-03
  0.205556E-01  0.416829E-03  0.408109E-03
  0.211111E-01  0.413959E-03  0.404004E-03
  0.216667E-01  0.408747E-03  0.399834E-03
  0.222222E-01  0.404968E-03  0.395605E-03
  0.227778E-01  0.400182E-03  0.391317E-03
  0.233333E-01  0.394190E-03  0.386975E-03
  0.238889E-01  0.390058E-03  0.382582E-03
  0.244444E-01  0.384916E-03  0.378140E-03
  0.250000E-01  0.379596E-03  0.373653E-03
  0.255555E-01  0.375632E-03  0.369125E-03
  0.261111E-01  0.370118E-03  0.364556E-03
  0.266666E-01  0.365704E-03  0.359953E-03
  0.272222E-01  0.361027E-03  0.355316E-03
  0.277777E-01  0.355595E-03  0.350650E-03
  0.283333E-01  0.350886E-03  0.345956E-03
  0.288888E-01  0.345457E-03  0.341239E-03
  0.294443E-01  0.340759E-03  0.336502E-03
  0.299999E-01  0.334848E-03  0.331746E-03
  0.305554E-01  0.329602E-03  0.326976E-03
  0.311110E-01  0.324192E-03  0.322193E-03
  0.316665E-01  0.319274E-03  0.317401E-03
  0.322221E-01  0.314082E-03  0.312602E-03
  0.327776E-01  0.309483E-03  0.307800E-03
  0.333331E-01  0.304817E-03  0.302997E-03
  0.338887E-01  0.298919E-03  0.298195E-03
  0.344442E-01  0.293768E-03  0.293398E-03
  0.349997E-01  0.288516E-03  0.288607E-03
  0.355553E-01  0.283321E-03  0.283825E-03
  0.361108E-01  0.278693E-03  0.279055E-03
  0.366664E-01  0.273807E-03  0.274299E-03
  0.372219E-01  0.269273E-03  0.269559E-03
  0.377774E-01  0.264129E-03  0.264838E-03
  0.383330E-01  0.259468E-03  0.260138E-03
  0.388885E-01  0.254272E-03  0.255461E-03
  0.394440E-01  0.249909E-03  0.250809E-03
  0.399996E-01  0.244111E-03  0.246183E-03
  0.405551E-01  0.239194E-03  0.241586E-03
  0.411106E-01  0.234709E-03  0.237021E-03
  0.416662E-01  0.230289E-03  0.232487E-03
  0.422217E-01  0.225810E-03  0.227989E-03
  0.427772E-01  0.221300E-03  0.223526E-03
  0.433327E-01  0.216291E-03  0.219101E-03
  0.438883E-01  0.211933E-03  0.214714E-03
  0.444438E-01  0.207346E-03  0.210369E-03
  0.449993E-01  0.203005E-03  0.206065E-03
  0.455548E-01  0.199371E-03  0.201805E-03
  0.461104E-01  0.194691E-03  0.197588E-03
  0.466659E-01  0.189970E-03  0.193418E-03
  0.472214E-01  0.185809E-03  0.189295E-03
  0.477769E-01  0.181312E-03  0.185219E-03
  0.483324E-01  0.177274E-03  0.181193E-03
  0.488880E-01  0.173114E-03  0.177215E-03
  0.494435E-01  0.168935E-03  0.173288E-03
  0.499990E-01  0.165297E-03  0.169413E-03
  0.505545E-01  0.161078E-03  0.165591E-03
  0.511100E-01  0.157192E-03  0.161821E-03
  0.516655E-01  0.153656E-03  0.158104E-03
  0.522211E-01  0.149793E-03  0.154441E-03
  0.527766E-01  0.146016E-03  0.150832E-03
  0.533321E-01  0.142396E-03  0.147279E-03
  0.538876E-01  0.138807E-03  0.143781E-03
  0.544431E-01  0.135538E-03  0.140338E-03
  0.549986E-01  0.132336E-03  0.136952E-03
  0.555541E-01  0.129090E-03  0.133621E-03
  0.561096E-01  0.125508E-03  0.130347E-03
  0.566651E-01  0.122634E-03  0.127129E-03
  0.572206E-01  0.119746E-03  0.123967E-03
  0.577761E-01  0.116661E-03  0.120862E-03
  0.583316E-01  0.113839E-03  0.117813E-03
  0.588871E-01  0.111031E-03  0.114821E-03
  0.594426E-01  0.108182E-03  0.111885E-03
  0.599981E-01  0.105092E-03  0.109006E-03
  0.605536E-01  0.102266E-03  0.106182E-03
  0.611091E-01  0.996191E-04  0.103414E-03
  0.616646E-01  0.970349E-04  0.100701E-03
  0.622201E-01  0.945234E-04  0.980441E-04
  0.627756E-01  0.917697E-04  0.954417E-04
  0.633311E-01  0.895626E-04  0.928940E-04
  0.638866E-01  0.870175E-04  0.904004E-04
  0.644421E-01  0.847277E-04  0.879606E-04
  0.649976E-01  0.823828E-04  0.855741E-04
  0.655530E-01  0.799664E-04  0.832410E-04
  0.661085E-01  0.778133E-04  0.809598E-04
  0.666640E-01  0.754965E-04  0.787306E-04
  0.672195E-01  0.735842E-04  0.765528E-04
  0.677750E-01  0.715473E-04  0.744258E-04
  0.683305E-01  0.694035E-04  0.723491E-04
  0.688859E-01  0.672651E-04  0.703224E-04
  0.694414E-01  0.655831E-04  0.683444E-04
  0.699969E-01  0.638706E-04  0.664150E-04
  0.705524E-01  0.620407E-04  0.645334E-04
  0.711078E-01  0.601286E-04  0.626994E-04
  0.716633E-01  0.587041E-04  0.609117E-04
  0.722188E-01  0.572078E-04  0.591698E-04
  0.727742E-01  0.556881E-04  0.574735E-04
  0.733297E-01  0.538889E-04  0.558214E-04
  0.738852E-01  0.521408E-04  0.542132E-04
  0.744407E-01  0.507745E-04  0.526482E-04
  0.749961E-01  0.495190E-04  0.511260E-04
  0.755516E-01  0.480561E-04  0.496453E-04
  0.761070E-01  0.465106E-04  0.482059E-04
  0.766625E-01  0.451444E-04  0.468065E-04
  0.772180E-01  0.438720E-04  0.454468E-04
  0.777734E-01  0.426702E-04  0.441262E-04
  0.783289E-01  0.415186E-04  0.428437E-04
  0.788843E-01  0.402291E-04  0.415988E-04
  0.794398E-01  0.388036E-04  0.403906E-04
  0.799952E-01  0.379575E-04  0.392185E-04
  0.805507E-01  0.371003E-04  0.380815E-04
  0.811061E-01  0.360611E-04  0.369793E-04
  0.816616E-01  0.349956E-04  0.359108E-04
  0.822170E-01  0.340191E-04  0.348757E-04
  0.827725E-01  0.329179E-04  0.338729E-04
  0.833279E-01  0.320876E-04  0.329021E-04
  0.838833E-01  0.314575E-04  0.319623E-04
  0.844388E-01  0.305318E-04  0.310527E-04
  0.849942E-01  0.295737E-04  0.301728E-04
  0.855497E-01  0.285110E-04  0.293219E-04
  0.861051E-01  0.275512E-04  0.284993E-04
  0.866605E-01  0.269202E-04  0.277044E-04
  0.872160E-01  0.261905E-04  0.269364E-04
  0.877714E-01  0.258462E-04  0.261947E-04
  0.883268E-01  0.252861E-04  0.254787E-04
  0.888822E-01  0.244690E-04  0.247877E-04
  0.894377E-01  0.239304E-04  0.241208E-04
  0.899931E-01  0.234113E-04  0.234778E-04
  0.905485E-01  0.228053E-04  0.228578E-04
  0.911039E-01  0.224477E-04  0.222603E-04
  0.916593E-01  0.218921E-04  0.216846E-04
  0.922148E-01  0.213175E-04  0.211300E-04
  0.927702E-01  0.209002E-04  0.205962E-04
  0.933256E-01  0.204553E-04  0.200824E-04
  0.938810E-01  0.198879E-04  0.195880E-04
  0.944364E-01  0.194759E-04  0.191125E-04
  0.949918E-01  0.191470E-04  0.186553E-04
  0.955472E-01  0.186220E-04  0.182159E-04
  0.961026E-01  0.183502E-04  0.177936E-04
  0.966580E-01  0.181028E-04  0.173881E-04
  0.972134E-01  0.177582E-04  0.169987E-04
  0.977688E-01  0.172920E-04  0.166249E-04
  0.983242E-01  0.168171E-04  0.162662E-04
  0.988796E-01  0.164131E-04  0.159220E-04
  0.994350E-01  0.161638E-04  0.155920E-04
  0.999904E-01  0.158005E-04  0.152756E-04
  0.100546E+00  0.154837E-04  0.149722E-04
  0.101101E+00  0.155478E-04  0.146819E-04
  0.101657E+00  0.155432E-04  0.144032E-04
  0.102212E+00  0.151308E-04  0.141368E-04
  0.102767E+00  0.147213E-04  0.138816E-04
  0.103323E+00  0.145000E-04  0.136369E-04
  0.103878E+00  0.144719E-04  0.134031E-04
  0.104433E+00  0.142620E-04  0.131794E-04
  0.104989E+00  0.139094E-04  0.129650E-04
  0.105544E+00  0.136467E-04  0.127602E-04
  0.106100E+00  0.135488E-04  0.125639E-04
  0.106655E+00  0.134727E-04  0.123764E-04
  0.107210E+00  0.131732E-04  0.121970E-04
  0.107766E+00  0.130225E-04  0.120250E-04
  0.108321E+00  0.129843E-04  0.118609E-04
  0.108876E+00  0.127908E-04  0.117038E-04
  0.109432E+00  0.125830E-04  0.115532E-04
  0.109987E+00  0.127701E-04  0.114092E-04
  0.110542E+00  0.126283E-04  0.112714E-04
  0.111098E+00  0.125033E-04  0.111391E-04
  0.111653E+00  0.124268E-04  0.110125E-04
  0.112208E+00  0.123175E-04  0.108912E-04
  0.112764E+00  0.121099E-04  0.107746E-04
  0.113319E+00  0.119343E-04  0.106628E-04
  0.113875E+00  0.119153E-04  0.105553E-04
  0.114430E+00  0.117834E-04  0.104521E-04
  0.114985E+00  0.116339E-04  0.103528E-04
  0.115541E+00  0.115923E-04  0.102570E-04
  0.116096E+00  0.115124E-04  0.101647E-04
  0.116651E+00  0.115570E-04  0.100757E-04
  0.117207E+00  0.114959E-04  0.998952E-05
  0.117762E+00  0.114621E-04  0.990627E-05
  0.118317E+00  0.115170E-04  0.982560E-05
  0.118872E+00  0.113921E-04  0.974731E-05
  0.119428E+00  0.111028E-04  0.967110E-05
  0.119983E+00  0.107659E-04  0.959704E-05
  0.120538E+00  0.106505E-04  0.952482E-05
  0.121094E+00  0.106740E-04  0.945417E-05
  0.121649E+00  0.107381E-04  0.938517E-05
  0.122204E+00  0.106773E-04  0.931755E-05
  0.122760E+00  0.106033E-04  0.925105E-05
  0.123315E+00  0.104166E-04  0.918577E-05
  0.123870E+00  0.104071E-04  0.912144E-05
  0.124426E+00  0.103842E-04  0.905781E-05
  0.124981E+00  0.103640E-04  0.899501E-05
  0.125536E+00  0.101353E-04  0.893281E-05
  0.126091E+00  0.989872E-05  0.887110E-05
  0.126647E+00  0.990082E-05  0.880967E-05
  0.127202E+00  0.973362E-05  0.874865E-05
  0.127757E+00  0.965092E-05  0.868782E-05
  0.128313E+00  0.969352E-05  0.862699E-05
  0.128868E+00  0.964442E-05  0.856628E-05
  0.129423E+00  0.966422E-05  0.850553E-05
  0.129978E+00  0.946282E-05  0.844467E-05
  0.130534E+00  0.937922E-05  0.838352E-05
  0.131089E+00  0.945432E-05  0.832223E-05
  0.131644E+00  0.933142E-05  0.826065E-05
  0.132199E+00  0.914122E-05  0.819870E-05
  0.132755E+00  0.937432E-05  0.813623E-05
  0.133310E+00  0.915182E-05  0.807342E-05
  0.133865E+00  0.896162E-05  0.801012E-05
  0.134421E+00  0.897102E-05  0.794618E-05
  0.134976E+00  0.885832E-05  0.788180E-05
  0.135531E+00  0.872872E-05  0.781683E-05
  0.136086E+00  0.868512E-05  0.775123E-05
  0.136642E+00  0.857083E-05  0.768487E-05
  0.137197E+00  0.838499E-05  0.761796E-05
  0.137752E+00  0.835765E-05  0.755038E-05
  0.138307E+00  0.824485E-05  0.748211E-05
  0.138862E+00  0.805223E-05  0.741314E-05
  0.139418E+00  0.792987E-05  0.734334E-05
  0.139973E+00  0.801574E-05  0.727295E-05
  0.140528E+00  0.803083E-05  0.720185E-05
  0.141083E+00  0.798311E-05  0.713003E-05
  0.141639E+00  0.781092E-05  0.705738E-05
  0.142194E+00  0.755594E-05  0.698416E-05
  0.142749E+00  0.752697E-05  0.691024E-05
  0.143304E+00  0.740931E-05  0.683565E-05
  0.143859E+00  0.720530E-05  0.676038E-05
  0.144415E+00  0.698405E-05  0.668433E-05
  0.144970E+00  0.712701E-05  0.660776E-05
  0.145525E+00  0.700399E-05  0.653059E-05
  0.146080E+00  0.687113E-05  0.645281E-05
  0.146635E+00  0.692802E-05  0.637446E-05
  0.147191E+00  0.697337E-05  0.629542E-05
  0.147746E+00  0.675350E-05  0.621600E-05
  0.148301E+00  0.657536E-05  0.613607E-05
  0.148856E+00  0.644081E-05  0.605568E-05
  0.149411E+00  0.607675E-05  0.597485E-05
  0.149967E+00  0.601999E-05  0.589347E-05
  0.150522E+00  0.592723E-05  0.581186E-05
  0.151077E+00  0.625491E-05  0.572991E-05
  0.151632E+00  0.630489E-05  0.564767E-05
  0.152187E+00  0.619795E-05  0.556515E-05
  0.152742E+00  0.578042E-05  0.548239E-05
  0.153298E+00  0.572997E-05  0.539930E-05
  0.153853E+00  0.558158E-05  0.531620E-05
  0.154408E+00  0.528953E-05  0.523298E-05
  0.154963E+00  0.526464E-05  0.514969E-05
  0.155518E+00  0.518795E-05  0.506636E-05
  0.156073E+00  0.502911E-05  0.498303E-05
  0.156629E+00  0.502214E-05  0.489960E-05
  0.157184E+00  0.497626E-05  0.481640E-05
  0.157739E+00  0.485970E-05  0.473333E-05
  0.158294E+00  0.460933E-05  0.465043E-05
  0.158849E+00  0.456145E-05  0.456774E-05
  0.159404E+00  0.469492E-05  0.448530E-05
  0.159959E+00  0.465529E-05  0.440315E-05
  0.160514E+00  0.451182E-05  0.432134E-05
  0.161070E+00  0.436680E-05  0.423976E-05
  0.161625E+00  0.424493E-05  0.415874E-05
  0.162180E+00  0.428985E-05  0.407819E-05
  0.162735E+00  0.417675E-05  0.399814E-05
  0.163290E+00  0.409693E-05  0.391864E-05
  0.163845E+00  0.401498E-05  0.383971E-05
  0.164400E+00  0.408294E-05  0.376141E-05
  0.164955E+00  0.414172E-05  0.368376E-05
  0.165510E+00  0.386604E-05  0.360681E-05
  0.166066E+00  0.364959E-05  0.353046E-05
  0.166621E+00  0.366763E-05  0.345503E-05
  0.167176E+00  0.356653E-05  0.338040E-05
  0.167731E+00  0.360009E-05  0.330662E-05
  0.168286E+00  0.334482E-05  0.323370E-05
  0.168841E+00  0.319239E-05  0.316169E-05
  0.169396E+00  0.314817E-05  0.309062E-05
  0.169951E+00  0.300874E-05  0.302053E-05
  0.170506E+00  0.307731E-05  0.295143E-05
  0.171061E+00  0.309566E-05  0.288336E-05
  0.171616E+00  0.300873E-05  0.281635E-05
  0.172171E+00  0.295992E-05  0.275041E-05
  0.172726E+00  0.298894E-05  0.268557E-05
  0.173281E+00  0.301387E-05  0.262185E-05
  0.173837E+00  0.281527E-05  0.255917E-05
  0.174392E+00  0.260249E-05  0.249777E-05
  0.174947E+00  0.242881E-05  0.243756E-05
  0.175502E+00  0.240221E-05  0.237855E-05
  0.176057E+00  0.222530E-05  0.232075E-05
  0.176612E+00  0.211627E-05  0.226418E-05
  0.177167E+00  0.224558E-05  0.220884E-05
  0.177722E+00  0.231165E-05  0.215476E-05
  0.178277E+00  0.219488E-05  0.210195E-05
  0.178832E+00  0.208520E-05  0.205041E-05
  0.179387E+00  0.199276E-05  0.200014E-05
  0.179942E+00  0.198601E-05  0.195115E-05
  0.180497E+00  0.192553E-05  0.190343E-05
  0.181052E+00  0.190442E-05  0.185700E-05
  0.181607E+00  0.188769E-05  0.181186E-05
  0.182162E+00  0.196921E-05  0.176800E-05
  0.182717E+00  0.182689E-05  0.172543E-05
  0.183272E+00  0.171144E-05  0.168414E-05
  0.183827E+00  0.187241E-05  0.164413E-05
  0.184382E+00  0.187218E-05  0.160539E-05
  0.184937E+00  0.175194E-05  0.156790E-05
  0.185492E+00  0.169526E-05  0.153167E-05
  0.186047E+00  0.161437E-05  0.149667E-05
  0.186602E+00  0.146417E-05  0.146290E-05
  0.187157E+00  0.157450E-05  0.143033E-05
  0.187712E+00  0.137403E-05  0.139896E-05
  0.188267E+00  0.138604E-05  0.136877E-05
  0.188822E+00  0.139012E-05  0.133974E-05
  0.189377E+00  0.138288E-05  0.131185E-05
  0.189931E+00  0.142171E-05  0.128513E-05
  0.190486E+00  0.134481E-05  0.125947E-05
  0.191041E+00  0.139025E-05  0.123489E-05
  0.191596E+00  0.151464E-05  0.121138E-05
  0.192151E+00  0.126684E-05  0.118892E-05
  0.192706E+00  0.112044E-05  0.116749E-05
  0.193261E+00  0.114108E-05  0.114706E-05
  0.193816E+00  0.116252E-05  0.112760E-05
  0.194371E+00  0.120008E-05  0.110909E-05
  0.194926E+00  0.109651E-05  0.109151E-05
  0.195481E+00  0.111060E-05  0.107482E-05
  0.196036E+00  0.110860E-05  0.105901E-05
  0.196591E+00  0.109621E-05  0.104405E-05
  0.197146E+00  0.100903E-05  0.102992E-05
  0.197700E+00  0.106720E-05  0.101660E-05
  0.198255E+00  0.123366E-05  0.100402E-05
  0.198810E+00  0.115525E-05  0.992176E-06
  0.199365E+00  0.106168E-05  0.981039E-06
  0.199920E+00  0.968423E-06  0.970587E-06
  0.200475E+00  0.886413E-06  0.960797E-06
