0.500002E-02  0.336153E-03  0.436214E-04

0.555558E-02  0.284696E-03  0.762240E-05

0.611114E-02  0.276565E-03  0.404680E-05

0.666670E-02  0.260545E-03  0.279410E-05

0.722226E-02  0.253813E-03  0.220418E-05

0.777781E-02  0.252359E-03  0.183840E-05

0.833337E-02  0.249837E-03  0.157256E-05

0.888893E-02  0.247822E-03  0.137169E-05

0.944449E-02  0.247253E-03  0.113667E-05

0.100000E-01  0.245258E-03  0.100182E-05

0.105556E-01  0.244183E-03  0.908196E-06

0.111112E-01  0.242132E-03  0.847191E-06

0.116667E-01  0.241971E-03  0.800977E-06

0.122223E-01  0.239341E-03  0.759164E-06

0.127778E-01  0.237728E-03  0.723642E-06

0.133334E-01  0.235037E-03  0.691840E-06

0.138889E-01  0.233117E-03  0.665497E-06

0.144445E-01  0.231558E-03  0.643409E-06

0.150000E-01  0.231155E-03  0.622403E-06

0.155556E-01  0.229409E-03  0.603908E-06

0.161112E-01  0.226547E-03  0.586594E-06

0.166667E-01  0.224998E-03  0.571439E-06

0.172223E-01  0.223791E-03  0.557194E-06

0.177778E-01  0.221695E-03  0.542774E-06

0.183334E-01  0.218364E-03  0.529976E-06

0.188889E-01  0.215776E-03  0.517989E-06

0.194445E-01  0.213122E-03  0.506261E-06

0.200000E-01  0.212013E-03  0.496256E-06

0.205556E-01  0.209658E-03  0.486091E-06

0.211111E-01  0.208196E-03  0.478074E-06

0.216667E-01  0.205546E-03  0.468805E-06

0.222222E-01  0.203549E-03  0.460709E-06

0.227778E-01  0.200829E-03  0.452145E-06

0.233333E-01  0.197930E-03  0.443956E-06

0.238889E-01  0.195716E-03  0.436299E-06

0.244444E-01  0.193714E-03  0.428974E-06

0.250000E-01  0.191043E-03  0.421990E-06

0.255555E-01  0.188935E-03  0.415095E-06

0.261111E-01  0.186340E-03  0.408920E-06

0.266666E-01  0.183601E-03  0.402593E-06

0.272222E-01  0.181002E-03  0.395976E-06

0.277777E-01  0.178200E-03  0.390678E-06

0.283333E-01  0.175487E-03  0.385516E-06

0.288888E-01  0.172652E-03  0.379848E-06

0.294443E-01  0.170442E-03  0.373987E-06

0.299999E-01  0.167258E-03  0.369611E-06

0.305554E-01  0.164646E-03  0.364904E-06

0.311110E-01  0.162306E-03  0.359720E-06

0.316665E-01  0.160205E-03  0.355691E-06

0.322221E-01  0.156963E-03  0.350379E-06

0.327776E-01  0.154402E-03  0.346424E-06

0.333331E-01  0.152586E-03  0.342491E-06

0.338887E-01  0.149968E-03  0.337917E-06

0.344442E-01  0.147048E-03  0.333836E-06

0.349997E-01  0.143844E-03  0.329975E-06

0.355553E-01  0.141519E-03  0.326436E-06

0.361108E-01  0.138821E-03  0.322048E-06

0.366664E-01  0.136417E-03  0.318405E-06

0.372219E-01  0.134127E-03  0.315406E-06

0.377774E-01  0.132059E-03  0.311513E-06

0.383330E-01  0.129902E-03  0.308536E-06

0.388885E-01  0.127390E-03  0.304910E-06

0.394440E-01  0.124829E-03  0.301821E-06

0.399996E-01  0.121753E-03  0.298504E-06

0.405551E-01  0.119377E-03  0.294971E-06

0.411106E-01  0.116921E-03  0.291995E-06

0.416662E-01  0.114954E-03  0.288923E-06

0.422217E-01  0.112688E-03  0.286089E-06

0.427772E-01  0.110516E-03  0.283439E-06

0.433327E-01  0.108320E-03  0.280556E-06

0.438883E-01  0.106033E-03  0.277733E-06

0.444438E-01  0.103820E-03  0.275015E-06

0.449993E-01  0.101397E-03  0.272388E-06

0.455548E-01  0.993804E-04  0.270181E-06

0.461104E-01  0.975299E-04  0.267286E-06

0.466659E-01  0.955095E-04  0.265055E-06

0.472214E-01  0.935848E-04  0.262797E-06

0.477769E-01  0.909213E-04  0.260234E-06

0.483324E-01  0.889503E-04  0.257724E-06

0.488880E-01  0.873901E-04  0.255412E-06

0.494435E-01  0.854700E-04  0.253428E-06

0.499990E-01  0.834839E-04  0.251350E-06

0.505545E-01  0.814715E-04  0.248930E-06

0.511100E-01  0.794133E-04  0.246798E-06

0.516655E-01  0.775542E-04  0.244849E-06

0.522211E-01  0.760262E-04  0.242795E-06

0.527766E-01  0.745860E-04  0.240887E-06

0.533321E-01  0.725187E-04  0.238783E-06

0.538876E-01  0.707494E-04  0.237043E-06

0.544431E-01  0.687568E-04  0.235069E-06

0.549986E-01  0.667878E-04  0.232945E-06

0.555541E-01  0.652577E-04  0.231272E-06

0.561096E-01  0.634804E-04  0.229455E-06

0.566651E-01  0.619644E-04  0.227720E-06

0.572206E-01  0.605870E-04  0.226066E-06

0.577761E-01  0.587162E-04  0.224094E-06

0.583316E-01  0.573763E-04  0.222806E-06

0.588871E-01  0.561188E-04  0.221175E-06

0.594426E-01  0.548896E-04  0.219872E-06

0.599981E-01  0.533619E-04  0.218057E-06

0.605536E-01  0.518828E-04  0.216369E-06

0.611091E-01  0.504270E-04  0.215050E-06

0.616646E-01  0.489582E-04  0.213517E-06

0.622201E-01  0.477236E-04  0.212159E-06

0.627756E-01  0.463417E-04  0.214334E-06

0.633311E-01  0.455196E-04  0.216269E-06

0.638866E-01  0.442505E-04  0.216590E-06

0.644421E-01  0.429624E-04  0.216237E-06

0.649976E-01  0.417714E-04  0.218401E-06

0.655530E-01  0.406991E-04  0.221579E-06

0.661085E-01  0.397585E-04  0.222796E-06

0.666640E-01  0.385854E-04  0.223521E-06

0.672195E-01  0.375692E-04  0.223674E-06

0.677750E-01  0.366607E-04  0.224138E-06

0.683305E-01  0.355473E-04  0.224115E-06

0.688859E-01  0.346852E-04  0.224232E-06

0.694414E-01  0.336615E-04  0.224310E-06

0.699969E-01  0.327627E-04  0.224328E-06

0.705524E-01  0.316614E-04  0.224618E-06

0.711078E-01  0.307581E-04  0.221010E-06

0.716633E-01  0.300503E-04  0.217672E-06

0.722188E-01  0.292202E-04  0.216645E-06

0.727742E-01  0.286073E-04  0.216013E-06

0.733297E-01  0.276592E-04  0.215708E-06

0.738852E-01  0.266577E-04  0.215127E-06

0.744407E-01  0.259992E-04  0.214672E-06

0.749961E-01  0.253504E-04  0.214102E-06

0.755516E-01  0.247530E-04  0.213761E-06

0.761070E-01  0.241003E-04  0.213040E-06

0.766625E-01  0.232587E-04  0.211948E-06

0.772180E-01  0.227037E-04  0.211015E-06

0.777734E-01  0.221675E-04  0.210127E-06

0.783289E-01  0.216321E-04  0.209503E-06

0.788843E-01  0.210128E-04  0.208697E-06

0.794398E-01  0.203762E-04  0.207773E-06

0.799952E-01  0.197881E-04  0.207211E-06

0.805507E-01  0.192735E-04  0.206600E-06

0.811061E-01  0.187733E-04  0.206012E-06

0.816616E-01  0.182166E-04  0.205353E-06

0.822170E-01  0.179019E-04  0.204767E-06

0.827725E-01  0.173818E-04  0.204237E-06

0.833279E-01  0.170221E-04  0.203337E-06

0.838833E-01  0.166120E-04  0.202952E-06

0.844388E-01  0.160602E-04  0.202124E-06

0.849942E-01  0.157112E-04  0.201723E-06

0.855497E-01  0.152279E-04  0.201114E-06

0.861051E-01  0.148270E-04  0.200443E-06

0.866605E-01  0.143603E-04  0.199941E-06

0.872160E-01  0.139263E-04  0.199343E-06

0.877714E-01  0.137234E-04  0.198828E-06

0.883268E-01  0.135855E-04  0.198141E-06

0.888822E-01  0.130817E-04  0.197587E-06

0.894377E-01  0.125357E-04  0.197241E-06

0.899931E-01  0.123887E-04  0.196603E-06

0.905485E-01  0.122823E-04  0.195839E-06

0.911039E-01  0.120740E-04  0.194815E-06

0.916593E-01  0.116923E-04  0.194240E-06

0.922148E-01  0.115086E-04  0.193648E-06

0.927702E-01  0.114699E-04  0.192657E-06

0.933256E-01  0.112780E-04  0.192118E-06

0.938810E-01  0.110505E-04  0.191331E-06

0.944364E-01  0.106751E-04  0.191123E-06

0.949918E-01  0.102179E-04  0.190288E-06

0.955472E-01  0.991866E-05  0.189776E-06

0.961026E-01  0.969878E-05  0.189545E-06

0.966580E-01  0.966374E-05  0.188940E-06

0.972134E-01  0.968071E-05  0.188664E-06

0.977688E-01  0.947450E-05  0.188146E-06

0.983242E-01  0.931497E-05  0.187957E-06

0.988796E-01  0.913089E-05  0.187423E-06

0.994350E-01  0.898234E-05  0.186937E-06

0.999904E-01  0.882642E-05  0.186545E-06

0.100546E+00  0.868516E-05  0.186138E-06

0.101101E+00  0.880481E-05  0.185735E-06

0.101657E+00  0.876266E-05  0.185602E-06

0.102212E+00  0.862761E-05  0.185432E-06

0.102767E+00  0.830329E-05  0.185239E-06

0.103323E+00  0.812288E-05  0.184923E-06

0.103878E+00  0.800398E-05  0.184952E-06

0.104433E+00  0.800922E-05  0.184702E-06

0.104989E+00  0.797150E-05  0.184630E-06

0.105544E+00  0.781088E-05  0.184463E-06

0.106100E+00  0.773146E-05  0.184307E-06

0.106655E+00  0.773490E-05  0.184333E-06

0.107210E+00  0.771219E-05  0.183847E-06

0.107766E+00  0.753256E-05  0.183943E-06

0.108321E+00  0.749325E-05  0.183612E-06

0.108876E+00  0.738238E-05  0.183468E-06

0.109432E+00  0.719592E-05  0.183462E-06

0.109987E+00  0.727999E-05  0.182901E-06

0.110542E+00  0.724457E-05  0.183185E-06

0.111098E+00  0.713064E-05  0.182861E-06

0.111653E+00  0.710326E-05  0.182531E-06

0.112208E+00  0.704685E-05  0.182585E-06

0.112764E+00  0.693167E-05  0.182231E-06

0.113319E+00  0.700683E-05  0.182471E-06

0.113875E+00  0.700982E-05  0.182001E-06

0.114430E+00  0.691191E-05  0.182050E-06

0.114985E+00  0.669765E-05  0.181910E-06

0.115541E+00  0.649541E-05  0.181529E-06

0.116096E+00  0.659407E-05  0.181614E-06

0.116651E+00  0.683154E-05  0.181226E-06

0.117207E+00  0.652227E-05  0.181280E-06

0.117762E+00  0.649198E-05  0.181024E-06

0.118317E+00  0.661375E-05  0.180734E-06

0.118872E+00  0.653182E-05  0.180565E-06

0.119428E+00  0.623568E-05  0.180229E-06

0.119983E+00  0.608528E-05  0.180500E-06

0.120538E+00  0.631158E-05  0.180154E-06

0.121094E+00  0.627085E-05  0.179949E-06

0.121649E+00  0.611037E-05  0.179774E-06

0.122204E+00  0.623655E-05  0.179743E-06

0.122760E+00  0.641222E-05  0.179912E-06

0.123315E+00  0.623828E-05  0.179383E-06

0.123870E+00  0.601850E-05  0.179374E-06

0.124426E+00  0.602867E-05  0.179323E-06

0.124981E+00  0.610170E-05  0.179117E-06

0.125536E+00  0.592188E-05  0.178998E-06

0.126091E+00  0.581818E-05  0.178609E-06

0.126647E+00  0.587464E-05  0.178695E-06

0.127202E+00  0.576661E-05  0.178400E-06

0.127757E+00  0.569197E-05  0.178379E-06

0.128313E+00  0.581906E-05  0.178133E-06

0.128868E+00  0.590545E-05  0.177864E-06

0.129423E+00  0.593686E-05  0.178040E-06

0.129978E+00  0.592342E-05  0.177623E-06

0.130534E+00  0.570971E-05  0.177542E-06

0.131089E+00  0.555553E-05  0.177258E-06

0.131644E+00  0.558223E-05  0.177232E-06

0.132199E+00  0.544182E-05  0.177142E-06

0.132755E+00  0.558853E-05  0.176598E-06

0.133310E+00  0.557694E-05  0.176777E-06

0.133865E+00  0.536449E-05  0.176506E-06

0.134421E+00  0.547380E-05  0.176308E-06

0.134976E+00  0.533466E-05  0.176345E-06

0.135531E+00  0.530937E-05  0.175874E-06

0.136086E+00  0.511537E-05  0.176013E-06

0.136642E+00  0.500578E-05  0.175653E-06

0.137197E+00  0.518560E-05  0.175761E-06

0.137752E+00  0.519767E-05  0.175577E-06

0.138307E+00  0.516114E-05  0.175332E-06

0.138862E+00  0.499231E-05  0.175416E-06

0.139418E+00  0.485140E-05  0.174993E-06

0.139973E+00  0.482438E-05  0.174953E-06

0.140528E+00  0.499420E-05  0.174816E-06

0.141083E+00  0.507981E-05  0.174622E-06

0.141639E+00  0.478445E-05  0.174540E-06

0.142194E+00  0.459220E-05  0.174161E-06

0.142749E+00  0.457186E-05  0.174255E-06

0.143304E+00  0.456469E-05  0.173930E-06

0.143859E+00  0.444088E-05  0.173852E-06

0.144415E+00  0.430398E-05  0.173741E-06

0.144970E+00  0.419586E-05  0.173374E-06

0.145525E+00  0.423778E-05  0.173409E-06

0.146080E+00  0.427752E-05  0.173004E-06

0.146635E+00  0.440028E-05  0.173209E-06

0.147191E+00  0.436270E-05  0.172958E-06

0.147746E+00  0.411458E-05  0.172689E-06

0.148301E+00  0.387013E-05  0.172592E-06

0.148856E+00  0.381535E-05  0.172289E-06

0.149411E+00  0.379063E-05  0.172360E-06

0.149967E+00  0.384228E-05  0.172078E-06

0.150522E+00  0.393193E-05  0.171982E-06

0.151077E+00  0.421650E-05  0.171919E-06

0.151632E+00  0.411785E-05  0.171588E-06

0.152187E+00  0.400981E-05  0.171636E-06

0.152742E+00  0.382056E-05  0.171302E-06

0.153298E+00  0.375609E-05  0.171272E-06

0.153853E+00  0.388175E-05  0.171165E-06

0.154408E+00  0.363777E-05  0.170921E-06

0.154963E+00  0.347450E-05  0.170838E-06

0.155518E+00  0.343725E-05  0.170460E-06

0.156073E+00  0.341536E-05  0.170630E-06

0.156629E+00  0.342010E-05  0.170264E-06

0.157184E+00  0.319269E-05  0.170022E-06

0.157739E+00  0.329141E-05  0.170037E-06

0.158294E+00  0.323398E-05  0.169752E-06

0.158849E+00  0.326299E-05  0.169821E-06

0.159404E+00  0.333959E-05  0.169324E-06

0.159959E+00  0.338108E-05  0.169373E-06

0.160514E+00  0.317086E-05  0.169288E-06

0.161070E+00  0.325114E-05  0.169043E-06

0.161625E+00  0.309682E-05  0.169094E-06

0.162180E+00  0.294304E-05  0.168621E-06

0.162735E+00  0.270701E-05  0.168623E-06

0.163290E+00  0.257538E-05  0.168410E-06

0.163845E+00  0.270162E-05  0.168245E-06

0.164400E+00  0.291812E-05  0.168259E-06

0.164955E+00  0.298069E-05  0.167788E-06

0.165510E+00  0.292794E-05  0.168083E-06

0.166066E+00  0.267697E-05  0.167671E-06

0.166621E+00  0.253258E-05  0.167428E-06

0.167176E+00  0.255442E-05  0.167480E-06

0.167731E+00  0.269905E-05  0.167208E-06

0.168286E+00  0.254907E-05  0.167203E-06

0.168841E+00  0.261704E-05  0.166692E-06

0.169396E+00  0.275785E-05  0.166834E-06

0.169951E+00  0.259723E-05  0.166694E-06

0.170506E+00  0.249069E-05  0.166451E-06

0.171061E+00  0.240666E-05  0.166476E-06

0.171616E+00  0.240523E-05  0.166077E-06

0.172171E+00  0.222017E-05  0.166096E-06

0.172726E+00  0.223180E-05  0.165963E-06

0.173281E+00  0.233417E-05  0.165765E-06

0.173837E+00  0.220561E-05  0.165732E-06

0.174392E+00  0.205682E-05  0.165381E-06

0.174947E+00  0.198748E-05  0.165541E-06

0.175502E+00  0.213486E-05  0.165218E-06

0.176057E+00  0.193653E-05  0.165151E-06

0.176612E+00  0.173981E-05  0.165052E-06

0.177167E+00  0.186863E-05  0.164841E-06

0.177722E+00  0.208015E-05  0.164859E-06

0.178277E+00  0.213568E-05  0.164528E-06

0.178832E+00  0.202011E-05  0.164591E-06

0.179387E+00  0.203524E-05  0.164363E-06

0.179942E+00  0.201350E-05  0.164199E-06

0.180497E+00  0.191493E-05  0.164115E-06

0.181052E+00  0.189854E-05  0.163840E-06

0.181607E+00  0.182974E-05  0.163891E-06

0.182162E+00  0.189596E-05  0.163570E-06

0.182717E+00  0.189766E-05  0.163542E-06

0.183272E+00  0.191211E-05  0.163415E-06

0.183827E+00  0.184821E-05  0.163150E-06

0.184382E+00  0.163127E-05  0.163290E-06

0.184937E+00  0.164327E-05  0.162855E-06

0.185492E+00  0.164656E-05  0.162887E-06

0.186047E+00  0.168892E-05  0.162766E-06

0.186602E+00  0.152722E-05  0.162599E-06

0.187157E+00  0.163570E-05  0.162546E-06

0.187712E+00  0.165115E-05  0.162253E-06

0.188267E+00  0.162161E-05  0.162438E-06

0.188822E+00  0.188319E-05  0.162223E-06

0.189377E+00  0.171868E-05  0.162048E-06

0.189931E+00  0.169944E-05  0.162007E-06

0.190486E+00  0.167043E-05  0.161671E-06

0.191041E+00  0.166831E-05  0.161761E-06

0.191596E+00  0.168908E-05  0.161405E-06

0.192151E+00  0.159960E-05  0.161437E-06

0.192706E+00  0.139898E-05  0.161335E-06

0.193261E+00  0.136373E-05  0.160986E-06

0.193816E+00  0.150175E-05  0.161087E-06

0.194371E+00  0.159315E-05  0.160676E-06

0.194926E+00  0.158892E-05  0.160764E-06

0.195481E+00  0.140630E-05  0.160480E-06

0.196036E+00  0.132569E-05  0.160292E-06

0.196591E+00  0.148366E-05  0.160322E-06

0.197146E+00  0.144524E-05  0.159997E-06

0.197700E+00  0.148385E-05  0.160088E-06

0.198255E+00  0.158866E-05  0.159727E-06

0.198810E+00  0.151634E-05  0.159718E-06

0.199365E+00  0.146193E-05  0.159542E-06

0.199920E+00  0.147070E-05  0.159291E-06

0.200475E+00  0.150244E-05  0.159304E-06

0.201030E+00  0.134381E-05  0.158918E-06

0.201585E+00  0.127689E-05  0.158975E-06

0.202139E+00  0.134065E-05  0.158826E-06

0.202694E+00  0.153104E-05  0.158591E-06

0.203249E+00  0.151510E-05  0.158640E-06

0.203804E+00  0.143519E-05  0.158273E-06

0.204359E+00  0.127235E-05  0.158412E-06

0.204914E+00  0.123807E-05  0.158016E-06

0.205469E+00  0.149297E-05  0.158025E-06

0.206023E+00  0.145552E-05  0.157905E-06

0.206578E+00  0.111562E-05  0.157591E-06

0.207133E+00  0.129208E-05  0.157621E-06

0.207688E+00  0.133216E-05  0.157303E-06

0.208243E+00  0.112775E-05  0.157275E-06

0.208798E+00  0.116244E-05  0.157079E-06

0.209352E+00  0.115620E-05  0.156832E-06

0.209907E+00  0.121745E-05  0.156900E-06

0.210462E+00  0.126425E-05  0.156595E-06

0.211017E+00  0.114310E-05  0.158998E-06

0.211572E+00  0.122218E-05  0.164156E-06

0.212126E+00  0.133315E-05  0.168535E-06

0.212681E+00  0.134928E-05  0.172172E-06

0.213236E+00  0.119434E-05  0.174613E-06

0.213791E+00  0.129038E-05  0.177099E-06

0.214346E+00  0.130419E-05  0.179426E-06

0.214900E+00  0.129494E-05  0.182135E-06

0.215455E+00  0.115935E-05  0.184521E-06

0.216010E+00  0.108081E-05  0.186870E-06

0.216565E+00  0.114407E-05  0.189649E-06

0.217120E+00  0.121024E-05  0.191543E-06

0.217674E+00  0.112964E-05  0.194155E-06

0.218229E+00  0.102995E-05  0.195635E-06

0.218784E+00  0.100110E-05  0.197136E-06

0.219339E+00  0.102570E-05  0.197711E-06

0.219893E+00  0.121437E-05  0.193338E-06

0.220448E+00  0.131345E-05  0.191140E-06

0.221003E+00  0.129284E-05  0.188788E-06

0.221557E+00  0.120882E-05  0.187255E-06

0.222112E+00  0.119440E-05  0.185927E-06

0.222667E+00  0.125807E-05  0.184315E-06

0.223222E+00  0.123040E-05  0.183498E-06

0.223776E+00  0.109158E-05  0.181984E-06

0.224331E+00  0.128169E-05  0.181455E-06

0.224886E+00  0.125550E-05  0.180526E-06

0.225440E+00  0.110620E-05  0.179357E-06

0.225995E+00  0.112769E-05  0.178829E-06

0.226550E+00  0.113036E-05  0.177743E-06

0.227105E+00  0.946252E-06  0.177366E-06

0.227659E+00  0.103968E-05  0.176421E-06

0.228214E+00  0.105189E-05  0.175656E-06

0.228769E+00  0.110071E-05  0.175519E-06

0.229323E+00  0.970113E-06  0.175046E-06

0.229878E+00  0.905173E-06  0.174974E-06

0.230433E+00  0.974220E-06  0.174471E-06

0.230987E+00  0.118055E-05  0.174250E-06

0.231542E+00  0.113118E-05  0.173487E-06

0.232097E+00  0.111863E-05  0.172695E-06

0.232651E+00  0.120976E-05  0.172454E-06

0.233206E+00  0.125089E-05  0.171653E-06

0.233760E+00  0.123734E-05  0.171504E-06

0.234315E+00  0.112729E-05  0.170730E-06

0.234870E+00  0.100391E-05  0.170334E-06

0.235424E+00  0.965603E-06  0.170031E-06

0.235979E+00  0.973469E-06  0.169356E-06

0.236534E+00  0.881628E-06  0.169048E-06

0.237088E+00  0.910264E-06  0.168301E-06

0.237643E+00  0.100209E-05  0.168080E-06

0.238197E+00  0.866988E-06  0.167641E-06

0.238752E+00  0.905565E-06  0.167028E-06

0.239307E+00  0.954907E-06  0.166740E-06

0.239861E+00  0.991317E-06  0.166044E-06

0.240416E+00  0.112450E-05  0.165941E-06

0.240970E+00  0.124974E-05  0.165465E-06

0.241525E+00  0.100509E-05  0.164783E-06

0.242080E+00  0.679653E-06  0.164549E-06

0.242634E+00  0.667511E-06  0.163852E-06

0.243189E+00  0.828091E-06  0.163789E-06

0.243743E+00  0.957330E-06  0.163106E-06

0.244298E+00  0.913703E-06  0.162694E-06

0.244852E+00  0.978966E-06  0.162430E-06

0.245407E+00  0.872006E-06  0.161899E-06

0.245961E+00  0.960269E-06  0.161758E-06

0.246516E+00  0.103863E-05  0.161139E-06

0.247070E+00  0.115127E-05  0.160995E-06

0.247625E+00  0.125667E-05  0.160661E-06

0.248180E+00  0.115419E-05  0.160085E-06

0.248734E+00  0.103662E-05  0.159971E-06

0.249289E+00  0.968402E-06  0.159369E-06

0.249843E+00  0.956411E-06  0.159390E-06

0.250398E+00  0.932333E-06  0.158862E-06

0.250952E+00  0.931830E-06  0.158498E-06

0.251507E+00  0.103261E-05  0.158342E-06

0.252061E+00  0.955000E-06  0.157809E-06

0.252616E+00  0.966356E-06  0.157689E-06

0.253170E+00  0.847071E-06  0.157045E-06

0.253724E+00  0.888108E-06  0.156879E-06

0.254279E+00  0.100818E-05  0.156615E-06

0.254833E+00  0.117438E-05  0.156209E-06

0.255388E+00  0.102443E-05  0.155973E-06

0.255942E+00  0.991064E-06  0.155473E-06

0.256497E+00  0.102641E-05  0.155336E-06

0.257051E+00  0.972358E-06  0.155023E-06

0.257606E+00  0.825378E-06  0.154549E-06

0.258160E+00  0.881141E-06  0.154437E-06

0.258714E+00  0.974332E-06  0.153924E-06

0.259269E+00  0.899350E-06  0.153892E-06

0.259823E+00  0.900816E-06  0.153476E-06

0.260378E+00  0.866941E-06  0.153285E-06

0.260932E+00  0.943051E-06  0.153122E-06

0.261487E+00  0.922141E-06  0.152653E-06

0.262041E+00  0.961036E-06  0.152451E-06

0.262595E+00  0.109229E-05  0.151878E-06

0.263150E+00  0.971887E-06  0.151777E-06

0.263704E+00  0.724486E-06  0.151495E-06

0.264259E+00  0.914456E-06  0.151217E-06

0.264813E+00  0.109936E-05  0.151119E-06

0.265367E+00  0.102717E-05  0.150670E-06

0.265922E+00  0.923257E-06  0.150580E-06

0.266476E+00  0.954334E-06  0.150208E-06

0.267030E+00  0.954317E-06  0.149881E-06

0.267585E+00  0.797352E-06  0.149759E-06

0.268139E+00  0.837849E-06  0.149331E-06

0.268693E+00  0.849956E-06  0.149291E-06

0.269248E+00  0.828077E-06  0.148819E-06

0.269802E+00  0.821018E-06  0.148712E-06

0.270356E+00  0.890030E-06  0.148525E-06

0.270911E+00  0.961855E-06  0.148218E-06

0.271465E+00  0.106801E-05  0.148103E-06

0.272019E+00  0.966304E-06  0.147670E-06

0.272574E+00  0.102382E-05  0.147664E-06

0.273128E+00  0.980813E-06  0.147311E-06

0.273682E+00  0.868508E-06  0.147106E-06

0.274237E+00  0.869564E-06  0.146892E-06

0.274791E+00  0.825016E-06  0.146493E-06

0.275345E+00  0.816416E-06  0.146459E-06

0.275899E+00  0.757300E-06  0.146045E-06

0.276454E+00  0.898620E-06  0.145939E-06

0.277008E+00  0.107051E-05  0.145789E-06

0.277562E+00  0.101929E-05  0.145389E-06

0.278116E+00  0.904770E-06  0.145466E-06

0.278671E+00  0.781822E-06  0.144862E-06

0.279225E+00  0.949819E-06  0.144883E-06

0.279779E+00  0.105240E-05  0.144647E-06

0.280333E+00  0.103180E-05  0.144439E-06

0.280888E+00  0.979427E-06  0.144377E-06

0.281442E+00  0.934376E-06  0.143891E-06

0.281996E+00  0.915691E-06  0.143901E-06

0.282550E+00  0.682775E-06  0.143500E-06

0.283104E+00  0.760339E-06  0.143341E-06

0.283659E+00  0.813008E-06  0.143233E-06

0.284213E+00  0.699466E-06  0.142885E-06

0.284767E+00  0.549237E-06  0.142863E-06

0.285321E+00  0.721647E-06  0.142482E-06

0.285875E+00  0.929975E-06  0.142375E-06

0.286430E+00  0.815925E-06  0.142203E-06

0.286984E+00  0.649134E-06  0.141883E-06

0.287538E+00  0.686283E-06  0.141891E-06

0.288092E+00  0.773238E-06  0.141500E-06

0.288646E+00  0.708036E-06  0.141401E-06

0.289200E+00  0.518590E-06  0.141122E-06

0.289755E+00  0.671853E-06  0.140916E-06

0.290309E+00  0.914681E-06  0.140782E-06

0.290863E+00  0.947572E-06  0.140557E-06

0.291417E+00  0.804452E-06  0.140391E-06

0.291971E+00  0.789342E-06  0.140204E-06

0.292525E+00  0.844940E-06  0.140002E-06

0.293079E+00  0.896742E-06  0.139848E-06

0.293633E+00  0.791708E-06  0.139649E-06

0.294188E+00  0.797332E-06  0.139388E-06

0.294742E+00  0.765299E-06  0.139279E-06

0.295296E+00  0.836412E-06  0.138975E-06

0.295850E+00  0.908742E-06  0.138927E-06

0.296404E+00  0.877142E-06  0.138868E-06

0.296958E+00  0.870661E-06  0.138673E-06

0.297512E+00  0.871776E-06  0.138766E-06

0.298066E+00  0.887271E-06  0.138515E-06

0.298620E+00  0.774386E-06  0.138476E-06

0.299174E+00  0.686201E-06  0.138188E-06

0.299728E+00  0.720977E-06  0.137928E-06

0.300282E+00  0.738449E-06  0.137828E-06

0.300836E+00  0.739798E-06  0.137576E-06

0.301390E+00  0.706809E-06  0.137450E-06

0.301944E+00  0.722362E-06  0.137230E-06

0.302498E+00  0.835050E-06  0.137040E-06

0.303052E+00  0.912573E-06  0.136963E-06

0.303606E+00  0.853884E-06  0.136804E-06

0.304160E+00  0.681921E-06  0.136573E-06

0.304714E+00  0.482992E-06  0.136445E-06

0.305268E+00  0.625324E-06  0.136381E-06

0.305822E+00  0.835439E-06  0.136373E-06

0.306376E+00  0.875658E-06  0.136279E-06

0.306930E+00  0.773411E-06  0.136152E-06

0.307484E+00  0.728789E-06  0.136076E-06

0.308038E+00  0.841369E-06  0.136009E-06

0.308592E+00  0.917174E-06  0.135995E-06

0.309146E+00  0.898834E-06  0.135868E-06

0.309700E+00  0.903106E-06  0.135825E-06

0.310254E+00  0.862026E-06  0.135725E-06

0.310808E+00  0.755082E-06  0.135694E-06

0.311362E+00  0.514000E-06  0.135565E-06

0.311916E+00  0.532622E-06  0.135458E-06

0.312470E+00  0.772362E-06  0.135434E-06

0.313024E+00  0.786224E-06  0.135382E-06

0.313577E+00  0.777983E-06  0.135308E-06

0.314131E+00  0.864979E-06  0.135156E-06

0.314685E+00  0.763361E-06  0.135215E-06

0.315239E+00  0.761303E-06  0.135037E-06

0.315793E+00  0.934262E-06  0.135072E-06

0.316347E+00  0.989102E-06  0.134921E-06

0.316901E+00  0.934019E-06  0.134782E-06

0.317455E+00  0.787955E-06  0.134814E-06

0.318008E+00  0.670842E-06  0.134577E-06

0.318562E+00  0.678183E-06  0.134632E-06

0.319116E+00  0.786732E-06  0.134516E-06

0.319670E+00  0.866029E-06  0.134407E-06

0.320224E+00  0.861589E-06  0.134516E-06

0.320778E+00  0.812275E-06  0.134156E-06

0.321331E+00  0.804160E-06  0.134276E-06

0.321885E+00  0.816738E-06  0.134120E-06

0.322439E+00  0.762402E-06  0.134033E-06

0.322993E+00  0.734219E-06  0.134113E-06

0.323547E+00  0.717039E-06  0.133751E-06

0.324100E+00  0.795918E-06  0.133955E-06

0.324654E+00  0.856668E-06  0.133717E-06

0.325208E+00  0.875456E-06  0.133745E-06

0.325762E+00  0.898601E-06  0.133680E-06

0.326316E+00  0.852059E-06  0.133445E-06

0.326869E+00  0.765871E-06  0.133581E-06

0.327423E+00  0.684452E-06  0.133393E-06

0.327977E+00  0.706827E-06  0.133374E-06

0.328531E+00  0.868795E-06  0.133356E-06

0.329084E+00  0.905806E-06  0.133180E-06

0.329638E+00  0.895232E-06  0.133251E-06

0.330192E+00  0.822944E-06  0.132969E-06

0.330745E+00  0.792951E-06  0.133051E-06

0.331299E+00  0.892662E-06  0.132965E-06

0.331853E+00  0.858644E-06  0.132871E-06

0.332407E+00  0.835334E-06  0.132929E-06

0.332960E+00  0.805526E-06  0.132645E-06

0.333514E+00  0.851258E-06  0.132736E-06

0.334068E+00  0.848718E-06  0.132538E-06

0.334621E+00  0.834770E-06  0.132567E-06

0.335175E+00  0.871714E-06  0.132491E-06

0.335729E+00  0.100850E-05  0.132375E-06

0.336282E+00  0.895582E-06  0.132390E-06

0.336836E+00  0.826532E-06  0.132232E-06

0.337390E+00  0.788500E-06  0.132227E-06

0.337943E+00  0.758146E-06  0.132079E-06

0.338497E+00  0.798905E-06  0.132046E-06

0.339050E+00  0.919367E-06  0.132055E-06

0.339604E+00  0.946608E-06  0.131875E-06

0.340158E+00  0.100387E-05  0.131943E-06

0.340711E+00  0.902885E-06  0.131753E-06

0.341265E+00  0.886347E-06  0.131767E-06

0.341818E+00  0.836175E-06  0.131691E-06

0.342372E+00  0.887399E-06  0.131521E-06

0.342926E+00  0.927267E-06  0.131596E-06

0.343479E+00  0.108091E-05  0.131355E-06

0.344033E+00  0.981020E-06  0.132968E-06

0.344586E+00  0.990477E-06  0.134984E-06

0.345140E+00  0.987845E-06  0.136277E-06

0.345693E+00  0.995378E-06  0.137374E-06

0.346247E+00  0.991743E-06  0.138064E-06

0.346800E+00  0.940707E-06  0.139069E-06

0.347354E+00  0.931383E-06  0.139574E-06

0.347907E+00  0.800587E-06  0.140345E-06

0.348461E+00  0.791242E-06  0.141029E-06

0.349014E+00  0.925135E-06  0.141318E-06

0.349568E+00  0.106510E-05  0.141854E-06

0.350121E+00  0.937256E-06  0.141801E-06

0.350675E+00  0.875838E-06  0.142210E-06

0.351228E+00  0.769909E-06  0.142395E-06

0.351782E+00  0.738252E-06  0.142420E-06

0.352335E+00  0.755868E-06  0.142915E-06

0.352889E+00  0.791268E-06  0.143030E-06

0.353442E+00  0.836734E-06  0.143483E-06

0.353996E+00  0.895399E-06  0.143524E-06

0.354549E+00  0.880073E-06  0.143643E-06

0.355103E+00  0.917228E-06  0.144023E-06

0.355656E+00  0.776644E-06  0.144017E-06

0.356209E+00  0.830598E-06  0.144347E-06

0.356763E+00  0.849698E-06  0.144394E-06

0.357316E+00  0.788356E-06  0.144598E-06

0.357870E+00  0.879284E-06  0.144835E-06

0.358423E+00  0.847109E-06  0.144705E-06

0.358976E+00  0.661247E-06  0.145040E-06

0.359530E+00  0.854652E-06  0.144963E-06

0.360083E+00  0.953687E-06  0.145243E-06

0.360637E+00  0.839300E-06  0.145297E-06

0.361190E+00  0.757298E-06  0.145258E-06

0.361743E+00  0.883117E-06  0.145552E-06

0.362297E+00  0.992841E-06  0.145462E-06

0.362850E+00  0.973843E-06  0.145719E-06

0.363403E+00  0.823741E-06  0.145623E-06

0.363957E+00  0.892387E-06  0.145851E-06

0.364510E+00  0.892928E-06  0.145980E-06

0.365063E+00  0.761259E-06  0.145975E-06

0.365617E+00  0.824531E-06  0.146215E-06

0.366170E+00  0.837537E-06  0.146145E-06

0.366723E+00  0.752433E-06  0.146353E-06

0.367276E+00  0.344735E-06  0.146455E-06

0.367830E+00  0.760272E-06  0.146427E-06

0.368383E+00  0.871436E-06  0.146728E-06

0.368936E+00  0.773371E-06  0.146633E-06

0.369490E+00  0.732141E-06  0.146938E-06

0.370043E+00  0.958191E-06  0.146797E-06

0.370596E+00  0.948039E-06  0.146922E-06

0.371149E+00  0.975829E-06  0.147109E-06

0.371702E+00  0.809373E-06  0.146995E-06

0.372256E+00  0.820656E-06  0.147312E-06

0.372809E+00  0.957676E-06  0.147060E-06

0.373362E+00  0.840932E-06  0.147319E-06

0.373915E+00  0.879557E-06  0.147373E-06

0.374469E+00  0.858449E-06  0.147418E-06

0.375022E+00  0.737578E-06  0.147627E-06

0.375575E+00  0.864480E-06  0.147411E-06

0.376128E+00  0.100304E-05  0.147770E-06

0.376681E+00  0.930997E-06  0.147745E-06

0.377234E+00  0.825189E-06  0.147736E-06

0.377788E+00  0.958015E-06  0.148013E-06

0.378341E+00  0.849814E-06  0.147779E-06

0.378894E+00  0.833510E-06  0.148202E-06

0.379447E+00  0.932803E-06  0.148031E-06

0.380000E+00  0.747200E-06  0.148130E-06

0.380553E+00  0.711980E-06  0.148315E-06

0.381106E+00  0.733868E-06  0.148176E-06

0.381659E+00  0.709888E-06  0.148505E-06

0.382213E+00  0.863242E-06  0.148272E-06

0.382766E+00  0.910062E-06  0.148570E-06

0.383319E+00  0.822721E-06  0.148563E-06

0.383872E+00  0.847384E-06  0.148562E-06

0.384425E+00  0.860815E-06  0.148833E-06

0.384978E+00  0.928777E-06  0.148646E-06

0.385531E+00  0.103086E-05  0.148938E-06

0.386084E+00  0.761484E-06  0.148855E-06

0.386637E+00  0.632722E-06  0.148893E-06

0.387190E+00  0.975839E-06  0.149143E-06

0.387743E+00  0.973107E-06  0.148969E-06

0.388296E+00  0.874981E-06  0.149253E-06

0.388849E+00  0.936909E-06  0.149071E-06

0.389402E+00  0.870031E-06  0.149328E-06

0.389955E+00  0.824726E-06  0.149468E-06

0.390508E+00  0.879787E-06  0.149372E-06

0.391061E+00  0.946644E-06  0.149672E-06

0.391614E+00  0.101193E-05  0.149460E-06

0.392167E+00  0.925591E-06  0.149746E-06

0.392720E+00  0.954223E-06  0.149680E-06

0.393273E+00  0.970268E-06  0.149718E-06

0.393826E+00  0.746611E-06  0.149886E-06

0.394379E+00  0.847334E-06  0.149712E-06

0.394932E+00  0.934235E-06  0.149950E-06

0.395485E+00  0.803288E-06  0.149830E-06

0.396038E+00  0.804626E-06  0.149975E-06

0.396591E+00  0.768788E-06  0.150110E-06

0.397143E+00  0.839329E-06  0.149983E-06

0.397696E+00  0.100617E-05  0.150278E-06

0.398249E+00  0.116267E-05  0.150074E-06

0.398802E+00  0.102902E-05  0.150393E-06

0.399355E+00  0.935122E-06  0.150316E-06

0.399908E+00  0.844772E-06  0.150356E-06

0.400461E+00  0.880722E-06  0.150477E-06

0.401013E+00  0.861024E-06  0.150314E-06

0.401566E+00  0.641914E-06  0.150626E-06

0.402119E+00  0.556267E-06  0.150359E-06

0.402672E+00  0.848893E-06  0.150604E-06

0.403225E+00  0.998082E-06  0.150749E-06

0.403778E+00  0.109482E-05  0.150580E-06

0.404330E+00  0.100674E-05  0.150933E-06

0.404883E+00  0.908559E-06  0.150495E-06

0.405436E+00  0.934523E-06  0.150530E-06

0.405989E+00  0.831929E-06  0.150476E-06

0.406542E+00  0.672797E-06  0.150196E-06

0.407094E+00  0.856621E-06  0.150401E-06

0.407647E+00  0.916914E-06  0.149933E-06

0.408200E+00  0.713316E-06  0.150118E-06

0.408753E+00  0.685136E-06  0.149987E-06

0.409305E+00  0.714826E-06  0.150021E-06

0.409858E+00  0.781265E-06  0.150257E-06

0.410411E+00  0.805754E-06  0.150057E-06

0.410963E+00  0.681256E-06  0.150330E-06

0.411516E+00  0.688130E-06  0.150156E-06

0.412069E+00  0.714832E-06  0.150273E-06

0.412622E+00  0.656695E-06  0.150337E-06

0.413174E+00  0.892464E-06  0.150298E-06

0.413727E+00  0.929140E-06  0.150504E-06

0.414280E+00  0.992464E-06  0.150309E-06

0.414832E+00  0.944935E-06  0.150566E-06

0.415385E+00  0.915814E-06  0.150546E-06

0.415938E+00  0.932889E-06  0.150531E-06

0.416490E+00  0.785406E-06  0.150687E-06

0.417043E+00  0.697274E-06  0.150473E-06

0.417595E+00  0.904709E-06  0.150768E-06

0.418148E+00  0.926075E-06  0.150599E-06

0.418701E+00  0.782431E-06  0.150712E-06

0.419253E+00  0.766556E-06  0.150763E-06

0.419806E+00  0.824762E-06  0.150737E-06

0.420358E+00  0.809190E-06  0.150981E-06

0.420911E+00  0.876931E-06  0.150709E-06

0.421464E+00  0.915771E-06  0.150984E-06

0.422016E+00  0.917804E-06  0.150929E-06

0.422569E+00  0.915825E-06  0.150928E-06

0.423121E+00  0.690196E-06  0.151089E-06

0.423674E+00  0.724180E-06  0.150825E-06

0.424226E+00  0.927779E-06  0.151186E-06

0.424779E+00  0.961936E-06  0.151054E-06

0.425331E+00  0.910479E-06  0.151114E-06

0.425884E+00  0.972298E-06  0.151270E-06

0.426436E+00  0.882340E-06  0.151015E-06

0.426989E+00  0.824753E-06  0.151408E-06

0.427541E+00  0.874081E-06  0.151112E-06

0.428094E+00  0.713451E-06  0.151359E-06

0.428646E+00  0.897570E-06  0.151318E-06

0.429199E+00  0.105541E-05  0.151211E-06

0.429751E+00  0.772900E-06  0.151452E-06

0.430304E+00  0.765731E-06  0.151178E-06

0.430856E+00  0.796208E-06  0.151472E-06

0.431408E+00  0.674075E-06  0.151374E-06

0.431961E+00  0.675745E-06  0.151379E-06

0.432513E+00  0.770190E-06  0.151531E-06

0.433066E+00  0.674101E-06  0.151292E-06

0.433618E+00  0.734567E-06  0.151590E-06

0.434170E+00  0.829414E-06  0.151379E-06

0.434723E+00  0.897723E-06  0.151538E-06

0.435275E+00  0.792331E-06  0.151620E-06

0.435827E+00  0.825557E-06  0.151401E-06

0.436380E+00  0.911724E-06  0.151735E-06

0.436932E+00  0.920640E-06  0.151417E-06

0.437484E+00  0.926116E-06  0.151747E-06

0.438037E+00  0.899117E-06  0.151635E-06

0.438589E+00  0.816425E-06  0.151597E-06

0.439141E+00  0.793133E-06  0.151847E-06

0.439694E+00  0.806530E-06  0.151547E-06

0.440246E+00  0.952403E-06  0.151896E-06

0.440798E+00  0.884210E-06  0.151721E-06

0.441351E+00  0.878173E-06  0.151843E-06

0.441903E+00  0.965987E-06  0.151955E-06

0.442455E+00  0.816151E-06  0.151749E-06

0.443007E+00  0.751811E-06  0.151973E-06

0.443560E+00  0.875791E-06  0.151745E-06

0.444112E+00  0.879294E-06  0.151992E-06

0.444664E+00  0.756689E-06  0.152027E-06

0.445216E+00  0.931579E-06  0.151950E-06

0.445768E+00  0.897487E-06  0.152237E-06

0.446321E+00  0.940986E-06  0.151947E-06

0.446873E+00  0.891231E-06  0.152292E-06

0.447425E+00  0.918625E-06  0.152112E-06

0.447977E+00  0.881674E-06  0.152177E-06

0.448529E+00  0.924417E-06  0.152288E-06

0.449082E+00  0.976663E-06  0.152117E-06

0.449634E+00  0.940584E-06  0.152379E-06

0.450186E+00  0.834052E-06  0.152129E-06

0.450738E+00  0.803699E-06  0.152290E-06

0.451290E+00  0.786710E-06  0.152315E-06

0.451842E+00  0.824333E-06  0.152160E-06

0.452394E+00  0.825380E-06  0.152361E-06

0.452946E+00  0.738277E-06  0.152114E-06

0.453499E+00  0.775355E-06  0.152394E-06

0.454051E+00  0.766835E-06  0.152336E-06

0.454603E+00  0.879549E-06  0.152301E-06

0.455155E+00  0.830957E-06  0.152523E-06

0.455707E+00  0.778331E-06  0.152188E-06

0.456259E+00  0.907467E-06  0.152554E-06

0.456811E+00  0.880797E-06  0.152286E-06

0.457363E+00  0.843713E-06  0.152652E-06

0.457915E+00  0.883414E-06  0.152637E-06

0.458467E+00  0.810002E-06  0.152379E-06

0.459019E+00  0.689587E-06  0.152603E-06

0.459571E+00  0.758892E-06  0.152374E-06

0.460123E+00  0.809150E-06  0.152651E-06

0.460675E+00  0.847731E-06  0.152619E-06

0.461227E+00  0.866802E-06  0.152520E-06

0.461779E+00  0.750265E-06  0.152726E-06

0.462331E+00  0.715566E-06  0.152365E-06

0.462883E+00  0.744316E-06  0.152767E-06

0.463435E+00  0.933011E-06  0.152616E-06

0.463987E+00  0.950242E-06  0.152620E-06

0.464539E+00  0.911194E-06  0.152858E-06

0.465091E+00  0.842837E-06  0.152563E-06

0.465642E+00  0.841874E-06  0.152965E-06

0.466194E+00  0.822526E-06  0.152651E-06

0.466746E+00  0.807385E-06  0.152816E-06

0.467298E+00  0.773004E-06  0.152909E-06

0.467850E+00  0.759053E-06  0.152725E-06

0.468402E+00  0.748850E-06  0.152968E-06

0.468954E+00  0.758712E-06  0.152717E-06

0.469506E+00  0.984767E-06  0.152958E-06

0.470057E+00  0.106260E-05  0.152962E-06

0.470609E+00  0.100631E-05  0.152853E-06

0.471161E+00  0.103243E-05  0.153103E-06

0.471713E+00  0.106446E-05  0.152778E-06

0.472265E+00  0.104854E-05  0.153098E-06

0.472816E+00  0.906168E-06  0.152924E-06

0.473368E+00  0.881601E-06  0.153019E-06

0.473920E+00  0.809668E-06  0.153065E-06

0.474472E+00  0.701983E-06  0.152980E-06

0.475024E+00  0.756181E-06  0.153294E-06

0.475575E+00  0.756439E-06  0.152909E-06

0.476127E+00  0.836447E-06  0.153287E-06

0.476679E+00  0.923180E-06  0.153093E-06

0.477230E+00  0.930886E-06  0.153167E-06

0.477782E+00  0.792348E-06  0.153273E-06

0.478334E+00  0.788283E-06  0.153058E-06

0.478886E+00  0.868994E-06  0.153357E-06

0.479437E+00  0.799447E-06  0.153122E-06

0.479989E+00  0.703799E-06  0.153295E-06

0.480541E+00  0.796413E-06  0.153330E-06

0.481092E+00  0.850940E-06  0.153241E-06

0.481644E+00  0.767875E-06  0.153466E-06

0.482196E+00  0.525876E-06  0.153311E-06

0.482747E+00  0.853824E-06  0.153437E-06

0.483299E+00  0.839936E-06  0.153402E-06

0.483850E+00  0.784290E-06  0.153374E-06

0.484402E+00  0.821713E-06  0.153571E-06

0.484954E+00  0.675222E-06  0.153322E-06

0.485505E+00  0.831810E-06  0.153514E-06

0.486057E+00  0.933260E-06  0.153511E-06

0.486608E+00  0.943654E-06  0.153469E-06

0.487160E+00  0.932372E-06  0.153538E-06

0.487711E+00  0.891016E-06  0.153449E-06

0.488263E+00  0.892511E-06  0.153603E-06

0.488815E+00  0.875572E-06  0.153546E-06

0.489366E+00  0.830218E-06  0.153480E-06

0.489918E+00  0.870828E-06  0.153647E-06

0.490469E+00  0.867488E-06  0.153538E-06

0.491021E+00  0.870044E-06  0.153636E-06

0.491572E+00  0.727903E-06  0.153638E-06

0.492124E+00  0.870495E-06  0.153634E-06

0.492675E+00  0.818076E-06  0.154790E-06

0.493227E+00  0.837009E-06  0.159084E-06

0.493778E+00  0.998513E-06  0.162691E-06

0.494329E+00  0.874252E-06  0.165223E-06

0.494881E+00  0.640523E-06  0.167568E-06

0.495432E+00  0.692526E-06  0.170000E-06

0.495984E+00  0.841662E-06  0.171855E-06

0.496535E+00  0.852474E-06  0.173139E-06

0.497086E+00  0.906809E-06  0.174194E-06

0.497638E+00  0.813811E-06  0.175061E-06

0.498189E+00  0.901452E-06  0.176600E-06

0.498741E+00  0.785928E-06  0.178025E-06

0.499292E+00  0.731360E-06  0.179419E-06

0.499843E+00  0.769981E-06  0.180972E-06

0.500395E+00  0.928103E-06  0.182391E-06

0.500946E+00  0.102029E-05  0.183669E-06

0.501497E+00  0.789324E-06  0.185077E-06

0.502049E+00  0.839487E-06  0.186581E-06

0.502600E+00  0.841543E-06  0.187911E-06

0.503151E+00  0.106172E-05  0.189344E-06

0.503703E+00  0.102905E-05  0.190617E-06

0.504254E+00  0.986382E-06  0.192014E-06

0.504805E+00  0.934320E-06  0.193578E-06

0.505356E+00  0.765326E-06  0.194811E-06

0.505908E+00  0.733244E-06  0.196125E-06

0.506459E+00  0.769768E-06  0.197707E-06

0.507010E+00  0.788188E-06  0.199015E-06

0.507561E+00  0.810332E-06  0.200482E-06

0.508112E+00  0.890392E-06  0.201694E-06

0.508664E+00  0.100352E-05  0.203231E-06

0.509215E+00  0.873049E-06  0.204743E-06

0.509766E+00  0.807649E-06  0.205976E-06

0.510317E+00  0.924842E-06  0.207505E-06

0.510868E+00  0.720588E-06  0.208907E-06

0.511420E+00  0.549827E-06  0.210064E-06

0.511971E+00  0.747646E-06  0.211353E-06

0.512522E+00  0.861901E-06  0.213179E-06

0.513073E+00  0.830001E-06  0.214626E-06

0.513624E+00  0.812236E-06  0.216293E-06

0.514175E+00  0.856656E-06  0.217786E-06

0.514726E+00  0.855858E-06  0.219446E-06

0.515277E+00  0.725689E-06  0.220678E-06

0.515828E+00  0.612694E-06  0.222538E-06

0.516379E+00  0.653726E-06  0.224117E-06

0.516931E+00  0.926174E-06  0.225651E-06

0.517482E+00  0.967344E-06  0.227200E-06

0.518033E+00  0.998792E-06  0.228792E-06

0.518584E+00  0.758630E-06  0.230615E-06

0.519135E+00  0.806645E-06  0.232508E-06

0.519686E+00  0.895423E-06  0.233883E-06

0.520237E+00  0.929814E-06  0.235794E-06

0.520788E+00  0.862606E-06  0.237641E-06

0.521339E+00  0.753423E-06  0.239320E-06

0.521890E+00  0.836995E-06  0.241161E-06

0.522441E+00  0.725477E-06  0.242719E-06

0.522992E+00  0.718028E-06  0.244777E-06

0.523542E+00  0.677840E-06  0.246696E-06

0.524093E+00  0.761772E-06  0.248715E-06

0.524644E+00  0.688872E-06  0.250582E-06

0.525195E+00  0.681016E-06  0.252568E-06

0.525746E+00  0.756820E-06  0.254794E-06

0.526297E+00  0.890624E-06  0.257010E-06

0.526848E+00  0.106641E-05  0.258585E-06

0.527399E+00  0.964287E-06  0.260955E-06

0.527950E+00  0.103307E-05  0.263303E-06

0.528500E+00  0.802710E-06  0.265570E-06

0.529051E+00  0.932531E-06  0.267670E-06

0.529602E+00  0.990852E-06  0.269870E-06

0.530153E+00  0.922065E-06  0.272601E-06

0.530704E+00  0.823197E-06  0.274959E-06

0.531255E+00  0.564719E-06  0.277165E-06

0.531805E+00  0.593820E-06  0.279561E-06

0.532356E+00  0.737446E-06  0.282302E-06

0.532907E+00  0.972049E-06  0.285216E-06

0.533458E+00  0.810104E-06  0.287653E-06

0.534009E+00  0.264236E-06  0.289434E-06

0.534559E+00  0.485588E-06  0.291870E-06

0.535110E+00  0.860584E-06  0.294453E-06

0.535661E+00  0.907232E-06  0.297183E-06

0.536211E+00  0.910263E-06  0.298447E-06

0.536762E+00  0.751547E-06  0.300147E-06

0.537313E+00  0.816800E-06  0.302019E-06

0.537864E+00  0.108114E-05  0.303636E-06

0.538414E+00  0.958843E-06  0.305068E-06

0.538965E+00  0.943971E-06  0.306652E-06

0.539516E+00  0.891264E-06  0.308088E-06

0.540066E+00  0.101956E-05  0.310264E-06

0.540617E+00  0.111956E-05  0.311450E-06

0.541167E+00  0.819674E-06  0.312904E-06

0.541718E+00  0.649470E-06  0.314920E-06

0.542269E+00  0.642386E-06  0.316698E-06

0.542819E+00  0.708463E-06  0.318708E-06

0.543370E+00  0.723493E-06  0.319803E-06

0.543920E+00  0.964219E-06  0.322264E-06

0.544471E+00  0.132968E-05  0.324505E-06

0.545022E+00  0.125552E-05  0.325907E-06

0.545572E+00  0.110212E-05  0.327268E-06

0.546123E+00  0.924702E-06  0.329308E-06

0.546673E+00  0.867029E-06  0.331589E-06

0.547224E+00  0.136983E-05  0.333808E-06

0.547774E+00  0.147048E-05  0.334890E-06

0.548325E+00  0.954630E-06  0.337505E-06

0.548875E+00  0.595230E-06  0.339592E-06

0.549426E+00  0.407452E-06  0.341809E-06

0.549976E+00  0.691078E-06  0.343793E-06

0.550527E+00  0.808933E-06  0.345618E-06

0.551077E+00  0.802155E-06  0.348102E-06

0.551627E+00  0.749860E-06  0.349936E-06

0.552178E+00  0.790272E-06  0.352313E-06

0.552728E+00  0.115510E-05  0.354642E-06

0.553279E+00  0.132424E-05  0.356913E-06

0.553829E+00  0.119336E-05  0.359280E-06

0.554379E+00  0.955204E-06  0.361556E-06

0.554930E+00  0.858392E-06  0.363467E-06

0.555480E+00  0.463485E-06  0.366183E-06

0.556031E+00  0.804087E-06  0.368677E-06

0.556581E+00  0.949508E-06  0.371878E-06

0.557131E+00  0.882576E-06  0.373947E-06

0.557682E+00  0.938476E-06  0.376498E-06

0.558232E+00  0.717446E-06  0.379502E-06

0.558782E+00  0.774707E-06  0.381925E-06

0.559332E+00  0.706359E-06  0.385185E-06

0.559883E+00  0.717384E-06  0.388056E-06

0.560433E+00  0.626003E-06  0.390409E-06

0.560983E+00  0.986948E-06  0.393844E-06

0.561533E+00  0.721428E-06  0.396279E-06

0.562084E+00  0.583391E-06  0.399641E-06

0.562634E+00  0.425784E-06  0.402825E-06

0.563184E+00  0.551059E-06  0.405671E-06

0.563734E+00  0.113089E-05  0.409518E-06

0.564285E+00  0.134706E-05  0.411546E-06

0.564835E+00  0.587937E-06  0.413431E-06

0.565385E+00  0.397893E-06  0.416235E-06

0.565935E+00  0.564035E-06  0.419829E-06

0.566485E+00  0.597848E-06  0.423733E-06

0.567035E+00  0.275300E-06  0.426913E-06

0.567586E+00  0.390374E-06  0.431002E-06

0.568136E+00  0.679848E-06  0.434937E-06

0.568686E+00  0.726364E-06  0.438288E-06

0.569236E+00  0.562618E-06  0.443110E-06

0.569786E+00  0.707065E-06  0.446807E-06

0.570336E+00  0.701230E-06  0.451391E-06

0.570886E+00  0.581146E-06  0.455689E-06

0.571436E+00  0.827935E-06  0.459708E-06

0.571986E+00  0.730992E-06  0.464711E-06

0.572536E+00  0.917471E-06  0.469317E-06

0.573086E+00  0.755440E-06  0.474095E-06

0.573636E+00  0.886655E-06  0.480015E-06

0.574186E+00  0.103944E-05  0.483928E-06

0.574736E+00  0.962148E-06  0.490047E-06

0.575286E+00  0.587007E-06  0.495034E-06

0.575836E+00  0.545633E-06  0.500282E-06

0.576386E+00  0.668050E-06  0.506490E-06

0.576936E+00  0.726612E-06  0.512004E-06

0.577486E+00  0.570088E-06  0.519041E-06

0.578036E+00  0.820432E-06  0.525690E-06

0.578586E+00  0.136430E-05  0.532235E-06

0.579136E+00  0.119814E-05  0.539637E-06

0.579686E+00  0.125850E-05  0.545827E-06

0.580236E+00  0.134875E-05  0.554418E-06

0.580786E+00  0.100683E-05  0.561455E-06

0.581335E+00  0.199439E-06  0.567872E-06

0.581885E+00  0.583755E-06  0.578066E-06

0.582435E+00  0.668698E-06  0.586457E-06

0.582985E+00  0.327177E-06  0.596556E-06

0.583535E+00  0.682434E-07  0.604873E-06

0.584085E+00  0.705206E-06  0.614244E-06

0.584634E+00  0.112228E-05  0.627387E-06

0.585184E+00  0.766167E-06  0.636036E-06

0.585734E+00  0.855567E-06  0.647717E-06

0.586284E+00  0.109294E-05  0.661333E-06

0.586834E+00  0.116417E-05  0.673751E-06

0.587383E+00  0.677425E-06  0.689234E-06

0.587933E+00  0.871407E-06  0.700655E-06

0.588483E+00  0.104833E-05  0.717339E-06

0.589033E+00  0.100772E-05  0.736038E-06

0.589582E+00  0.987689E-06  0.750518E-06

0.590132E+00  0.725331E-06  0.774402E-06

0.590682E+00  0.750964E-06  0.791608E-06

0.591231E+00  0.122327E-05  0.814680E-06

0.591781E+00  0.111479E-05  0.841021E-06

0.592331E+00  0.107107E-05  0.862705E-06

0.592880E+00  0.144112E-05  0.898114E-06

0.593430E+00  0.113507E-05  0.927142E-06

0.593980E+00  0.680000E-06  0.963181E-06

0.594529E+00  0.152756E-05  0.100593E-05

0.595079E+00  0.205305E-05  0.105105E-05

0.595628E+00  0.956280E-06  0.110549E-05

0.597827E+00  0.125894E-06  0.143110E-05

0.598376E+00  0.579910E-06  0.157791E-05

0.598926E+00  0.297427E-06  0.177008E-05

0.599475E+00  0.172972E-05  0.208640E-05

0.600025E+00  0.280551E-05  0.259346E-05

0.600574E+00  0.313439E-05  0.389476E-05

0.601124E+00  0.359273E-05  0.176867E-04

