0.023413 125.127399640346 8.66175671737484

0.024021 123.02687468406 5.8675562811885

0.024629 123.127934489254 7.68787640806124

0.025237 122.296629751208 5.04760645486256

0.025845 121.246853862134 5.26144008311068

0.026454 122.110214385459 4.37206124928094

0.027062 120.691207604432 4.25886303964664

0.02767 121.231648172584 3.640629130942

0.028278 120.725848045739 4.00039453077097

0.028886 120.22247747989 3.07512760795527

0.029494 119.392006527173 2.73650469863361

0.030102 118.961883185088 2.7725659878929

0.03071 118.171220238536 2.49400376346324

0.031319 118.518669173093 2.17631752849148

0.031927 117.466557092648 2.27931893231918

0.032535 116.89965101998 1.97965213513053

0.033143 117.131462781554 1.90511077042256

0.033751 116.523657711386 2.11620733181553

0.034359 116.70352325036 1.80780495487046

0.034967 115.858387712285 1.65893360817376

0.035575 115.930140860949 1.71208998490354

0.036184 115.420929467118 1.58967440908047

0.036792 115.102555475724 1.40173992056837

0.0374 115.08192751018 1.48499389988857

0.038008 114.865896340278 1.35624770833289

0.038616 114.642022398403 1.15436177533422

0.039224 114.320110722503 1.22715433205567

0.039832 113.107208717515 1.11043928066179

0.04044 112.714072972184 1.11579974561921

0.041049 112.109719332046 0.999118802491739

0.041657 111.460391913075 1.08593225201772

0.042265 111.189784816323 0.978807193016895

0.042873 110.516833528776 1.03928229342414

0.043481 110.530034502533 0.901820181443132

0.044089 109.706154879402 0.915727855497245

0.044697 108.636814955418 0.897421093336786

0.045305 108.602229765403 1.00308193641238

0.045914 108.264451786273 0.801526112779759

0.046522 107.391271547284 0.934629370071781

0.04713 106.870253742234 0.806904849438458

0.047738 106.018184625659 0.81833737412664

0.048346 106.221579727798 0.811979966341319

0.048954 105.205390078301 0.808271401669612

0.049562 105.1210823675 0.761155772429899

0.05017 103.903998660497 0.728881400623889

0.050779 103.484021062959 0.65111078117316

0.051387 102.899120150089 0.653093193236503

0.051995 102.315906713713 0.681502149283656

0.052603 101.816013596838 0.655947651612637

0.053211 101.12047447172 0.574199769761316

0.053819 100.370406882562 0.638491292588885

0.054427 99.8542327165332 0.58747930160995

0.055035 99.2728379300552 0.634399988314835

0.055644 98.7409614788884 0.624851467733934

0.056252 98.1127457131907 0.598054128522629

0.05686 97.5199345563921 0.576402667939628

0.057468 96.5669486531079 0.646165255740008

0.058076 95.3187278432737 0.648371568599114

0.058684 95.1430116498743 0.579168005518087

0.059292 94.5451109225022 0.601591195559265

0.0599 94.2273046136718 0.614567790670055

0.060509 93.452838789803 0.642823100311935

0.061117 93.1956454985319 0.598991558443177

0.061725 92.3785853918032 0.612155869128263

0.062333 91.568325076204 0.576576971275623

0.062941 91.016234384972 0.585851388769084

0.063549 90.4018236977277 0.594244854763232

0.064157 89.3607983724233 0.620469412855291

0.064765 89.0973827129824 0.525670473009401

0.065374 88.334540562646 0.650854021561009

0.065982 87.5591198701173 0.562315089281463

0.06659 86.7724552076578 0.537235078495568

0.067198 86.7877855282178 0.612450163397819

0.067806 85.6089890124144 0.529652682659894

0.068414 84.7527442665372 0.533167841844961

0.069022 84.1667871514634 0.561217592625032

0.06963 83.4482995615653 0.533504699025622

0.070238 83.0743444146204 0.539211134641198

0.070847 82.8000841628394 0.551563770322163

0.071455 82.1621708376087 0.498374419664778

0.072063 81.0167977758561 0.561342298460015

0.072671 80.5816170662104 0.539484418920025

0.073279 79.9594128348452 0.521799023170815

0.073887 79.5948941177358 0.514455540505202

0.074495 78.5323529814703 0.547217596596252

0.075103 77.624877980125 0.45557090290945

0.075712 76.9629438026277 0.500166052736265

0.07632 76.0086722712724 0.534200558349719

0.076928 75.6587142188866 0.524616875730838

0.077536 74.6868894922041 0.551328025053408

0.078144 74.5245186903339 0.492071897460184

0.078752 73.7482428809202 0.526774157353761

0.07936 72.7846586315341 0.472058149294728

0.079968 72.1992971048241 0.50318950324898

0.080576 71.1046799709721 0.487589509354309

0.081185 70.219249833517 0.470654181249179

0.081793 69.4798683323688 0.509069376976045

0.082401 68.7294932274821 0.501495421405767

0.083009 67.8356693096987 0.425138456673369

0.083617 67.8411924250761 0.453989056062717

0.084225 66.9685262817056 0.448096867868492

0.084833 66.3720602617056 0.460783414790616

0.085441 65.6626587782775 0.430638981474538

0.086049 65.1915413109368 0.438102709737827

0.086658 64.3219050257336 0.427196667176775

0.087266 63.686369919887 0.445003342408773

0.087874 63.0291909037584 0.424842902855792

0.088482 62.2976065514548 0.421884537419003

0.08909 61.8878119511249 0.455088236602434

0.089698 61.2794796905293 0.449134615465152

0.090306 60.4803863745412 0.426197737241991

0.090914 60.3199503013803 0.463643424838551

0.091522 59.4394955271152 0.408893321063538

0.092131 58.4565311493303 0.402659055750494

0.092739 58.0488424536876 0.452902386892561

0.093347 57.5732553035567 0.410698468555934

0.093955 56.5660117218338 0.406856770619155

0.094563 56.5007129118364 0.39483721086269

0.095171 55.4439387796836 0.425173965179737

0.095779 55.4902294563323 0.406587763452148

0.096387 54.3087666550482 0.40270936180343

0.096995 53.9984840936875 0.408051621614332

0.097604 53.0733593767459 0.397467162724862

0.098212 52.8463261537634 0.376566455748837

0.09882 52.0881706282888 0.430071659646144

0.099428 51.5478673618968 0.383070459470394

0.100036 51.0055927688214 0.438130902556997

0.100644 50.4442698967164 0.425659118507257

0.101252 49.645725454281 0.399493985961546

0.10186 49.3417177230884 0.44895184895227

0.102468 48.8737884899055 0.412295379653545

0.103077 48.0664601915789 0.395391818991998

0.103685 47.3142513882377 0.386651658948369

0.104293 46.5948023440838 0.396987200851422

0.104901 46.1505315972078 0.389710432017457

0.105509 45.3657193460428 0.406545889946953

0.106117 44.9534124205964 0.373404137581685

0.106725 44.7042034092323 0.372859420914518

0.107333 44.0624089178878 0.396593920622729

0.107941 43.3607430597544 0.420535520672689

0.10855 43.1351553872668 0.373034329624124

0.109158 42.3661735265734 0.381469878160084

0.109766 41.8048878886496 0.39471144811983

0.110374 41.0560663736287 0.371855278940974

0.110982 40.9301961245183 0.390576389510166

0.11159 40.1315361353343 0.372837058938298

0.112198 40.1183267995951 0.377571452185821

0.112806 39.4430973126157 0.345782469488654

0.113414 38.7851137992105 0.366078196810674

0.114022 38.3202418688948 0.361654375688812

0.114631 37.2834999265094 0.373426104497234

0.115239 37.1441191587289 0.329956659075129

0.115847 36.4611981086222 0.362964572314634

0.116455 36.1072222623898 0.344642623982401

0.117063 35.5812529027867 0.389721539242523

0.117671 35.1958369875525 0.34249413722044

0.118279 34.5607209038431 0.368836961702605

0.118887 34.1652363748994 0.34947334072596

0.119495 33.7971299022228 0.35284825878032

0.120103 33.2695109542658 0.356121219517919

0.120712 32.6412293106455 0.371943899985778

0.12132 32.2064001116175 0.345128355330147

0.121928 31.7584773964014 0.363906438524034

0.122536 31.4528845932997 0.368367595474374

0.123144 30.7678595048159 0.345198999157665

0.123752 30.3521449590689 0.351674858082518

0.12436 29.9849276256489 0.360574495304595

0.124968 29.4462788563966 0.324940765971604

0.125576 28.883683967127 0.338362144106403

0.126184 28.3262935544103 0.34262893884982

0.126793 27.8707674727343 0.346112292573444

0.127401 27.5540911827208 0.33129421925176

0.128009 27.0657045534249 0.360177491067219

0.128617 26.7581017644135 0.35162778353263

0.129225 26.5524561241859 0.337774304949315

0.129833 26.2082861422888 0.360226194942746

0.130441 25.7966337508066 0.327239958908129

0.131049 25.2493116420168 0.331992761812378

0.131657 24.7397776115983 0.330808790014738

0.132265 24.3004127391246 0.343144297558338

0.132873 23.9667918643949 0.336436714797095

0.133482 23.4622483072703 0.336822620438231

0.13409 23.2336539620119 0.337729275275784

0.134698 22.6902640801256 0.316770295838971

0.135306 22.3604701544372 0.3310961809447

0.135914 21.9698121817345 0.320550647296784

0.136522 21.6218329325418 0.334847124032473

0.13713 20.9341463029359 0.327485990970653

0.137738 20.9974185964971 0.330670443086831

0.138346 20.4037833445033 0.322975572857932

0.138954 20.2664199839524 0.320320606349942

0.139562 19.7056261512979 0.315859792947873

0.140171 19.5249528851312 0.32745455443338

0.140779 18.891280501899 0.348652836330078

0.141387 18.89670414426 0.340489369867588

0.141995 18.5880783924145 0.338477720911596

0.142603 18.1602482562094 0.371068199301944

0.143211 17.9181953010377 0.322933031930811

0.143819 17.4119102808312 0.318144094340881

0.144427 17.0743061711536 0.307473943266011

0.145035 16.7240522443584 0.321784760783788

0.145643 16.3222200720986 0.311474808621874

0.146251 15.9945679701352 0.326073920047189

0.14686 15.9362814404956 0.314947291682699

0.147468 15.501520833269 0.307100176853602

0.148076 15.1041543500656 0.306525928511876

0.148684 14.8213283315285 0.319078612737476

0.149292 14.5263008668101 0.289173977888977

0.1499 14.230201486022 0.311482802162028

0.150508 14.0044053716109 0.298973861128904

0.151116 13.6642790708373 0.298464590562107

0.151724 13.2377948958084 0.314881876788255

0.152332 12.9779828539475 0.304783301834974

0.15294 12.6568463266753 0.30177113577949

0.153548 12.5232394309204 0.296525345426384

0.154156 12.3552064237489 0.314978312092815

0.154765 11.9252698342452 0.301214355561777

0.155373 11.6640421784029 0.298757429221954

0.155981 11.514143863376 0.316652104254286

0.156589 11.2502101570849 0.283851650040917

0.157197 11.1006930090082 0.3026099958386

0.157805 10.8223065942906 0.29768570628012

0.158413 10.4554477731634 0.282879685334583

0.159021 10.1404357774169 0.31236987988177

0.159629 9.98926483133819 0.302628750018541

0.160237 9.7767210454083 0.286673953563208

0.160845 9.52346570169316 0.293590183734991

0.161453 9.40118159662585 0.293597506357796

0.162061 9.01483389674659 0.284761247503071

0.16267 8.85259265787468 0.301020821094645

0.163278 8.66961737530009 0.312340385836207

0.163886 8.59059186031637 0.295664127736646

0.164494 8.2260261809756 0.307946138243945

0.165102 8.03523977047448 0.30128328582018

0.16571 7.88556144580465 0.287160012117257

0.166318 7.71853910290054 0.285994703114703

0.166926 7.42815104414553 0.290029643962474

0.167534 7.57158599007376 0.286006482414915

0.168142 7.21852089523652 0.306955998457787

0.16875 7.02756447321956 0.307113323023777

0.169358 6.7018311404374 0.287771512379185

0.169966 6.77690684782735 0.293474765457405

0.170574 6.53697271603671 0.297017469450083

0.171183 6.46486502884291 0.28090849508405

0.171791 6.25190010723704 0.293771287350775

0.172399 6.02209168749922 0.295625940653697

0.173007 5.83243416012059 0.274079712182171

0.173615 5.73602754242219 0.282369734128946

0.174223 5.61441711698176 0.303830820758531

0.174831 5.49385042059041 0.280105529210123

0.175439 5.2147812597528 0.286390139136124

0.176047 5.15133475850501 0.291056756902944

0.176655 4.94384867897943 0.302299750167866

0.177263 4.75937895377661 0.280873330040726

0.177871 4.65079113989013 0.285737523757447

0.178479 4.56182190131609 0.272742101989581

0.179087 4.37919457921248 0.296998022062504

0.179695 4.24297933068235 0.280100435547335

0.180304 4.1809139677062 0.289804837075029

0.180912 3.93054040835357 0.276559229317275

0.18152 3.83023460868567 0.323668672843912

0.182128 3.80294261626624 0.277256944293254

0.182736 3.688478126948 0.276423633332131

0.183344 3.53283585089984 0.277186449880308

0.183952 3.46588987220348 0.273266049970671

0.18456 3.39067501798922 0.290275568742707

0.185168 3.17911864970396 0.287699806329068

0.185776 3.17348105710274 0.292591093706745

0.186384 3.00005654133714 0.272176246224666

0.186992 3.09093798864719 0.300850685061159

0.1876 3.03696238907331 0.267242547849265

0.188208 2.85958465988408 0.293698175195183

0.188816 2.85039703155496 0.270871207270735

0.189424 2.59572068807844 0.272663657294894

0.190032 2.62049377421595 0.265415800233157

0.190641 2.46364653271537 0.300729737582804

0.191249 2.42841985570788 0.27390077712702

0.191857 2.32809797894323 0.284867689230688

0.192465 2.25499563037208 0.288174813139863

0.193073 2.39756326038846 0.306014016732036

0.193681 2.05425709703286 0.283610627793303

0.194289 2.12305083135758 0.27987738831539

0.194897 2.19891717371001 0.285882328746446

0.195505 1.95363940369658 0.266868043113744

0.196113 2.00340398699499 0.303202380324248

0.196721 1.90870517653071 0.276442832432843

0.197329 1.80390927725301 0.291608860271468

0.197937 1.90139320520764 0.283741873419451

0.198545 1.78328689938554 0.332463926891377

0.199153 1.74491566661008 0.277875419331301

0.199761 1.60531154908849 0.274977537910104

0.200369 1.7138077435695 0.275486462002613

0.200977 1.5694883988986 0.281165302040625

0.201585 1.52618072135816 0.276616015129324

0.202193 1.44001965859693 0.300589440056379

0.202802 1.44476591955443 0.291828988704136

0.20341 1.49293978901785 0.299617422225614

0.204018 1.39547951352875 0.288030016112406

0.204626 1.30072420349341 0.286590728553848

0.205234 1.20948887509175 0.281045400436872

0.205842 1.23594779745415 0.281625899128791

0.20645 1.20070146821068 0.271212968973157

0.207058 1.19038978324444 0.299004565354113

0.207666 1.19953099589223 0.269480781442261

0.208274 1.20461984076592 0.311117726287549

0.208882 1.1735964241461 0.303501132472966

0.20949 1.23752241071834 0.296658955673587

0.210098 1.13782718465705 0.255504111924506

0.210706 1.12892718984541 0.268262712729321

0.211314 1.05232749825515 0.313602523601724

0.211922 1.0391112494528 0.261191339893342

0.21253 1.22204848879705 0.263836444053658

0.213138 1.02320335731124 0.279420596148078

0.213746 1.03553850619684 0.274839750884328

0.214354 0.98676117294104 0.286444048215366

0.214962 0.995569792440964 0.2693347870373

0.21557 0.930330762298132 0.303280731026359

0.216178 1.10332878319199 0.270970032856813

0.216786 1.00426901120246 0.282118328412817

0.217394 1.03150733059765 0.251219462866069

0.218002 1.01613696345247 0.263490585346691

0.21861 1.05423416378782 0.269650064515248

0.219219 0.982303951459811 0.25409309831899

0.219827 0.915762960864074 0.257928868021546

0.220435 1.06452982374944 0.286619685055537

0.221043 1.05234847333977 0.290686556286257

0.221651 0.981531746275382 0.299059979100667

0.222259 1.04415229463497 0.263290977862027

0.222867 0.93481170594058 0.25440479103809

0.223475 0.951654079285856 0.264291875502805

0.224083 0.90969055054031 0.280578208358024

0.224691 0.953973915929464 0.266040617294611

0.225299 0.963524587627416 0.264062821803467

0.225907 0.970506349381574 0.298483398400988

0.226515 0.916822420557534 0.302286799461799

0.227123 0.984771551546882 0.288951351219182

0.227731 0.851832920890097 0.278222412112405

0.228339 0.885703853898962 0.305969195244997

0.228947 0.906636016480553 0.259927241658818

0.229555 0.921917832352259 0.315513388972879

0.230163 0.79507970969856 0.326075292699683

0.230771 0.823121297204488 0.266091587721676

0.231379 0.942972059272605 0.33864984794999

0.231987 0.918807053988709 0.253864866813958

0.232595 0.982158123138087 0.260790951284521

0.233203 1.01683294910817 0.2961161233718

0.233811 0.949437537907458 0.255754558740009

0.234419 1.16414500296952 0.301161789267952

0.235027 1.14960207445076 0.27692740842878

0.235635 1.09438109173364 0.255866956718939

0.236243 1.1020084318425 0.285011688962587

0.236851 1.15521210864188 0.271441769474768

0.237459 1.1116510756189 0.299820330714573

0.238067 1.13199876624243 0.26389105069084

0.238675 1.09933012609885 0.264870490688684

0.239283 1.18087647196901 0.309582538283507

0.239891 1.13638803855948 0.273206533798565

0.240499 1.23772165117651 0.256373281313939

0.241107 1.27947490735736 0.274546199458578

0.241715 1.27797276827571 0.310401697801236

0.242323 1.1977376619682 0.269244645396575

0.242931 1.21827236492316 0.272438285817856

0.243539 1.1258267639044 0.306039149232361

0.244147 1.31933909204668 0.313249627088398

0.244755 1.13775944642751 0.278807956515577

0.245363 1.36815104232291 0.247747852182283

0.245971 1.3485721842891 0.278027144514873

0.246579 1.41512927900914 0.265520472750903

0.247187 1.2499142286324 0.262840787279497

0.247795 1.38640872981063 0.256528033965368

0.248403 1.33278183675484 0.258532025436574

0.249011 1.3959095417663 0.261380103133739

0.249619 1.37684508919345 0.26186991740249

0.250227 1.39982034602443 0.263748041537744

0.250835 1.52962799382157 0.295502658839611

0.251443 1.36611834983792 0.264008597701824

0.252051 1.53814132467098 0.286726275777657

0.252659 1.38765376474862 0.248607369128599

0.253267 1.47596019433151 0.3269089986952

0.253875 1.45522865653061 0.268763858249357

0.254483 1.46936617381636 0.256706621303568

0.255091 1.40760872799364 0.252591918766502

0.255699 1.48159308105615 0.311408442234244

0.256307 1.49999984068066 0.246046903283775

0.256915 1.63186029324717 0.262768270150443

0.257523 1.44614033015538 0.254692864263662

0.258131 1.54296035436172 0.312160765827182

0.258739 1.62195260870256 0.292357794517157

0.259347 1.38667558323056 0.267041491617563

0.259955 1.59921334793377 0.315951957464217

0.260563 1.53981955637822 0.256871571191917

0.261171 1.54470674050272 0.263882401937249

0.261779 1.55215834634329 0.267720341436745

0.262387 1.62518817909612 0.248634597540348

0.262995 1.64523337669441 0.262380479103211

0.263603 1.75547896510051 0.317557421952765

0.264211 1.57110980748407 0.248892009368868

0.264819 1.65416150277528 0.258279981629552

0.265427 1.59566748540884 0.243512197417944

0.266035 1.66435025430641 0.250325072964156

0.266643 1.66188494179726 0.280179832775863

0.267251 1.73695522911371 0.314891621522591

0.267859 1.77544069511783 0.308457799444241

0.268467 1.76559378188985 0.271612949764809

0.269075 1.70780880678764 0.252255905412845

0.269683 1.69409651391385 0.258037024552476

0.270291 1.82414961971825 0.262721762158292

0.270899 1.88375160233098 0.283113414444523

0.271507 1.88675426707614 0.291319969696704

0.272115 1.94927262669701 0.260461415458243

0.272723 1.72608340560041 0.276742136066835

0.273331 1.65208291066957 0.235211653502866

0.273939 1.92092507685772 0.369876653411123

0.274547 1.82011595982745 0.245567535440365

0.275155 1.82077418739602 0.274687534659428

0.275763 1.74395102810126 0.257424881514176

0.276371 1.78848494167893 0.279327006743513

0.276979 1.84851555924246 0.243839610698076

0.277587 1.85580043265341 0.347032972748132

0.278195 1.9041020773497 0.258788298256121

0.278803 1.81170695148225 0.278598309369465

0.279411 1.88802922507624 0.269553356796741

0.280019 1.94294063065297 0.268114341430578

0.280626 1.8640759349639 0.286344313490043

0.281234 1.96155111033135 0.258702739495834

0.281842 1.95560760259348 0.274458396177415

0.28245 1.92669200245871 0.276366812167335

0.283058 1.82697801156432 0.292683906404505

0.283666 1.91620734689037 0.260908608012359

0.284274 1.9080373146171 0.308247968944648

0.284882 1.92699901470912 0.293757313927135

0.28549 2.08582561740259 0.333254951434285

0.286098 1.89860226355751 0.321224369521401

0.286706 1.9183057937951 0.263087232954513

0.287314 1.85374487926647 0.307436049438272

0.287922 1.86271725188351 0.267443956782266

0.28853 1.68083151142281 0.261240944501802

0.289138 1.89103848590428 0.270539196166301

0.289746 1.8608559677818 0.261150788985812

0.290354 1.87953330120473 0.270639026658748

0.290962 2.033744329546 0.266483772601779

0.29157 1.79567379310588 0.383941853391548

0.292178 1.75884756053234 0.248385900699495

0.292786 1.97236801550034 0.290094065075783

0.293394 1.92965001294291 0.248833664073304

0.294002 1.86205626336054 0.262545106521633

0.29461 1.94982608321821 0.264665161974334

0.295217 1.77309960821854 0.306717373569855

0.295825 1.90189804616985 0.267153747792471

0.296433 1.9617372200946 0.27574380386616

0.297041 1.86342881591003 0.268811321046825

0.297649 1.73519834686638 0.323364235345373

0.298257 1.9523596699966 0.260366204103679

0.298865 1.96060608281982 0.302593207303527

0.299473 1.74482658658782 0.272168970689414

0.300081 1.94458137847708 0.34062255123942

0.300689 1.85806761807942 0.255790799864658

0.301297 1.83302344740907 0.244005429135049

0.301905 1.91755213668047 0.2735010025231

0.302513 1.86036244853837 0.269343057155743

0.303121 1.77945622438363 0.339626518745681

0.303729 1.66934368335093 0.293039983260923

0.304337 1.76072715195138 0.26398376726185

0.304945 1.78011966459483 0.258726124262736

0.305553 1.77214111307861 0.290264001110486

0.30616 1.80822983717023 0.293459697715792

0.306768 1.72126982409634 0.262537689964126

0.307376 1.78075353033025 0.267303283918227

0.307984 1.80255792071004 0.30145965322706

0.308592 1.73842788360691 0.277019388832311

0.3092 1.62498357570113 0.255646318957044

0.309808 1.7580444138226 0.344759244127935


# Following corresponds to: mean_trunc.dat


0.013683 129.61068112415316 12.117575105244708

0.014291 129.30988584937663 9.60625985493404

0.014899 129.0219626487064 7.432238005636518

0.015507 127.4512474727245 6.836723199119248

0.016115 127.94356496037813 7.279388167781951

0.016724 128.93122526203186 6.936120867262519

0.017332 127.03395934925888 6.257597160268768

0.01794 128.73047337497488 5.386848711219054

0.018548 127.48865575267122 4.5916848238760855

0.019156 126.99074776961332 2.6748821883329974

0.019764 132.1914937828544 2.496915014063692

0.020372 126.95786288248908 3.3296996978359656

0.02098 131.02585958229298 2.5863317158524244

0.021589 127.15409384404842 2.760130259935557

0.022197 129.28235163469952 2.530341999157974

0.022805 126.13994384457433 1.46780357974202

0.023413 127.23480198388995 1.8042598832899668

0.024021 124.84391117739455 1.5138708942972015

0.024629 124.76700353997902 1.9931710003301397

0.025237 123.90485766857185 1.5259467805960703

0.025845 123.00395295306578 1.809144785978717

0.026454 123.26357465922146 1.1443092907501289

0.027062 122.65488118770516 1.1477638140151003

0.02767 122.83516589864021 1.1293181458231403

0.028278 121.9210469349673 0.9144560991898656

0.028886 121.88382869427257 1.3156766415844576

0.029494 121.23773496379769 1.3333117552489064

0.030102 120.86693779463641 1.1901729435318429

0.03071 120.23977108293057 0.8069766516275187

0.031319 120.22301595701009 1.2114223167976774

0.031927 119.38682506547721 0.6724245085199372

0.032535 118.91045218161936 0.9811122478594277

0.033143 118.36399673855792 0.9450413952776471

0.033751 118.43289035360307 0.681124639750009

0.034359 118.16446154117136 0.6273251295542736

0.034967 117.71511687797565 1.0113609593881896

0.035575 117.447197344218 0.6457650236316249

0.036184 117.66363900687853 0.8841611751404479

0.036792 117.09195244087832 0.6301912833238199

0.0374 116.9396529782806 0.6312902710808678

0.038008 116.55111379254369 0.6791546528675205

0.038616 116.17771793855765 0.5872660597351891

0.039224 115.12975313972527 0.8029144941360883

0.039832 115.20104227391612 0.6947173469889607

0.04044 114.49910017655256 1.0089192901775654

0.041049 114.08077563191978 0.8555941814990494

0.041657 113.28183961460918 0.925697681594176

0.042265 112.69902393839108 0.7986824805605808

0.042873 112.0615649212874 0.8675019708910124

0.043481 111.77398451685904 0.9227993258417693

0.044089 111.12037989140984 0.8295795894732035

0.044697 110.37821650194168 0.902027707218305

0.045305 109.96758958625733 0.7480958284082508

0.045914 109.54126403857752 0.7553349083413831

0.046522 109.0109203485927 0.8208395564633026

0.04713 108.59089369387213 0.730598148394154

0.047738 107.85211354392477 0.7569214485661739

0.048346 107.4559805485258 0.67347062783633

0.048954 106.7922015369663 0.6648821005343228

0.049562 106.29589601076874 0.904206195073674

0.05017 105.59497772530001 0.8553310440928719

0.050779 105.17323599038501 0.7144816982842738

0.051387 104.4458977548958 0.7561311482116361

0.051995 103.79783011645313 0.5220029864220447

0.052603 103.25645930542153 0.5689262579202731

0.053211 102.39772166469211 0.7704936159290255

0.053819 101.59676154812672 0.6806956270283129

0.054427 100.96222215061762 0.8297581288490319

0.055035 100.59771471714942 0.5452218133815471

0.055644 99.74501518507292 0.8288928953286792

0.056252 99.40814846423935 0.7251168832618663

0.05686 98.767091097044 0.8938466268596704

0.057468 97.87667430089842 0.8471082045714199

0.058076 97.13296658341874 0.6797001193751486

0.058684 96.52831512209565 0.6717024184322481

0.059292 95.74931055579995 0.5469487169309013

0.0599 95.26882797738003 0.5835469255861956

0.060509 94.71281514127361 0.6139620045369382

0.061117 94.08858456676911 0.9425479279360938

0.061725 93.76474334054927 0.78115737443011

0.062333 92.902237343044 0.5972151032201608

0.062941 92.3445607067991 0.7220461534350432

0.063549 91.6268238636452 0.5981816966623842

0.064157 90.85128193003797 0.4604237080158729

0.064765 90.13828863159986 0.6482285508479501

0.065374 89.7156419808421 0.4072200057400032

0.065982 88.88721854554883 0.6352413147487103

0.06659 88.15062597565635 0.6003569381434979

0.067198 87.91769769789458 0.6029512099615315

0.067806 86.94313437764086 0.5666404842792717

0.068414 86.26532345253958 0.6969238736782346

0.069022 85.51616396421342 0.7266142972379271

0.06963 84.71579526630389 0.6798040149832199

0.070238 84.36613802095958 0.6534549415773335

0.070847 83.70811792936455 0.6977738324279289

0.071455 83.20074014572405 0.424231581817515

0.072063 82.26112327696215 0.47020845811578704

0.072671 81.51828243931706 0.5430892656313961

0.073279 81.02291794657546 0.41226334742859955

0.073887 80.22197522860728 0.7367293666628706

0.074495 79.48284268687217 0.6419851668714884

0.075103 78.66293401751824 0.5783613983307706

0.075712 77.94952809610513 0.6474157843054694

0.07632 77.37608235174518 0.7042456794611076

0.076928 76.59722049137159 0.5652176875431574

0.077536 75.89499677100375 0.7439576834361058

0.078144 75.3414869851814 0.5982968269794049

0.078752 74.61053273846572 0.6036625290684885

0.07936 73.8152082474924 0.6153158693162191

0.079968 73.32258196497611 0.5905287557792814

0.080576 72.27518784909286 0.4671975568723107

0.081185 71.42067951560935 0.4511984634666546

0.081793 70.5174632138564 0.3853459675302634

0.082401 69.92522626755121 0.5179676875886323

0.083009 69.25290415873641 0.5101763392867233

0.083617 68.59082663596263 0.5622317632401123

0.084225 67.9653335824784 0.6340731170439557

0.084833 67.16084440323355 0.5297418898447253

0.085441 66.69088307597774 0.534488171644604

0.086049 66.16652790303155 0.42986070967023865

0.086658 65.26282791156547 0.6290315931528334

0.087266 64.57514040107887 0.45813926740553934

0.087874 63.99186299032667 0.4584888972468652

0.088482 63.10086434976938 0.4633577356601299

0.08909 62.82973694624947 0.2957507014349957

0.089698 62.09061545831256 0.4067263213097858

0.090306 61.532657834921736 0.5081333385896711

0.090914 60.89229513914883 0.636933954674569

0.091522 60.25710461183117 0.5295759377591867

0.092131 59.464608224907444 0.5780696319093117

0.092739 58.86014314105743 0.38063338699793453

0.093347 58.22638704469777 0.5267364367971284

0.093955 57.572054506245905 0.3654272203695164

0.094563 57.022728512367905 0.3376669705814064

0.095171 56.352719391901644 0.4130558858437721

0.095779 56.076406913424115 0.4063979803701293

0.096387 55.25519476932654 0.42513163253395714

0.096995 54.89101453191711 0.4300943930539139

0.097604 53.936807424327384 0.5262672633735177

0.098212 53.61159103792102 0.48679158615560114

0.09882 52.77681333296752 0.42268350467478655

0.099428 52.28584655956828 0.5262808081099761

0.100036 51.719736269921896 0.38636144836277353

0.100644 50.96244372188074 0.4935349594792515

0.101252 50.496303150359246 0.3983838031651188

0.10186 49.935309856227704 0.406269657200315

0.102468 49.43937371843107 0.40018437936030965

0.103077 48.6968252563799 0.3748862450334381

0.103685 48.0627847505054 0.39329597149158846

0.104293 47.387441710079344 0.4286001581201776

0.104901 46.86703584277578 0.508323851779814

0.105509 46.192171354745135 0.4379296346308577

0.106117 45.65778776257183 0.3879646112762727

0.106725 45.36111972296513 0.4797189633250274

0.107333 44.64799808011399 0.5386442070498721

0.107941 44.104692756977975 0.4636802404485355

0.10855 43.80573842431559 0.26627294707752

0.109158 43.05128391911414 0.35697175343940646

0.109766 42.49357997118819 0.3959411080387853

0.110374 41.828279444182414 0.33642691357407717

0.110982 41.34716997428476 0.4977660567881087

0.11159 40.767000359981964 0.32869435294871074

0.112198 40.508942929588834 0.3486631946832661

0.112806 39.75665913500785 0.38946520470099644

0.113414 39.24296604501749 0.40534632780114827

0.114022 38.67901285803731 0.43940036477693917

0.114631 37.97914651128068 0.3063981277526069

0.115239 37.61985197829162 0.36906702667455016

0.115847 37.088337410020934 0.27476860997865576

0.116455 36.51337946088277 0.34057974073433744

0.117063 36.04766573072316 0.19960426558907782

0.117671 35.75790029111002 0.48880175297945005

0.118279 35.035901157525956 0.28715914366163503

0.118887 34.655928184928364 0.3121616273177101

0.119495 34.08450827406041 0.2920905672287805

0.120103 33.63086580483987 0.5495699894138903

0.120712 33.12638261736896 0.4207173506521922

0.12132 32.71757644429461 0.5193874665763458

0.121928 32.06708642245785 0.4107473998769739

0.122536 31.755693875058014 0.3436475848778923

0.123144 31.15262383916089 0.2724112873317497

0.123752 30.690123292315572 0.31114800259357445

0.12436 30.303837833396727 0.3301776941742126

0.124968 29.869108307998395 0.2849776002684055

0.125576 29.40388653284024 0.2674968595016411

0.126184 28.82853571236064 0.27463749755604244

0.126793 28.348764817011233 0.2857805512344209

0.127401 27.938064229798574 0.30446907245353844

0.128009 27.441974813432395 0.411378016786592

0.128617 27.11805269765381 0.31969121137411866

0.129225 26.885472694557524 0.31881311455670525

0.129833 26.440665570729177 0.2891055491999892

0.130441 25.973515291175776 0.38598293698159475

0.131049 25.506757227924115 0.3200239468740678

0.131657 25.12799549240438 0.2701555395078731

0.132265 24.67686534840887 0.33379229086988327

0.132873 24.335047158924876 0.2655471266448271

0.133482 23.83779090907327 0.3400364569237456

0.13409 23.462931227842475 0.354153775803654

0.134698 23.030191372849178 0.18864205129636794

0.135306 22.641758034294686 0.2323443738262121

0.135914 22.31547856954615 0.28620679760306

0.136522 21.86783794917624 0.25440154447023294

0.13713 21.402958063907764 0.32401396101049357

0.137738 21.258437094594278 0.24602593446904059

0.138346 20.722655584931456 0.38670185735227325

0.138954 20.42113758771792 0.37254160473666853

0.139562 19.936973449142563 0.3322609418221147

0.140171 19.84856706711663 0.16736832892688353

0.140779 19.23125990739681 0.2674342580883229

0.141387 19.239013133762885 0.27203703635242893

0.141995 18.759198048682485 0.2542462540022197

0.142603 18.39316249546149 0.4069561704523428

0.143211 18.04786015519902 0.3196789289006396

0.143819 17.5862322010987 0.33383387437218837

0.144427 17.357680509064075 0.29727515526229054

0.145035 16.879762778626713 0.24890669525272432

0.145643 16.638965941267887 0.42007870437663203

0.146251 16.194471467167368 0.2341765191935574

0.14686 16.0144285976185 0.29576962207365476

0.147468 15.602480196512847 0.2629659231175967

0.148076 15.400562041830916 0.2711868805760164

0.148684 15.080181851535889 0.21936759907274014

0.149292 14.600135417421038 0.34628153979187903

0.1499 14.467786266385337 0.3826396707420218

0.150508 14.126342714768592 0.23596532299608125

0.151116 13.76931421891737 0.27709793207814587

0.151724 13.380339913689822 0.19424250953979014

0.152332 13.20776532565448 0.2780200319160338

0.15294 12.896846116812544 0.22179110984654452

0.153548 12.690725705532811 0.19482387109976726

0.154156 12.600214564750502 0.31923318239820203

0.154765 12.088200634430454 0.1586107244586269

0.155373 11.939251723626302 0.3637404316211209

0.155981 11.677039069625547 0.26333433741437223

0.156589 11.476775522754645 0.3108544268115408

0.157197 11.206556587908771 0.3071407405816032

0.157805 10.96263197286696 0.27601997223173874

0.158413 10.648953706233563 0.3243718638923986

0.159021 10.269474187828237 0.30264836686731666

0.159629 10.162809792920061 0.2082163390318127

0.160237 9.859353212400354 0.351803826473279

0.160845 9.72383770395571 0.19474028695471843

0.161453 9.50611924656541 0.22720718736940088

0.162061 9.255054839464842 0.34673763533651475

0.16267 9.009292038846578 0.2796606991223495

0.163278 8.906839938307215 0.33038564417624117

0.163886 8.673944819775755 0.1354959613937822

0.164494 8.414380348910127 0.2171812293024237

0.165102 8.24035843143869 0.18003020680849197

0.16571 8.01201777575313 0.21851665088121666

0.166318 7.858758319205638 0.2471777227693193

0.166926 7.651693487216546 0.26474327036972045

0.167534 7.63234260727322 0.3180819116158665

0.168142 7.440966331709781 0.3879879568524314

0.16875 7.179895783688454 0.25926682381432636

0.169358 6.905059379652916 0.26405572803610455

0.169966 6.848814676082828 0.16850197339991446

0.170574 6.612989971285925 0.18094585085683668

0.171183 6.490374779887254 0.27991436840139683

0.171791 6.387586706466994 0.1959021736427077

0.172399 6.173497604732354 0.30800941675109156

0.173007 5.941646660564983 0.16432255618807434

0.173615 5.736069071616459 0.25981514313062504

0.174223 5.743446474322501 0.32053231166278834

0.174831 5.528089807640314 0.27070931000115717

0.175439 5.382926592753102 0.24072788687600535

0.176047 5.231641757202683 0.14563083360997783

0.176655 5.062797232362761 0.22119344106185165

0.177263 4.7899848726414 0.1299361351841681

0.177871 4.780285792381384 0.22617967143730558

0.178479 4.615256185839818 0.1505972548813979

0.179087 4.425122213162108 0.19658403902600732

0.179695 4.298433511179377 0.1767848812890719

0.180304 4.203661634920854 0.19215982092996156

0.180912 4.024351960701714 0.181834614494843

0.18152 3.8987558169821788 0.1594765844572027

0.182128 3.808936150005738 0.24525811358952984

0.182736 3.791433376807021 0.15713585458472798

0.183344 3.598821009044968 0.2988518697064434

0.183952 3.506213332228931 0.16203732989105094

0.18456 3.4434535786184988 0.23159140437706666

0.185168 3.204981067240384 0.20997388612230702

0.185776 3.229595942145969 0.18124805887905102

0.186384 3.085247219344272 0.28130170187012826

0.186992 3.0429204476585525 0.22964968742292113

0.1876 3.0150493969605403 0.21678150934480112

0.188208 2.9315934791509006 0.18283307796269424

0.188816 2.846928080570744 0.1600067872306883

0.189424 2.7232131306995124 0.22383229568144272

0.190032 2.63386370011305 0.20090534245613306

0.190641 2.553110338852898 0.272714958727583

0.191249 2.353228839429507 0.2846402099666668

0.191857 2.347518252629358 0.19768885391058813

0.192465 2.2857115732681357 0.15593007967157066

0.193073 2.349282752593349 0.15386414151686717

0.193681 2.1193020814936636 0.26412634886810865

0.194289 2.127927935828442 0.17989432242826908

0.194897 2.1746100521258738 0.23845386969082621

0.195505 2.061285557298479 0.20397472014129164

0.196113 1.9659058466337893 0.20159390895856164

0.196721 1.978559374269683 0.21329081453457574

0.197329 1.9079938070925022 0.19383173991140026

0.197937 1.935161907046033 0.13594579234828977

0.198545 1.797608194190396 0.2518682282037546

0.199153 1.7768779299542554 0.1467181490713667

0.199761 1.6494728105340513 0.19912994211020973

0.200369 1.7183895398194269 0.30003866996977996

0.200977 1.687693955471168 0.2672090770988303

0.201585 1.5452473800974107 0.141567601925889

0.202193 1.4718811076102334 0.13608016750507512

0.202802 1.540583370007628 0.2243596283815027

0.20341 1.5220949058177697 0.2086263554321921

0.204018 1.4371273694091247 0.16638314899043116

0.204626 1.426722449064891 0.23498968679657406

0.205234 1.3279558002272074 0.2260578386579087

0.205842 1.2768049615457864 0.28057006646644694

0.20645 1.2379475959757127 0.20465773172042254

0.207058 1.2132756554027584 0.24243996323698894

0.207666 1.2246304765730973 0.10750605226376961

0.208274 1.1684381019281576 0.21581549444735385

0.208882 1.1708014096376702 0.21355456027154296

0.20949 1.1996536844118781 0.2638396265515684

0.210098 1.0939083000816496 0.21690807545412916

0.210706 1.087679217503497 0.22531269792069394

0.211314 1.1770128754331985 0.2857521315640391

0.211922 1.0606751066177016 0.2799286174236586

0.21253 1.1523656859526712 0.2979030087036464

0.213138 0.9773426283558795 0.24452173056441573

0.213746 1.10152732581366 0.24418303881836775

0.214354 1.0028734773379941 0.22301344875062185

0.214962 1.1686657306467263 0.3437732367650843

0.21557 1.021655750641112 0.15660075366886445

0.216178 1.1527676457998213 0.1942560054252604

0.216786 1.070654801263416 0.2508738355452167

0.217394 1.155312424157098 0.18514038300754462

0.218002 0.9761465000084251 0.1577955431407632

0.21861 1.1278179053858217 0.1995307371175196

0.219219 1.0169492797464064 0.17087404068648854

0.219827 1.0225844183081776 0.2206896760730204

0.220435 1.067042611093236 0.2493603827036121

0.221043 1.0604077773859206 0.21546229295208122

0.221651 1.0715869877972755 0.26580760924007585

0.222259 1.0298785494146165 0.3022668160024078

0.222867 1.0029857426686508 0.19610912807625167

0.223475 0.9877714973217283 0.24104454117198812

0.224083 1.0975750773995663 0.36489586749285435

0.224691 0.9499929132219924 0.2694702818669264

0.225299 1.0391465166364076 0.2910518474071405

0.225907 1.0613055459593361 0.26186932708293176

0.226515 0.9622716422455978 0.2549378253186384

0.227123 0.9942763916881557 0.18358932597102684

0.227731 0.9025752000372818 0.23339666683879412

0.228339 0.9910399690387636 0.25026640741241657

0.228947 0.9993458504598718 0.2680240566422642

0.229555 1.0131563442107545 0.24842034433472698

0.230163 0.9354657488231145 0.3324202632592274

0.230771 0.938131554959561 0.23153216923138484

0.231379 1.0844835468520666 0.3163766084826882

0.231987 1.0005145631718668 0.20524012683999138

0.232595 1.087488635992725 0.27455149425991987

0.233203 1.0608930098953975 0.27205729762893455

0.233811 1.0134255194630786 0.1960187463173209

0.234419 1.1234707614651898 0.233511412001566

0.235027 1.1977032626364221 0.18860627691503312

0.235635 1.1253552295715046 0.3060039236213632

0.236243 1.179968328547937 0.2418917178691676

0.236851 1.1855997147665485 0.29980043317879934

0.237459 1.0818185535316371 0.2257805985883132

0.238067 1.2105653732461723 0.3293747098847567

0.238675 1.1358690405798035 0.21395745748183526

0.239283 1.2479181663372738 0.39501882933036947

0.239891 1.1203927014219108 0.2956642035772938

0.240499 1.2687874018501264 0.349101260551499

0.241107 1.2316623452720354 0.2477586412762973

0.241715 1.2707015541562094 0.2530453320779524

0.242323 1.226201004901664 0.2097278499015063

0.242931 1.319629067740584 0.2767457988896777

0.243539 1.2402011897555352 0.1859074026102879

0.244147 1.2934877615523328 0.3584749782628344

0.244755 1.2368890551292309 0.3266548230441816

0.245363 1.3378765912015285 0.2935108413281003

0.245971 1.3209623593981206 0.25608480120284915

0.246579 1.4342819090898702 0.261374421076324

0.247187 1.350398102884025 0.15110287186044294

0.247795 1.3402888076590431 0.2786685123060933

0.248403 1.362539424068309 0.4141688370192613

0.249011 1.383719192500192 0.35365166060075415

0.249619 1.4030297730970513 0.4660565777626846

0.250227 1.3989513482906213 0.22144232692135052

0.250835 1.461747690332904 0.3347206412886004

0.251443 1.3999556957111745 0.3081249459874794

0.252051 1.5231465497311942 0.2521178662740847

0.252659 1.3869426963765958 0.20728115991385876

0.253267 1.5190435068803603 0.3237792398369201

0.253875 1.5156564096641827 0.269293328136432

0.254483 1.6010749641074997 0.2985541859764721

0.255091 1.4792044060267826 0.309705365819947

0.255699 1.641016178393094 0.33978340241247207

0.256307 1.5415082659157007 0.33121200206375545

0.256915 1.6461691489507482 0.3434412461041889

0.257523 1.5061833692000017 0.29378301297173787

0.258131 1.5683781858253927 0.27434213663084134

0.258739 1.5797267119131375 0.28540660654023975

0.259347 1.5837082754072929 0.30329131455261166

0.259955 1.692067130276771 0.3972790596755926

0.260563 1.6246715088586188 0.3017804331011296

0.261171 1.6934402484947209 0.35566310921049143

0.261779 1.5902824470580543 0.32142059413906804

0.262387 1.6600237302878125 0.38047065226619414

0.262995 1.6344173830825242 0.25071743699433807

0.263603 1.784510635595364 0.36703821789649993

0.264211 1.586846376399782 0.24523652668228282

0.264819 1.6665272511815215 0.4145185549687487

0.265427 1.6100790756496737 0.3355481352664364

0.266035 1.7609390952957251 0.35174345149698827

0.266643 1.7110254393196134 0.3481451948177713

0.267251 1.770224321409148 0.3498288846188906

0.267859 1.8092233845724164 0.3945030143209568

0.268467 1.7582584301269197 0.33320210228737956

0.269075 1.7999686978828615 0.36051712688870946

0.269683 1.729992136119208 0.35091110391577696

0.270291 1.879032527021939 0.39970507555940077

0.270899 1.8704170135017497 0.3790040287353245

0.271507 1.9023483469201437 0.41961152983863986

0.272115 1.895247234327128 0.35805364708579235

0.272723 1.870308424680363 0.4792796522030534

0.273331 1.7373153496975986 0.28708130790665043

0.273939 1.9062231115278196 0.4872660054774277

0.274547 1.7938608499347695 0.31610346075759205

0.275155 1.9858416743266762 0.3658054709623463

0.275763 1.8347473046115739 0.32321925619468483

0.276371 1.8555260294099227 0.4147645942515389

0.276979 1.8346374936595065 0.3942071993570646

0.277587 1.8870731913436327 0.3938967285343753

0.278195 1.9975998841888372 0.45607167177266084

0.278803 1.938429285588518 0.4554362769652368

0.279411 1.9040257911512797 0.33188073819612324

0.280019 1.952628793401321 0.3888195509684819

0.280626 1.8922165802374256 0.46485450611642637

0.281234 2.0131071496644464 0.4525765789263828

0.281842 1.9024510261955732 0.40153063866957434

0.28245 1.9664169245028518 0.40082294622546455

0.283058 1.8656418689464354 0.3176053374121819

0.283666 1.9044801364424964 0.3378961702142753

0.284274 1.9199857881395983 0.3723690453885702

0.284882 1.8787130929173737 0.34835396488258163

0.28549 2.0124291817579927 0.47448609532953356

0.286098 1.8987077572316453 0.4091860088212699

0.286706 1.952901882210037 0.4013365844160074

0.287314 1.943882577219088 0.4007452736215654

0.287922 2.003102965158804 0.45802940190828956

0.28853 1.8215668068362614 0.2544208903043512

0.289138 1.9510817873879276 0.4419152410355719

0.289746 1.935188780528139 0.3589887206955107

0.290354 1.9727432140209236 0.386539811120041

0.290962 1.9587284351231307 0.3296950728363027

0.29157 1.808588778445834 0.37848587810008105

0.292178 1.7984365098257924 0.4045957039458985

0.292786 1.888948166634958 0.4184003026279948

0.293394 1.8993942450120156 0.41797156139606645

0.294002 1.8368020943150531 0.40905114827378364

0.29461 1.930525368492782 0.4265948318363521

0.295217 1.8484127144653328 0.4213790371995313

0.295825 1.9031448525635837 0.3962497152191774

0.296433 1.9513884855582528 0.3455111094724492

0.297041 1.8951688667612876 0.37558325458323555

0.297649 1.8313975682469332 0.34287379423398484

0.298257 1.8856993651502478 0.44737240744813517

0.298865 1.8860384613746382 0.37785278681116946

0.299473 1.8744674201150238 0.38704199387318183

0.300081 1.9040194375826687 0.49719026880123807

0.300689 1.9346279740643537 0.4747042542796598

0.301297 1.882804063346628 0.38218904762382944

0.301905 1.9134410745308466 0.4859937555232109

0.302513 1.7962711480901712 0.334547232084838

0.303121 1.8494764406710247 0.45559683661003536

0.303729 1.8243973340602444 0.3892383673316501

0.304337 1.9136982145359223 0.4207762691632435

0.304945 1.8521825926830695 0.3683640050279995

0.305553 1.8604780086526538 0.413654471124687

0.30616 1.8553544831700142 0.3651354968821766

0.306768 1.7670245423977362 0.45136341330141233

0.307376 1.8338576632604155 0.4446578527495831

0.307984 1.7498270287809496 0.45906420953353383

0.308592 1.8108903950356334 0.5304254959912312

0.3092 1.6690380861587246 0.40571621142759556

0.309808 1.812745113522716 0.4609155317055913

0.310416 1.730353218496846 0.3916379046456549

