# x and average y for the best solution found, chi=0.085562
#  q       exp_intensity   weighted_intensity
0.010030 190.333000 229.133862
0.010640 192.069000 228.173920
0.011250 206.540000 227.180029
0.011860 228.003000 226.137250
0.012470 231.394000 225.032446
0.013070 236.744000 223.918612
0.013680 222.673000 222.717175
0.014290 220.096000 221.479847
0.014900 214.207000 220.202915
0.015510 222.134000 218.871596
0.016120 220.268000 217.515194
0.016720 223.595000 216.123114
0.017330 226.095000 214.669088
0.017940 224.917000 213.182188
0.018550 223.444000 211.637692
0.019160 229.181000 210.070972
0.019760 216.492000 208.485838
0.020370 212.443000 206.839507
0.020980 204.653000 205.170618
0.021590 206.520000 203.449310
0.022200 203.172000 201.709647
0.022800 205.165000 199.965074
0.023410 206.846000 198.159689
0.024020 203.999000 196.337394
0.024630 203.913000 194.472978
0.025240 202.361000 192.592789
0.025840 200.515000 190.719505
0.026450 197.493000 188.788142
0.027060 194.726000 186.844630
0.027670 193.984000 184.877285
0.028280 190.939000 182.895338
0.028890 190.860000 180.896182
0.029490 186.814000 178.905927
0.030100 183.892000 176.873437
0.030710 181.229000 174.822511
0.031320 179.751000 172.761845
0.031930 177.989000 170.692352
0.032540 174.447000 168.609643
0.033140 174.478000 166.556713
0.033750 172.098000 164.460624
0.034360 172.722000 162.359749
0.034970 168.384000 160.255550
0.035580 163.867000 158.151866
0.036180 162.466000 156.080584
0.036790 158.998000 153.969776
0.037400 156.595000 151.862217
0.038010 155.327000 149.756383
0.038620 153.953000 147.651691
0.039220 151.679000 145.584185
0.039830 144.927000 143.486933
0.040440 143.318000 141.397272
0.041050 143.265000 139.311773
0.041660 139.179000 137.240025
0.042260 137.777000 135.209329
0.042870 135.408000 133.154213
0.043480 133.909000 131.113635
0.044090 131.443000 129.079588
0.044700 129.483000 127.060532
0.045300 128.285000 125.085776
0.045910 125.402000 123.089496
0.046520 124.535000 121.114553
0.047130 120.510000 119.149879
0.047740 118.349000 117.209481
0.048350 116.126000 115.283302
0.048950 113.686000 113.399091
0.049560 112.898000 111.513804
0.050170 111.503000 109.639401
0.050780 110.483000 107.786161
0.051390 108.193000 105.954211
0.051990 105.842000 104.164105
0.052600 103.094000 102.381756
0.053210 101.696000 100.611117
0.053820 99.193000 98.861589
0.054430 97.645500 97.137998
0.055040 95.918500 95.427881
0.055640 94.453700 93.782464
0.056250 92.807000 92.124895
0.056860 90.259700 90.489319
0.057470 89.277400 88.884174
0.058080 88.412300 87.293013
0.058680 87.507500 85.759985
0.059290 85.382500 84.221283
0.059900 83.849500 82.704514
0.060510 81.809200 81.220298
0.061120 80.140100 79.750467
0.061730 79.277400 78.313311
0.062330 77.921200 76.920495
0.062940 75.542400 75.521752
0.063550 73.853100 74.158949
0.064160 73.575900 72.811236
0.064770 72.239400 71.494937
0.065370 70.999900 70.223386
0.065980 70.398100 68.945287
0.066590 70.020900 67.703496
0.067200 67.110800 66.475606
0.067810 66.690500 65.273691
0.068410 65.537400 64.118740
0.069020 64.322400 62.958576
0.069630 62.851900 61.833592
0.070240 62.005200 60.722537
0.070850 60.399000 59.632959
0.071460 59.223500 58.571166
0.072060 59.022200 57.539232
0.072670 58.151900 56.522501
0.073280 57.456000 55.521515
0.073890 56.705600 54.539088
0.074500 55.548400 53.583159
0.075100 54.683500 52.654107
0.075710 53.383100 51.737391
0.076320 52.879800 50.838289
0.076930 52.154200 49.955149
0.077540 50.893800 49.097065
0.078140 49.686100 48.263245
0.078750 49.182500 47.438918
0.079360 48.387000 46.632587
0.079970 47.350600 45.838752
0.080580 47.268000 45.069301
0.081180 46.374200 44.321802
0.081790 45.615600 43.581054
0.082400 44.944000 42.858243
0.083010 44.490900 42.145224
0.083620 43.316600 41.454652
0.084220 42.625600 40.784239
0.084830 42.134700 40.118172
0.085440 41.212300 39.468991
0.086050 40.182800 38.828123
0.086660 39.780700 38.207276
0.087270 39.772700 37.595598
0.087870 38.668100 37.005303
0.088480 38.248300 36.421373
0.089090 37.435400 35.844645
0.089700 36.411900 35.284171
0.090310 35.856300 34.732888
0.090910 35.658500 34.199391
0.091520 34.505900 33.672298
0.092130 33.729000 33.151487
0.092740 33.467400 32.644099
0.093350 32.718900 32.145129
0.093950 32.546300 31.660489
0.094560 32.233200 31.182551
0.095170 31.444200 30.710041
0.095780 30.826200 30.248165
0.096390 30.928300 29.794419
0.096990 30.235400 29.352622
0.097600 30.122500 28.917245
0.098210 29.761900 28.486491
0.098820 29.021800 28.064106
0.099430 28.407000 27.649946
0.100040 28.098600 27.239992
0.100640 27.721500 26.847430
0.101250 27.465600 26.452399
0.101860 26.838100 26.063231
0.102470 26.284800 25.682993
0.103080 25.581700 25.306629
0.103680 25.300200 24.944347
0.104290 24.813800 24.580711
0.104900 24.929000 24.222244
0.105510 24.775100 23.871074
0.106120 24.503300 23.523084
0.106730 23.578900 23.182239
0.107330 23.115000 22.851885
0.107940 22.895100 22.520103
0.108550 22.614900 22.195040
0.109160 22.262600 21.872936
0.109770 22.364300 21.557089
0.110370 21.381200 21.250386
0.110980 21.731100 20.941079
0.111590 20.998700 20.639800
0.112200 20.799800 20.340930
0.112810 20.424400 20.046439
0.113410 20.202000 19.761422
0.114020 19.835700 19.474084
0.114630 19.582700 19.193806
0.115240 18.990400 18.915723
0.115850 19.222200 18.641021
0.116460 18.826400 18.372113
0.117060 18.434100 18.109954
0.117670 17.664300 17.847831
0.118280 17.369100 17.589078
0.118890 17.767900 17.334295
0.119500 17.295000 17.083399
0.120100 16.642900 16.838617
0.120710 16.690600 16.595656
0.121320 16.155200 16.355081
0.121930 16.371600 16.116668
0.122540 16.282700 15.883982
0.123140 15.801400 15.656992
0.123750 15.883800 15.430061
0.124360 15.782500 15.206621
0.124970 15.272800 14.985604
0.125580 14.873000 14.769290
0.126180 15.110400 14.558436
0.126790 14.741100 14.348039
0.127400 14.391400 14.140749
0.128010 14.318300 13.935180
0.128620 14.124600 13.735059
0.129230 13.247200 13.536671
0.129830 13.148200 13.344352
0.130440 12.942400 13.152646
0.131050 13.133400 12.962781
0.131660 13.445200 12.777013
0.132260 13.039000 12.596484
0.132870 12.675600 12.415862
0.133480 12.230700 12.238627
0.134090 11.937100 12.063036
0.134700 11.489400 11.891641
0.135310 11.467200 11.722483
0.135910 11.212400 11.558229
0.136520 11.138100 11.394850
0.137130 11.593800 11.233045
0.137740 11.400100 11.074746
0.138350 11.283300 10.918788
0.138950 10.668200 10.767099
0.139560 10.839600 10.616807
0.140170 10.476000 10.467946
0.140780 10.086400 10.321885
0.141390 10.073000 10.178607
0.142000 9.246990 10.036900
0.142600 9.178820 9.900587
0.143210 9.457590 9.763517
0.143820 9.433230 9.629334
0.144430 8.992990 9.497387
0.145030 8.929110 9.368712
0.145640 8.899340 9.241539
0.146250 8.786740 9.115653
0.146860 8.826490 8.991620
0.147470 9.001320 8.870374
0.148080 8.844950 8.750374
0.148680 8.215340 8.635049
0.149290 8.002650 8.519285
0.149900 8.020050 8.405156
0.150510 7.780440 8.293464
0.151120 7.803480 8.182863
0.151720 7.644700 8.076534
0.152330 7.661000 7.969892
0.152940 7.652150 7.864489
0.153550 7.534800 7.761876
0.154160 7.349250 7.660214
0.154770 7.313800 7.560371
0.155370 7.116110 7.463647
0.155980 7.127370 7.366246
0.156590 7.295240 7.271426
0.157200 7.062630 7.177469
0.157810 7.085240 7.085103
0.158410 6.679700 6.995893
0.159020 6.810250 6.906036
0.159630 6.669720 6.818082
0.160240 6.731600 6.731156
0.160840 6.237740 6.647213
0.161450 6.303290 6.563189
0.162060 6.113980 6.479845
0.162670 6.155050 6.398448
0.163280 6.122610 6.318048
0.163890 5.949120 6.238822
0.164490 6.078720 6.162071
0.165100 5.690970 6.084690
0.165710 5.689060 6.009252
0.166320 5.572800 5.934745
0.166930 5.572690 5.861081
0.167530 5.617430 5.789778
0.168140 5.644670 5.717936
0.168750 5.645450 5.647758
0.169360 5.241950 5.578444
0.169970 5.505750 5.509731
0.170570 5.345040 5.443582
0.171180 5.157360 5.376939
0.171790 5.020800 5.311565
0.172400 5.038290 5.247090
0.173010 4.961080 5.183110
0.173610 5.423400 5.121579
0.174220 5.344990 5.059620
0.174830 5.412920 4.998721
0.175440 5.145260 4.938715
0.176050 5.403310 4.879171
0.176660 4.969660 4.820943
0.177260 4.770890 4.764264
0.177870 4.854240 4.707432
0.178480 4.694710 4.651597
0.179090 4.431880 4.596245
0.179690 4.677380 4.542997
0.180300 4.754040 4.489349
0.180910 4.826510 4.436205
0.181520 4.826490 4.384328
0.182130 4.569920 4.332936
0.182740 4.563480 4.282526
0.183340 4.429110 4.233468
0.183950 4.315730 4.184002
0.184560 4.043990 4.135779
0.185170 3.866600 4.087996
0.185780 3.985430 4.041061
0.186380 4.049430 3.995524
0.186990 3.639620 3.949598
0.187600 3.669470 3.904738
0.188210 3.534800 3.860295
0.188820 3.657420 3.816616
0.189420 3.510040 3.774354
0.190030 3.707650 3.731743
0.190640 3.591480 3.690083
0.191250 4.061490 3.648805
0.191860 3.750010 3.608075
0.192460 3.806370 3.568863
0.193070 3.615280 3.529346
0.193680 3.482320 3.490490
0.194290 3.497580 3.452154
0.194900 3.768170 3.414391
0.195510 3.282550 3.377297
0.196110 3.002570 3.341099
0.196720 2.931780 3.305017
0.197330 2.989150 3.269410
0.197940 2.528010 3.234207
0.198540 3.062170 3.200374
0.199150 3.127060 3.166239
0.199760 2.860800 3.132629
0.200370 2.836930 3.099500
0.200980 2.766770 3.066683
0.201580 2.922500 3.035184
0.202190 2.847930 3.003424
0.202800 3.095830 2.972185
0.203410 3.107220 2.941385
0.204020 2.837820 2.910818
0.204630 2.868190 2.880831
0.205230 3.024940 2.851633
0.205840 2.905210 2.822436
0.206450 3.060730 2.793732
0.207060 2.933760 2.765262
0.207670 2.851460 2.737339
0.208270 2.801750 2.710137
0.208880 2.791240 2.682810
0.209490 2.548550 2.655891
0.210100 2.787110 2.629186
0.210710 2.697510 2.603061
0.211310 2.882830 2.577642
0.211920 2.376380 2.552064
0.212530 2.317240 2.526901
0.213140 2.342280 2.501938
0.213750 2.364310 2.477433
0.214350 2.465930 2.453643
0.214960 2.736250 2.429684
0.215570 2.689530 2.406158
0.216180 2.951700 2.382772
0.216790 2.776580 2.359652
0.217390 2.734100 2.337305
0.218000 2.463740 2.314801
0.218610 2.253800 2.292756
0.219220 2.453740 2.270880
0.219830 2.455790 2.249304
0.220430 2.386830 2.228420
0.221040 2.308690 2.207349
0.221650 2.112000 2.186655
0.222260 2.363530 2.166166
0.222870 2.234600 2.145955
0.223480 2.290040 2.126055
0.224080 2.293480 2.106633
0.224690 2.365030 2.087340
0.225300 2.249270 2.068244
0.225910 2.221610 2.049351
0.226510 1.960170 2.031143
0.227120 2.002700 2.012777
0.227730 1.962500 1.994734
0.228340 2.043440 1.976953
0.228950 2.097200 1.959380
0.229560 2.267390 1.942228
0.230160 2.162060 1.925506
0.230770 2.197110 1.908817
0.231380 1.923060 1.892399
0.231990 2.042680 1.876145
0.232590 1.823050 1.860552
0.233200 2.037760 1.844853
0.233810 1.870250 1.829454
0.234420 1.700880 1.814360
0.235030 1.931240 1.799428
0.235640 1.792130 1.784942
0.236240 1.853430 1.770863
0.236850 1.743620 1.756806
0.237460 2.017010 1.743086
0.238070 1.729470 1.729524
0.238670 1.821670 1.716553
0.239280 1.669470 1.703571
0.239890 1.868420 1.690829
0.240500 1.871260 1.678442
0.241110 1.964320 1.666214
0.241720 1.846330 1.654358
0.242320 1.381330 1.642920
0.242930 1.606260 1.631488
0.243540 1.572790 1.620442
0.244150 1.373760 1.609548
0.244760 1.821670 1.598967
0.245360 1.644160 1.588811
0.245970 1.562970 1.578656
0.246580 1.719040 1.568899
0.247190 1.695160 1.559289
0.247790 1.610760 1.550111
0.248400 1.522860 1.541035
0.249010 1.471710 1.532099
0.249620 1.410830 1.523536
0.250230 1.458600 1.515119
0.250830 1.367780 1.507078
0.251440 1.104280 1.499191
0.252050 1.143840 1.491444
0.252660 1.262320 1.484011
0.253270 1.275870 1.476735
0.253880 1.458190 1.469657
0.254480 1.631040 1.462953
0.255090 1.656940 1.456252
0.255700 1.660860 1.449831
0.256310 1.687700 1.443562
0.256920 1.574360 1.437439
0.257520 1.567710 1.431683
0.258130 1.466590 1.425929
0.258740 1.283580 1.420387
0.259350 1.211370 1.415001
0.259950 1.624360 1.409818
0.260560 1.745470 1.404761
0.261170 1.758530 1.399795
0.261780 1.706630 1.395014
0.262390 1.623430 1.390352
0.262990 1.603820 1.385832
0.263600 1.443380 1.381451
0.264210 1.147160 1.377133
0.264820 0.999041 1.372928
0.265430 1.086340 1.368847
0.266040 1.342800 1.364829
0.266640 1.217570 1.361036
0.267250 1.431540 1.357233
0.267860 1.464610 1.353504
0.268470 1.669600 1.349856
0.269080 1.597050 1.346249
0.269680 1.297370 1.342807
0.270290 1.210920 1.339344
0.270900 1.394030 1.335920
0.271510 1.374960 1.332590
0.272110 1.167350 1.329340
0.272720 1.321500 1.326066
0.273330 1.029050 1.322808
0.273940 1.220670 1.319564
0.274550 1.052440 1.316390
0.275150 1.313600 1.313275
0.275760 1.416000 1.310106
0.276370 1.183560 1.306972
0.276980 1.106440 1.303860
0.277590 0.930334 1.300749
0.278200 1.129870 1.297633
0.278800 1.022160 1.294556
0.279410 1.242660 1.291431
0.280020 0.974447 1.288306
0.280630 1.188310 1.285160
0.281230 1.136710 1.282063
0.281840 1.308590 1.278909
0.282450 1.392600 1.275735
0.283060 1.353440 1.272551
0.283670 1.419120 1.269346
0.284270 1.350180 1.266183
0.284880 1.217050 1.262952
0.285490 1.324410 1.259682
0.286100 1.161180 1.256402
0.286710 1.467980 1.253117
0.287310 1.169210 1.249858
0.287920 1.250180 1.246517
0.288530 1.132960 1.243157
0.289140 1.035860 1.239785
0.289750 1.163600 1.236386
0.290350 0.961013 1.233028
0.290960 1.170890 1.229603
0.291570 1.097960 1.226155
0.292180 1.271310 1.222698
0.292790 1.244830 1.219224
0.293390 1.383060 1.215792
0.294000 1.303820 1.212296
0.294610 1.071530 1.208798
0.295220 0.923689 1.205292
0.295830 1.038950 1.201773
0.296430 1.036170 1.198307
0.297040 0.926486 1.194781
0.297650 0.975980 1.191264
0.298260 0.961896 1.187751
0.298860 0.923403 1.184301
0.299470 1.128420 1.180803
0.300080 0.864585 1.177312
0.300690 1.200850 1.173846
0.301300 0.983437 1.170392
0.301900 1.144740 1.167004
0.302510 1.153700 1.163585
0.303120 1.251600 1.160179
0.303730 1.129440 1.156806
0.304340 1.313730 1.153455
0.304950 1.394600 1.150121
0.305550 1.294700 1.146891
0.306160 1.527560 1.143629
0.306770 1.307600 1.140415
0.307380 1.434840 1.137230
0.307980 1.402220 1.134114
0.308590 1.292580 1.131031
0.309200 0.950330 1.127968
0.309810 0.998112 1.124942
0.310420 1.207680 1.121991
0.311020 1.206220 1.119124
0.311630 1.196240 1.116256
0.312240 1.193110 1.113430
0.312850 1.001470 1.110667
0.313460 1.210890 1.107965
0.314060 1.365120 1.105337
0.314670 1.249680 1.102748
0.315280 1.351440 1.100203
0.315890 1.303620 1.097708
0.316500 1.340440 1.095302
0.317100 1.398880 1.092968
0.317710 0.965040 1.090661
0.318320 1.112640 1.088425
0.318930 1.041810 1.086254
0.319540 1.052630 1.084148
0.320140 1.132520 1.082108
0.320750 1.029580 1.080110
0.321360 0.993816 1.078177
0.321970 0.968356 1.076290
0.322570 0.965360 1.074522
0.323180 0.948812 1.072762
0.323790 1.098140 1.071075
0.324400 0.846905 1.069447
0.325010 0.581301 1.067850
0.326220 0.963077 1.064900
0.327440 0.986568 1.062187
