# SAXS profile: number of points = 485, q_min = 0.024629, q_max = 0.327438, delta_q = 0.000611735353535354
# offset = 0.00000000000000, scaling c = 1.91409458871015e-06, Chi = 1.70850826475348
#  q       exp_intensity   model_intensity
0.02463    54.32220000     52.20494701    
0.02524    53.02020000     51.88928711    
0.02584    52.43550000     51.56806274    
0.02645    52.05510000     51.24085878    
0.02706    51.76530000     50.90888530    
0.02767    51.99620000     50.57175854    
0.02828    52.21260000     50.22960808    
0.02889    51.98950000     49.88257149    
0.02949    51.54340000     49.53081040    
0.03010    51.10190000     49.17445022    
0.03071    50.74270000     48.81357740    
0.03132    50.59250000     48.44763807    
0.03193    49.77940000     48.07815431    
0.03254    49.19790000     47.70468703    
0.03314    48.52470000     47.32736364    
0.03375    48.94050000     46.94634567    
0.03436    47.78520000     46.56177689    
0.03497    47.65350000     46.17380155    
0.03558    47.09740000     45.78257699    
0.03618    45.82640000     45.38760101    
0.03679    45.76800000     44.99030319    
0.03740    45.11830000     44.59019088    
0.03801    44.47980000     44.18741827    
0.03862    43.46320000     43.78212949    
0.03922    44.11120000     43.37448103    
0.03983    44.12790000     42.96460066    
0.04044    44.10010000     42.55262842    
0.04105    42.85630000     42.13805481    
0.04166    42.13050000     41.72234963    
0.04226    41.92790000     41.30501056    
0.04287    41.47870000     40.88615201    
0.04348    41.78640000     40.46587305    
0.04409    41.08240000     40.04439396    
0.04470    40.89430000     39.62182496    
0.04530    40.08510000     39.19834676    
0.04591    39.62900000     38.77336194    
0.04652    38.47450000     38.34839090    
0.04713    38.19650000     37.92290772    
0.04774    37.69380000     37.49701451    
0.04835    37.11330000     37.07084805    
0.04895    36.87130000     36.64454519    
0.04956    36.35400000     36.21822236    
0.05017    36.19380000     35.79201006    
0.05078    35.73980000     35.36532383    
0.05139    35.13890000     34.93968092    
0.05199    34.93020000     34.51452252    
0.05260    34.14220000     34.08992280    
0.05321    33.96630000     33.66602319    
0.05382    33.32580000     33.24295389    
0.05443    32.79810000     32.82079326    
0.05504    32.52490000     32.39969015    
0.05564    31.79490000     31.97904386    
0.05625    31.61430000     31.56038868    
0.05686    31.15520000     31.14305164    
0.05747    30.84130000     30.72717274    
0.05808    30.55130000     30.31284483    
0.05868    29.95450000     29.90014652    
0.05929    29.26410000     29.48919470    
0.05990    29.35080000     29.08005128    
0.06051    29.02830000     28.67215038    
0.06112    28.40870000     28.26692431    
0.06173    28.33500000     27.86376384    
0.06233    27.92630000     27.46276304    
0.06294    27.12630000     27.06399538    
0.06355    26.91630000     26.66750813    
0.06416    26.22580000     26.27341480    
0.06477    25.75530000     25.88177280    
0.06537    25.56720000     25.49200961    
0.06598    25.00450000     25.10547748    
0.06659    24.73140000     24.72159266    
0.06720    24.19190000     24.34041499    
0.06781    23.86510000     23.96215722    
0.06841    23.52060000     23.58672119    
0.06902    23.00950000     23.21416789    
0.06963    22.88100000     22.84455328    
0.07024    22.36530000     22.47791598    
0.07085    22.37480000     22.11369279    
0.07146    21.91420000     21.75314918    
0.07206    21.25170000     21.39573617    
0.07267    20.63730000     21.04145385    
0.07328    20.63160000     20.69036059    
0.07389    20.21440000     20.34250242    
0.07450    20.00750000     19.99789712    
0.07510    19.54410000     19.65658597    
0.07571    19.35570000     19.31803294    
0.07632    19.33920000     18.98337532    
0.07693    18.77170000     18.65211015    
0.07754    18.30420000     18.32424120    
0.07814    17.81260000     17.99976750    
0.07875    17.47480000     17.67874519    
0.07936    17.12370000     17.36117895    
0.07997    16.82340000     17.04725767    
0.08058    16.64090000     16.73683817    
0.08118    16.57750000     16.42939565    
0.08179    16.52820000     16.12596812    
0.08240    15.93970000     15.82606497    
0.08301    15.51880000     15.52968054    
0.08362    15.25090000     15.23682187    
0.08422    14.90940000     14.94751064    
0.08483    14.67040000     14.66172432    
0.08544    14.29850000     14.37946438    
0.08605    13.71420000     14.10073770    
0.08666    13.69800000     13.82510261    
0.08727    13.21340000     13.55346012    
0.08787    12.98550000     13.28532802    
0.08848    12.79790000     13.02072735    
0.08909    12.57030000     12.75964451    
0.08970    12.25350000     12.50204764    
0.09031    12.09280000     12.24795582    
0.09091    12.08930000     11.99737511    
0.09152    11.65350000     11.75024851    
0.09213    11.36670000     11.50637438    
0.09274    11.18720000     11.26636183    
0.09335    10.86830000     11.02978152    
0.09395    10.65880000     10.79662444    
0.09456    10.46570000     10.56688906    
0.09517    10.32720000     10.34053181    
0.09578    9.96096000      10.11753179    
0.09639    9.80967000      9.89790237     
0.09699    9.60344000      9.68160901     
0.09760    9.37807000      9.46826928     
0.09821    9.17975000      9.25857949     
0.09882    8.97715000      9.05216820     
0.09943    8.73771000      8.84901153     
0.10004    8.46077000      8.64909414     
0.10064    8.13876000      8.45237774     
0.10125    7.92636000      8.25883828     
0.10186    7.91417000      8.06846300     
0.10247    7.66186000      7.88124688     
0.10308    7.54205000      7.69683174     
0.10368    7.35549000      7.51581918     
0.10429    7.30301000      7.33800361     
0.10490    7.08607000      7.16327540     
0.10551    6.80622000      6.99153296     
0.10612    6.72200000      6.82278424     
0.10673    6.42432000      6.65700709     
0.10733    6.25190000      6.49415797     
0.10794    6.03464000      6.33421824     
0.10855    5.89289000      6.17690523     
0.10916    5.77551000      6.02271349     
0.10977    5.73446000      5.87134521     
0.11037    5.50475000      5.72277666     
0.11098    5.37745000      5.57698653     
0.11159    5.27267000      5.43394095     
0.11220    5.14529000      5.29361639     
0.11281    5.13912000      5.15599047     
0.11341    4.97137000      5.02103194     
0.11402    4.89597000      4.88869142     
0.11463    4.58158000      4.75874824     
0.11524    4.50059000      4.63162071     
0.11585    4.32069000      4.50704204     
0.11646    4.30580000      4.38508292     
0.11706    4.31629000      4.26568816     
0.11767    4.08029000      4.14872897     
0.11828    3.98837000      4.03421008     
0.11889    3.94377000      3.92211477     
0.11950    3.72252000      3.81240093     
0.12010    3.63209000      3.70503627     
0.12071    3.53130000      3.59983415     
0.12132    3.43183000      3.49711369     
0.12193    3.26590000      3.39666223     
0.12254    3.22619000      3.29846072     
0.12314    3.15173000      3.20248453     
0.12375    3.11217000      3.10868776     
0.12436    3.08088000      3.01704827     
0.12497    3.09038000      2.92756203     
0.12558    2.94246000      2.84018618     
0.12618    2.75236000      2.75489232     
0.12679    2.67051000      2.67152653     
0.12740    2.57009000      2.59030691     
0.12801    2.45971000      2.51108336     
0.12862    2.44665000      2.43391714     
0.12923    2.38956000      2.35874439     
0.12983    2.33836000      2.28548238     
0.13044    2.19140000      2.21411138     
0.13105    2.02880000      2.14459231     
0.13166    2.07638000      2.07691386     
0.13226    1.93327000      2.01105131     
0.13287    1.85545000      1.94698371     
0.13348    1.75425000      1.88455570     
0.13409    1.83181000      1.82395869     
0.13470    1.80458000      1.76508213     
0.13531    1.73310000      1.70788361     
0.13591    1.62587000      1.65233293     
0.13652    1.65937000      1.59841262     
0.13713    1.52802000      1.54608740     
0.13774    1.62622000      1.49534345     
0.13835    1.51176000      1.44614373     
0.13895    1.44428000      1.39847448     
0.13956    1.41454000      1.35230018     
0.14017    1.27181000      1.30752410     
0.14078    1.16259000      1.26432869     
0.14139    0.98834100      1.22256563     
0.14200    0.99483300      1.18219357     
0.14260    0.98808600      1.14320075     
0.14321    1.15150000      1.10554090     
0.14382    1.07944000      1.06919698     
0.14443    0.94776100      1.03415720     
0.14503    0.96656600      1.00037728     
0.14564    0.86617700      0.96783911     
0.14625    0.82339800      0.93651966     
0.14686    0.82339500      0.90633840     
0.14747    0.83383700      0.87737263     
0.14808    0.82652000      0.84955322     
0.14868    0.82746600      0.82285684     
0.14929    0.82031600      0.79725416     
0.14990    0.66375300      0.77271831     
0.15051    0.69459500      0.74923558     
0.15112    0.73064000      0.72676493     
0.15172    0.66797100      0.70528923     
0.15233    0.62622700      0.68480168     
0.15294    0.54408800      0.66528760     
0.15355    0.47402800      0.64671956     
0.15416    0.49465100      0.62906427     
0.15477    0.48093700      0.61225330     
0.15537    0.46712200      0.59632162     
0.15598    0.52152700      0.58122021     
0.15659    0.46485700      0.56693508     
0.15720    0.60656800      0.55343613     
0.15781    0.52350300      0.54070793     
0.15841    0.51648600      0.52871722     
0.15902    0.41925500      0.51744252     
0.15963    0.51273200      0.50686754     
0.16024    0.56139200      0.49697306     
0.16084    0.53053600      0.48774430     
0.16145    0.56101800      0.47914469     
0.16206    0.45056700      0.47115294     
0.16267    0.55274100      0.46374609     
0.16328    0.53428900      0.45693147     
0.16389    0.55463400      0.45066297     
0.16449    0.48490800      0.44493622     
0.16510    0.36709800      0.43972977     
0.16571    0.38326800      0.43501985     
0.16632    0.36816400      0.43079504     
0.16693    0.35073400      0.42701944     
0.16753    0.39263900      0.42367131     
0.16814    0.42307000      0.42074543     
0.16875    0.44896100      0.41821935     
0.16936    0.43413900      0.41606274     
0.16997    0.44622000      0.41427517     
0.17057    0.37538800      0.41283513     
0.17118    0.40418400      0.41171644     
0.17179    0.47328800      0.41091178     
0.17240    0.53257200      0.41039938     
0.17301    0.50793800      0.41016261     
0.17361    0.47990900      0.41019399     
0.17422    0.40090200      0.41047149     
0.17483    0.41582600      0.41098239     
0.17544    0.40774700      0.41169784     
0.17605    0.31951100      0.41262643     
0.17666    0.36993200      0.41375141     
0.17726    0.40806100      0.41503768     
0.17787    0.34630000      0.41649435     
0.17848    0.38405500      0.41808987     
0.17909    0.41263900      0.41983011     
0.17969    0.45532200      0.42168472     
0.18030    0.30252300      0.42365033     
0.18091    0.30573300      0.42571460     
0.18152    0.24068700      0.42785408     
0.18213    0.18277200      0.43007292     
0.18274    0.33722500      0.43235877     
0.18334    0.27539200      0.43468792     
0.18395    0.36416300      0.43705790     
0.18456    0.24176100      0.43946874     
0.18517    0.29507600      0.44190179     
0.18578    0.31423600      0.44433955     
0.18638    0.26339100      0.44678382     
0.18699    0.19775400      0.44923146     
0.18760    0.25472000      0.45166443     
0.18821    0.25309600      0.45408123     
0.18882    0.40315800      0.45647549     
0.18942    0.42927100      0.45882046     
0.19003    0.37761500      0.46114000     
0.19064    0.35136200      0.46339624     
0.19125    0.31032600      0.46559704     
0.19186    0.32634500      0.46774512     
0.19246    0.38248000      0.46983088     
0.19307    0.41079000      0.47184717     
0.19368    0.40172700      0.47378715     
0.19429    0.40256200      0.47564063     
0.19490    0.36846700      0.47741059     
0.19551    0.43202300      0.47909412     
0.19611    0.35225500      0.48068554     
0.19672    0.45340300      0.48218513     
0.19733    0.36302200      0.48359020     
0.19794    0.38265100      0.48489198     
0.19854    0.33619900      0.48608031     
0.19915    0.39594900      0.48717208     
0.19976    0.37733500      0.48815298     
0.20037    0.33227500      0.48902298     
0.20098    0.29682400      0.48978610     
0.20158    0.39326000      0.49042121     
0.20219    0.30435600      0.49094847     
0.20280    0.37003000      0.49136469     
0.20341    0.28879500      0.49165806     
0.20402    0.26468100      0.49184074     
0.20463    0.20682400      0.49190571     
0.20523    0.26537100      0.49185248     
0.20584    0.32626400      0.49168693     
0.20645    0.30140400      0.49140951     
0.20706    0.25149000      0.49101557     
0.20767    0.21050500      0.49049955     
0.20827    0.15387700      0.48987316     
0.20888    0.17290300      0.48914146     
0.20949    0.29174800      0.48829589     
0.21010    0.33990700      0.48734346     
0.21071    0.31958800      0.48627851     
0.21131    0.33412700      0.48511147     
0.21192    0.27531800      0.48383954     
0.21253    0.38223600      0.48246536     
0.21314    0.36750000      0.48098712     
0.21375    0.38428000      0.47940551     
0.21435    0.36565300      0.47773441     
0.21496    0.35664600      0.47596447     
0.21557    0.36209500      0.47410840     
0.21618    0.37314400      0.47215348     
0.21679    0.35242300      0.47012197     
0.21739    0.31155100      0.46799754     
0.21800    0.34752300      0.46579583     
0.21861    0.32454900      0.46352349     
0.21922    0.33144800      0.46116579     
0.21983    0.36839900      0.45873480     
0.22043    0.39042900      0.45623925     
0.22104    0.33435400      0.45367848     
0.22165    0.24008500      0.45105257     
0.22226    0.30978100      0.44836884     
0.22287    0.26537200      0.44562468     
0.22348    0.25806400      0.44282771     
0.22408    0.21310800      0.43997303     
0.22469    0.33643900      0.43708082     
0.22530    0.25343200      0.43413764     
0.22591    0.36163100      0.43115144     
0.22651    0.34789300      0.42811744     
0.22712    0.30430400      0.42505286     
0.22773    0.25157900      0.42195380     
0.22834    0.29596200      0.41882867     
0.22895    0.28545800      0.41567367     
0.22956    0.31332100      0.41249512     
0.23016    0.31957300      0.40929674     
0.23077    0.33181000      0.40607887     
0.23138    0.18816100      0.40284230     
0.23199    0.23156700      0.39960006     
0.23259    0.26951000      0.39634712     
0.23320    0.22863900      0.39307723     
0.23381    0.35602200      0.38980676     
0.23442    0.25138100      0.38653667     
0.23503    0.28745100      0.38326565     
0.23564    0.29893700      0.37999629     
0.23624    0.24358100      0.37673021     
0.23685    0.24307300      0.37347729     
0.23746    0.23240600      0.37024070     
0.23807    0.23096200      0.36699962     
0.23867    0.27109600      0.36378591     
0.23928    0.25011100      0.36057988     
0.23989    0.26095700      0.35738770     
0.24050    0.20352500      0.35422995     
0.24111    0.21122600      0.35109456     
0.24172    0.18164400      0.34797877     
0.24232    0.14695500      0.34489133     
0.24293    0.21594700      0.34182952     
0.24354    0.28106300      0.33879951     
0.24415    0.36261700      0.33579928     
0.24476    0.32373000      0.33283145     
0.24536    0.26988400      0.32990290     
0.24597    0.18175100      0.32700638     
0.24658    0.20926200      0.32414688     
0.24719    0.19208200      0.32133516     
0.24779    0.20934900      0.31855709     
0.24840    0.20347200      0.31581038     
0.24901    0.24416900      0.31311298     
0.24962    0.10741800      0.31045795     
0.25023    0.22245100      0.30784985     
0.25083    0.14840200      0.30528532     
0.25144    0.26976600      0.30276984     
0.25205    0.17639900      0.30029873     
0.25266    0.23207800      0.29786699     
0.25327    0.22650900      0.29549546     
0.25388    0.24557900      0.29316315     
0.25448    0.16323500      0.29087910     
0.25509    0.12092300      0.28864687     
0.25570    0.11782500      0.28646507     
0.25631    0.11741200      0.28433321     
0.25692    0.14666300      0.28224828     
0.25752    0.12856100      0.28021362     
0.25813    0.24337600      0.27823368     
0.25874    0.19509500      0.27630287     
0.25935    0.21592400      0.27441993     
0.25995    0.12416100      0.27258429     
0.26056    0.15111200      0.27080865     
0.26117    0.12472100      0.26906908     
0.26178    0.21254400      0.26738690     
0.26239    0.20619700      0.26576067     
0.26299    0.17231400      0.26417263     
0.26360    0.20709800      0.26264752     
0.26421    0.18149500      0.26116714     
0.26482    0.17161400      0.25973049     
0.26543    0.18968000      0.25834902     
0.26604    0.15121100      0.25701113     
0.26664    0.16468300      0.25572026     
0.26725    0.17090800      0.25447536     
0.26786    0.14639700      0.25327564     
0.26847    0.17190000      0.25212200     
0.26908    0.21926600      0.25101573     
0.26968    0.09201760      0.24995518     
0.27029    0.08983240      0.24893550     
0.27090    0.06043840      0.24795730     
0.27151    0.05958350      0.24702401     
0.27211    0.15845100      0.24613507     
0.27272    0.17091300      0.24527451     
0.27333    0.18433100      0.24446085     
0.27394    0.13209600      0.24368594     
0.27455    0.15267600      0.24295180     
0.27515    0.09967050      0.24226081     
0.27576    0.09748880      0.24159089     
0.27637    0.17051600      0.24096356     
0.27698    0.16743700      0.24037657     
0.27759    0.13014100      0.23981703     
0.27820    0.12951900      0.23929490     
0.27880    0.12567100      0.23880230     
0.27941    0.13311200      0.23833969     
0.28002    0.13730800      0.23790958     
0.28063    0.20154200      0.23750637     
0.28123    0.12987200      0.23712837     
0.28184    0.06081460      0.23677904     
0.28245    0.06186220      0.23645607     
0.28306    0.11698200      0.23615946     
0.28367    0.13818200      0.23588266     
0.28427    0.12639500      0.23562315     
0.28488    0.15344500      0.23539569     
0.28549    0.12959500      0.23518786     
0.28610    0.13589300      0.23499181     
0.28671    0.10853300      0.23482114     
0.28731    0.02952850      0.23466607     
0.28792    0.07944780      0.23452890     
0.28853    0.20266700      0.23440728     
0.28914    0.13986500      0.23429928     
0.28975    0.16553800      0.23420394     
0.29035    0.21222300      0.23412661     
0.29096    0.19501000      0.23405955     
0.29157    0.08704540      0.23399989     
0.29218    0.11514000      0.23394599     
0.29279    0.08648840      0.23390444     
0.29339    0.11803200      0.23387310     
0.29400    0.07059070      0.23384297     
0.29461    0.09774280      0.23381871     
0.29522    0.14279200      0.23380375     
0.29583    0.10182700      0.23379261     
0.29643    0.12938400      0.23378095     
0.29704    0.13197400      0.23377484     
0.29765    0.18428000      0.23376408     
0.29826    0.13960000      0.23375681     
0.29886    0.12695700      0.23374708     
0.29947    0.14923200      0.23373598     
0.30008    0.10710800      0.23372612     
0.30130    0.10618000      0.23369595     
0.30190    0.09956660      0.23366910     
0.30251    0.12176400      0.23363742     
0.30312    0.13181800      0.23360395     
0.30373    0.11405800      0.23356588     
0.30434    0.18099600      0.23351405     
0.30495    0.11873500      0.23345212     
0.30555    0.14940700      0.23338704     
0.30616    0.06309740      0.23331211     
0.30677    0.14338600      0.23322287     
0.30738    0.10655600      0.23312408     
0.30798    0.20217800      0.23301328     
0.30859    0.18660800      0.23289769     
0.30920    0.14152500      0.23276374     
0.30981    0.10459500      0.23261899     
0.31042    0.11180000      0.23245101     
0.31102    0.12179800      0.23227632     
0.31163    0.07727180      0.23208497     
0.31224    0.16415200      0.23188136     
0.31285    0.14071300      0.23166591     
0.31346    0.13889600      0.23142959     
0.31406    0.08519870      0.23117634     
0.31467    0.08068230      0.23090230     
0.31528    0.11250300      0.23061583     
0.31589    0.05572910      0.23031502     
0.31650    0.07468080      0.22999475     
0.31710    0.04947210      0.22965552     
0.31771    0.11763400      0.22929984     
0.31832    0.10206400      0.22892734     
0.31893    0.12579100      0.22853651     
0.31954    0.20089200      0.22812841     
