 0.106420E-01  0.520822E+02  0.447246E+01
 0.112500E-01  0.596989E+02  0.767398E+01
 0.118590E-01  0.661010E+02  0.530248E+01
 0.124670E-01  0.584949E+02  0.449703E+01
 0.130750E-01  0.636241E+02  0.232300E+01
 0.136830E-01  0.652004E+02  0.272921E+01
 0.142910E-01  0.645130E+02  0.226615E+01
 0.148990E-01  0.637580E+02  0.231347E+01
 0.155070E-01  0.641173E+02  0.252251E+01
 0.161150E-01  0.615418E+02  0.207472E+01
 0.167240E-01  0.625904E+02  0.208965E+01
 0.173320E-01  0.609615E+02  0.173530E+01
 0.179400E-01  0.605647E+02  0.198117E+01
 0.185480E-01  0.592970E+02  0.156476E+01
 0.191560E-01  0.602791E+02  0.176119E+01
 0.197640E-01  0.596029E+02  0.130252E+01
 0.203720E-01  0.580095E+02  0.133549E+01
 0.209800E-01  0.572465E+02  0.119679E+01
 0.215890E-01  0.576309E+02  0.110844E+01
 0.221970E-01  0.570527E+02  0.986950E+00
 0.228050E-01  0.559956E+02  0.893002E+00
 0.234130E-01  0.570186E+02  0.817923E+00
 0.240210E-01  0.545554E+02  0.852019E+00
 0.246290E-01  0.543222E+02  0.858322E+00
 0.252370E-01  0.530202E+02  0.803941E+00
 0.258450E-01  0.524355E+02  0.665230E+00
 0.264540E-01  0.520551E+02  0.655283E+00
 0.270620E-01  0.517653E+02  0.704497E+00
 0.276700E-01  0.519962E+02  0.617588E+00
 0.282780E-01  0.522126E+02  0.768004E+00
 0.288860E-01  0.519895E+02  0.630837E+00
 0.294940E-01  0.515434E+02  0.821104E+00
 0.301020E-01  0.511019E+02  0.669409E+00
 0.307100E-01  0.507427E+02  0.633181E+00
 0.313190E-01  0.505925E+02  0.597007E+00
 0.319270E-01  0.497794E+02  0.591059E+00
 0.325350E-01  0.491979E+02  0.539851E+00
 0.331430E-01  0.485247E+02  0.579136E+00
 0.337510E-01  0.489405E+02  0.635977E+00
 0.343590E-01  0.477852E+02  0.561747E+00
 0.349670E-01  0.476535E+02  0.738820E+00
 0.355750E-01  0.470974E+02  0.584460E+00
 0.361840E-01  0.458264E+02  0.612969E+00
 0.367920E-01  0.457680E+02  0.572826E+00
 0.374000E-01  0.451183E+02  0.601705E+00
 0.380080E-01  0.444798E+02  0.606180E+00
 0.386160E-01  0.434632E+02  0.601714E+00
 0.392240E-01  0.441112E+02  0.564681E+00
 0.398320E-01  0.441279E+02  0.619753E+00
 0.404400E-01  0.441001E+02  0.592833E+00
 0.410490E-01  0.428563E+02  0.590260E+00
 0.416570E-01  0.421305E+02  0.571818E+00
 0.422650E-01  0.419279E+02  0.585426E+00
 0.428730E-01  0.414787E+02  0.589562E+00
 0.434810E-01  0.417864E+02  0.548508E+00
 0.440890E-01  0.410824E+02  0.508836E+00
 0.446970E-01  0.408943E+02  0.450757E+00
 0.453050E-01  0.400851E+02  0.478529E+00
 0.459140E-01  0.396290E+02  0.453311E+00
 0.465220E-01  0.384745E+02  0.524853E+00
 0.471300E-01  0.381965E+02  0.455876E+00
 0.477380E-01  0.376938E+02  0.496728E+00
 0.483460E-01  0.371133E+02  0.496203E+00
 0.489540E-01  0.368713E+02  0.452248E+00
 0.495620E-01  0.363540E+02  0.267391E+00
 0.501700E-01  0.361938E+02  0.259357E+00
 0.507790E-01  0.357398E+02  0.240349E+00
 0.513870E-01  0.351389E+02  0.249348E+00
 0.519950E-01  0.349302E+02  0.258900E+00
 0.526030E-01  0.341422E+02  0.272304E+00
 0.532110E-01  0.339663E+02  0.285574E+00
 0.538190E-01  0.333258E+02  0.257045E+00
 0.544270E-01  0.327981E+02  0.267306E+00
 0.550350E-01  0.325249E+02  0.240991E+00
 0.556440E-01  0.317949E+02  0.257367E+00
 0.562520E-01  0.316143E+02  0.224902E+00
 0.568600E-01  0.311552E+02  0.245233E+00
 0.574680E-01  0.308413E+02  0.233262E+00
 0.580760E-01  0.305513E+02  0.252145E+00
 0.586840E-01  0.299545E+02  0.237501E+00
 0.592920E-01  0.292641E+02  0.237886E+00
 0.599000E-01  0.293508E+02  0.233431E+00
 0.605090E-01  0.290283E+02  0.251203E+00
 0.611170E-01  0.284087E+02  0.241448E+00
 0.617250E-01  0.283350E+02  0.252803E+00
 0.623330E-01  0.279263E+02  0.243714E+00
 0.629410E-01  0.271263E+02  0.238973E+00
 0.635490E-01  0.269163E+02  0.272736E+00
 0.641570E-01  0.262258E+02  0.248028E+00
 0.647650E-01  0.257553E+02  0.242227E+00
 0.653740E-01  0.255672E+02  0.237625E+00
 0.659820E-01  0.250045E+02  0.229510E+00
 0.665900E-01  0.247314E+02  0.220570E+00
 0.671980E-01  0.241919E+02  0.243096E+00
 0.678060E-01  0.238651E+02  0.230992E+00
 0.684140E-01  0.235206E+02  0.233073E+00
 0.690220E-01  0.230095E+02  0.224502E+00
 0.696300E-01  0.228810E+02  0.215757E+00
 0.702380E-01  0.223653E+02  0.215810E+00
 0.708470E-01  0.223748E+02  0.216278E+00
 0.714550E-01  0.219142E+02  0.211801E+00
 0.720630E-01  0.212517E+02  0.209890E+00
 0.726710E-01  0.206373E+02  0.209184E+00
 0.732790E-01  0.206316E+02  0.207003E+00
 0.738870E-01  0.202144E+02  0.214419E+00
 0.744950E-01  0.200075E+02  0.205979E+00
 0.751030E-01  0.195441E+02  0.201480E+00
 0.757120E-01  0.193557E+02  0.193763E+00
 0.763200E-01  0.193392E+02  0.209981E+00
 0.769280E-01  0.187717E+02  0.201240E+00
 0.775360E-01  0.183042E+02  0.195113E+00
 0.781440E-01  0.178126E+02  0.202402E+00
 0.787520E-01  0.174748E+02  0.195640E+00
 0.793600E-01  0.171237E+02  0.193426E+00
 0.799680E-01  0.168234E+02  0.194495E+00
 0.805760E-01  0.166409E+02  0.189558E+00
 0.811850E-01  0.165775E+02  0.181053E+00
 0.817930E-01  0.165282E+02  0.185247E+00
 0.824010E-01  0.159397E+02  0.178345E+00
 0.830090E-01  0.155188E+02  0.179819E+00
 0.836170E-01  0.152509E+02  0.185449E+00
 0.842250E-01  0.149094E+02  0.186521E+00
 0.848330E-01  0.146704E+02  0.205281E+00
 0.854410E-01  0.142985E+02  0.208689E+00
 0.860490E-01  0.137142E+02  0.282532E+00
 0.866580E-01  0.136980E+02  0.198080E+00
 0.872660E-01  0.132134E+02  0.186316E+00
 0.878740E-01  0.129855E+02  0.181112E+00
 0.884820E-01  0.127979E+02  0.188305E+00
 0.890900E-01  0.125703E+02  0.183469E+00
 0.896980E-01  0.122535E+02  0.177976E+00
 0.903060E-01  0.120928E+02  0.178661E+00
 0.909140E-01  0.120893E+02  0.184661E+00
 0.915220E-01  0.116535E+02  0.163145E+00
 0.921310E-01  0.113667E+02  0.133400E+00
 0.927390E-01  0.111872E+02  0.125242E+00
 0.933470E-01  0.108683E+02  0.119638E+00
 0.939550E-01  0.106588E+02  0.122436E+00
 0.945630E-01  0.104657E+02  0.120855E+00
 0.951710E-01  0.103272E+02  0.113170E+00
 0.957790E-01  0.996096E+01  0.117656E+00
 0.963870E-01  0.980967E+01  0.124570E+00
 0.969950E-01  0.960344E+01  0.114271E+00
 0.976040E-01  0.937807E+01  0.121548E+00
 0.982120E-01  0.917975E+01  0.114269E+00
 0.988200E-01  0.897715E+01  0.109641E+00
 0.994280E-01  0.873771E+01  0.108574E+00
 0.100036E+00  0.846077E+01  0.112306E+00
 0.100644E+00  0.813876E+01  0.114888E+00
 0.101252E+00  0.792636E+01  0.118138E+00
 0.101860E+00  0.791417E+01  0.111118E+00
 0.102468E+00  0.766186E+01  0.112758E+00
 0.103077E+00  0.754205E+01  0.115491E+00
 0.103685E+00  0.735549E+01  0.110622E+00
 0.104293E+00  0.730301E+01  0.108425E+00
 0.104901E+00  0.708607E+01  0.113847E+00
 0.105509E+00  0.680622E+01  0.111321E+00
 0.106117E+00  0.672200E+01  0.114113E+00
 0.106725E+00  0.642432E+01  0.116618E+00
 0.107333E+00  0.625190E+01  0.104759E+00
 0.107941E+00  0.603464E+01  0.105355E+00
 0.108550E+00  0.589289E+01  0.108790E+00
 0.109158E+00  0.577551E+01  0.112014E+00
 0.109766E+00  0.573446E+01  0.108204E+00
 0.110374E+00  0.550475E+01  0.110144E+00
 0.110982E+00  0.537745E+01  0.109295E+00
 0.111590E+00  0.527267E+01  0.104986E+00
 0.112198E+00  0.514529E+01  0.102560E+00
 0.112806E+00  0.513912E+01  0.102869E+00
 0.113414E+00  0.497137E+01  0.105527E+00
 0.114022E+00  0.489597E+01  0.102620E+00
 0.114631E+00  0.458158E+01  0.101667E+00
 0.115239E+00  0.450059E+01  0.103617E+00
 0.115847E+00  0.432069E+01  0.106469E+00
 0.116455E+00  0.430580E+01  0.999664E-01
 0.117063E+00  0.431629E+01  0.102435E+00
 0.117671E+00  0.408029E+01  0.103061E+00
 0.118279E+00  0.398837E+01  0.109086E+00
 0.118887E+00  0.394377E+01  0.101585E+00
 0.119495E+00  0.372252E+01  0.118533E+00
 0.120103E+00  0.363209E+01  0.193547E+00
 0.120712E+00  0.353130E+01  0.201367E+00
 0.121320E+00  0.343183E+01  0.118184E+00
 0.121928E+00  0.326590E+01  0.118423E+00
 0.122536E+00  0.322619E+01  0.102235E+00
 0.123144E+00  0.315173E+01  0.947164E-01
 0.123752E+00  0.311217E+01  0.974893E-01
 0.124360E+00  0.308088E+01  0.920748E-01
 0.124968E+00  0.309038E+01  0.991346E-01
 0.125576E+00  0.294246E+01  0.119615E+00
 0.126184E+00  0.275236E+01  0.107326E+00
 0.126793E+00  0.267051E+01  0.912247E-01
 0.127401E+00  0.257009E+01  0.938198E-01
 0.128009E+00  0.245971E+01  0.929899E-01
 0.128617E+00  0.244665E+01  0.953556E-01
 0.129225E+00  0.238956E+01  0.951589E-01
 0.129833E+00  0.233836E+01  0.967043E-01
 0.130441E+00  0.219140E+01  0.957583E-01
 0.131049E+00  0.202880E+01  0.925516E-01
 0.131657E+00  0.207638E+01  0.102208E+00
 0.132265E+00  0.193327E+01  0.920783E-01
 0.132873E+00  0.185545E+01  0.966674E-01
 0.133482E+00  0.175425E+01  0.105315E+00
 0.134090E+00  0.183181E+01  0.964682E-01
 0.134698E+00  0.180458E+01  0.925372E-01
 0.135306E+00  0.173310E+01  0.949863E-01
 0.135914E+00  0.162587E+01  0.913031E-01
 0.136522E+00  0.165937E+01  0.931016E-01
 0.137130E+00  0.152802E+01  0.916328E-01
 0.137738E+00  0.162622E+01  0.930362E-01
 0.138346E+00  0.151176E+01  0.941543E-01
 0.138954E+00  0.144428E+01  0.965576E-01
 0.139562E+00  0.141454E+01  0.989266E-01
 0.140171E+00  0.127181E+01  0.877060E-01
 0.140779E+00  0.116259E+01  0.889403E-01
 0.141387E+00  0.988341E+00  0.842381E-01
 0.141995E+00  0.994833E+00  0.891210E-01
 0.142603E+00  0.988086E+00  0.903446E-01
 0.143211E+00  0.115150E+01  0.877813E-01
 0.143819E+00  0.107944E+01  0.888751E-01
 0.144427E+00  0.947761E+00  0.871917E-01
 0.145035E+00  0.966566E+00  0.853402E-01
 0.145643E+00  0.866177E+00  0.873662E-01
 0.146251E+00  0.823398E+00  0.844946E-01
 0.146860E+00  0.823395E+00  0.867199E-01
 0.147468E+00  0.833837E+00  0.835038E-01
 0.148076E+00  0.826520E+00  0.819471E-01
 0.148684E+00  0.827466E+00  0.826588E-01
 0.149292E+00  0.820316E+00  0.833545E-01
 0.149900E+00  0.663753E+00  0.790233E-01
 0.150508E+00  0.694595E+00  0.804226E-01
 0.151116E+00  0.730640E+00  0.822078E-01
 0.151724E+00  0.667971E+00  0.761839E-01
 0.152332E+00  0.626227E+00  0.825831E-01
 0.152940E+00  0.544088E+00  0.779739E-01
 0.153548E+00  0.474028E+00  0.835348E-01
 0.154156E+00  0.494651E+00  0.778245E-01
 0.154765E+00  0.480937E+00  0.810120E-01
 0.155373E+00  0.467122E+00  0.795858E-01
 0.155981E+00  0.521527E+00  0.807293E-01
 0.156589E+00  0.464857E+00  0.779681E-01
 0.157197E+00  0.606568E+00  0.772845E-01
 0.157805E+00  0.523503E+00  0.778362E-01
 0.158413E+00  0.516486E+00  0.751360E-01
 0.159021E+00  0.419255E+00  0.768976E-01
 0.159629E+00  0.512732E+00  0.772067E-01
 0.160237E+00  0.561392E+00  0.782511E-01
 0.160845E+00  0.530536E+00  0.755831E-01
 0.161453E+00  0.561018E+00  0.781270E-01
 0.162061E+00  0.450567E+00  0.714922E-01
 0.162670E+00  0.552741E+00  0.777167E-01
 0.163278E+00  0.534289E+00  0.777272E-01
 0.163886E+00  0.554634E+00  0.826926E-01
 0.164494E+00  0.484908E+00  0.772000E-01
 0.165102E+00  0.367098E+00  0.788698E-01
 0.165710E+00  0.383268E+00  0.817112E-01
 0.166318E+00  0.368164E+00  0.811250E-01
 0.166926E+00  0.350734E+00  0.825036E-01
 0.167534E+00  0.392639E+00  0.793733E-01
 0.168142E+00  0.423070E+00  0.760574E-01
 0.168750E+00  0.448961E+00  0.784093E-01
 0.169358E+00  0.434139E+00  0.796215E-01
 0.169966E+00  0.446220E+00  0.790692E-01
 0.170574E+00  0.375388E+00  0.838353E-01
 0.171183E+00  0.404184E+00  0.788437E-01
 0.171791E+00  0.473288E+00  0.798470E-01
 0.172399E+00  0.532572E+00  0.777262E-01
 0.173007E+00  0.507938E+00  0.950857E-01
 0.173615E+00  0.479909E+00  0.120683E+00
 0.174223E+00  0.400902E+00  0.111827E+00
 0.174831E+00  0.415826E+00  0.114945E+00
 0.175439E+00  0.407747E+00  0.903387E-01
 0.176047E+00  0.319511E+00  0.752867E-01
 0.176655E+00  0.369932E+00  0.746692E-01
 0.177263E+00  0.408061E+00  0.787680E-01
 0.177871E+00  0.346300E+00  0.798586E-01
 0.178479E+00  0.384055E+00  0.805285E-01
 0.179087E+00  0.412639E+00  0.771085E-01
 0.179695E+00  0.455322E+00  0.765910E-01
 0.180304E+00  0.302523E+00  0.731317E-01
 0.180912E+00  0.305733E+00  0.738415E-01
 0.181520E+00  0.240687E+00  0.781691E-01
 0.182128E+00  0.182772E+00  0.745696E-01
 0.182736E+00  0.337225E+00  0.754826E-01
 0.183344E+00  0.275392E+00  0.781045E-01
 0.183952E+00  0.364163E+00  0.748502E-01
 0.184560E+00  0.241761E+00  0.771093E-01
 0.185168E+00  0.295076E+00  0.767833E-01
 0.185776E+00  0.314236E+00  0.753618E-01
 0.186384E+00  0.263391E+00  0.837374E-01
 0.186992E+00  0.197754E+00  0.808620E-01
 0.187600E+00  0.254720E+00  0.778689E-01
 0.188208E+00  0.253096E+00  0.761774E-01
 0.188816E+00  0.403158E+00  0.791548E-01
 0.189424E+00  0.429271E+00  0.755572E-01
 0.190032E+00  0.377615E+00  0.761059E-01
 0.190641E+00  0.351362E+00  0.730403E-01
 0.191249E+00  0.310326E+00  0.709399E-01
 0.191857E+00  0.326345E+00  0.755158E-01
 0.192465E+00  0.382480E+00  0.764393E-01
 0.193073E+00  0.410790E+00  0.737838E-01
 0.193681E+00  0.401727E+00  0.731168E-01
 0.194289E+00  0.402562E+00  0.719156E-01
 0.194897E+00  0.368467E+00  0.677632E-01
 0.195505E+00  0.432023E+00  0.718938E-01
 0.196113E+00  0.352255E+00  0.714382E-01
 0.196721E+00  0.453403E+00  0.726320E-01
 0.197329E+00  0.363022E+00  0.711181E-01
 0.197937E+00  0.382651E+00  0.727979E-01
 0.198545E+00  0.336199E+00  0.669466E-01
 0.199153E+00  0.395949E+00  0.697144E-01
 0.199761E+00  0.377335E+00  0.698863E-01
 0.200369E+00  0.332275E+00  0.722856E-01
 0.200977E+00  0.296824E+00  0.725259E-01
 0.201585E+00  0.393260E+00  0.716894E-01
 0.202193E+00  0.304356E+00  0.684758E-01
 0.202802E+00  0.370030E+00  0.691258E-01
 0.203410E+00  0.288795E+00  0.714905E-01
 0.204018E+00  0.264681E+00  0.726536E-01
 0.204626E+00  0.206824E+00  0.704100E-01
 0.205234E+00  0.265371E+00  0.677175E-01
 0.205842E+00  0.326264E+00  0.695211E-01
 0.206450E+00  0.301404E+00  0.705811E-01
 0.207058E+00  0.251490E+00  0.704358E-01
 0.207666E+00  0.210505E+00  0.673344E-01
 0.208274E+00  0.153877E+00  0.680738E-01
 0.208882E+00  0.172903E+00  0.705297E-01
 0.209490E+00  0.291748E+00  0.716199E-01
 0.210098E+00  0.339907E+00  0.718832E-01
 0.210706E+00  0.319588E+00  0.724708E-01
 0.211314E+00  0.334127E+00  0.705913E-01
 0.211922E+00  0.275318E+00  0.710001E-01
 0.212530E+00  0.382236E+00  0.672531E-01
 0.213138E+00  0.367500E+00  0.639285E-01
 0.213746E+00  0.384280E+00  0.693107E-01
 0.214354E+00  0.365653E+00  0.652355E-01
 0.214962E+00  0.356646E+00  0.711091E-01
 0.215570E+00  0.362095E+00  0.692333E-01
 0.216178E+00  0.373144E+00  0.698940E-01
 0.216786E+00  0.352423E+00  0.677897E-01
 0.217394E+00  0.311551E+00  0.657549E-01
 0.218002E+00  0.347523E+00  0.655106E-01
 0.218610E+00  0.324549E+00  0.679571E-01
 0.219219E+00  0.331448E+00  0.665693E-01
 0.219827E+00  0.368399E+00  0.676625E-01
 0.220435E+00  0.390429E+00  0.677466E-01
 0.221043E+00  0.334354E+00  0.673393E-01
 0.221651E+00  0.240085E+00  0.677044E-01
 0.222259E+00  0.309781E+00  0.686915E-01
 0.222867E+00  0.265372E+00  0.638655E-01
 0.223475E+00  0.258064E+00  0.652094E-01
 0.224083E+00  0.213108E+00  0.662465E-01
 0.224691E+00  0.336439E+00  0.633941E-01
 0.225299E+00  0.253432E+00  0.657901E-01
 0.225907E+00  0.361631E+00  0.641129E-01
 0.226515E+00  0.347893E+00  0.647133E-01
 0.227123E+00  0.304304E+00  0.630388E-01
 0.227731E+00  0.251579E+00  0.665094E-01
 0.228339E+00  0.295962E+00  0.656439E-01
 0.228947E+00  0.285458E+00  0.656922E-01
 0.229555E+00  0.313321E+00  0.627032E-01
 0.230163E+00  0.319573E+00  0.619942E-01
 0.230771E+00  0.331810E+00  0.613248E-01
 0.231379E+00  0.188161E+00  0.612555E-01
 0.231987E+00  0.231567E+00  0.634475E-01
 0.232595E+00  0.269510E+00  0.634067E-01
 0.233203E+00  0.228639E+00  0.697258E-01
 0.233811E+00  0.356022E+00  0.687209E-01
 0.234419E+00  0.251381E+00  0.707738E-01
 0.235027E+00  0.287451E+00  0.952656E-01
 0.235635E+00  0.298937E+00  0.103726E+00
 0.236243E+00  0.243581E+00  0.717295E-01
 0.236851E+00  0.243073E+00  0.675914E-01
 0.237459E+00  0.232406E+00  0.686847E-01
 0.238067E+00  0.230962E+00  0.646099E-01
 0.238675E+00  0.271096E+00  0.623625E-01
 0.239283E+00  0.250111E+00  0.612905E-01
 0.239891E+00  0.260957E+00  0.629857E-01
 0.240499E+00  0.203525E+00  0.629911E-01
 0.241107E+00  0.211226E+00  0.623071E-01
 0.241715E+00  0.181644E+00  0.606397E-01
 0.242323E+00  0.146955E+00  0.615087E-01
 0.242931E+00  0.215947E+00  0.609021E-01
 0.243539E+00  0.281063E+00  0.617998E-01
 0.244147E+00  0.362617E+00  0.644469E-01
 0.244755E+00  0.323730E+00  0.635816E-01
 0.245363E+00  0.269884E+00  0.630787E-01
 0.245971E+00  0.181751E+00  0.635197E-01
 0.246579E+00  0.209262E+00  0.593777E-01
 0.247187E+00  0.192082E+00  0.622799E-01
 0.247795E+00  0.209349E+00  0.634708E-01
 0.248403E+00  0.203472E+00  0.593919E-01
 0.249011E+00  0.244169E+00  0.606418E-01
 0.249619E+00  0.107418E+00  0.572341E-01
 0.250227E+00  0.222451E+00  0.616647E-01
 0.250835E+00  0.148402E+00  0.610466E-01
 0.251443E+00  0.269766E+00  0.607695E-01
 0.252051E+00  0.176399E+00  0.596450E-01
 0.252659E+00  0.232078E+00  0.618257E-01
 0.253267E+00  0.226509E+00  0.629433E-01
 0.253875E+00  0.245579E+00  0.620291E-01
 0.254483E+00  0.163235E+00  0.603233E-01
 0.255091E+00  0.120923E+00  0.605438E-01
 0.255699E+00  0.117825E+00  0.604556E-01
 0.256307E+00  0.117412E+00  0.612995E-01
 0.256915E+00  0.146663E+00  0.643100E-01
 0.257523E+00  0.128561E+00  0.593783E-01
 0.258131E+00  0.243376E+00  0.606184E-01
 0.258739E+00  0.195095E+00  0.625472E-01
 0.259347E+00  0.215924E+00  0.619881E-01
 0.259955E+00  0.124161E+00  0.591905E-01
 0.260563E+00  0.151112E+00  0.586730E-01
 0.261171E+00  0.124721E+00  0.576342E-01
 0.261779E+00  0.212544E+00  0.557915E-01
 0.262387E+00  0.206197E+00  0.574455E-01
 0.262995E+00  0.172314E+00  0.594920E-01
 0.263603E+00  0.207098E+00  0.594692E-01
 0.264211E+00  0.181495E+00  0.586113E-01
 0.264819E+00  0.171614E+00  0.601655E-01
 0.265427E+00  0.189680E+00  0.570558E-01
 0.266035E+00  0.151211E+00  0.592130E-01
 0.266643E+00  0.164683E+00  0.609510E-01
 0.267251E+00  0.170908E+00  0.582897E-01
 0.267859E+00  0.146397E+00  0.586859E-01
 0.268467E+00  0.171900E+00  0.592459E-01
 0.269075E+00  0.219266E+00  0.581721E-01
 0.269683E+00  0.920176E-01  0.584062E-01
 0.270291E+00  0.898324E-01  0.568412E-01
 0.270899E+00  0.604384E-01  0.577905E-01
 0.271507E+00  0.595835E-01  0.558525E-01
 0.272115E+00  0.158451E+00  0.579132E-01
 0.272723E+00  0.170913E+00  0.561146E-01
 0.273331E+00  0.184331E+00  0.560987E-01
 0.273939E+00  0.132096E+00  0.552417E-01
 0.274547E+00  0.152676E+00  0.537560E-01
 0.275155E+00  0.996705E-01  0.558055E-01
 0.275763E+00  0.974888E-01  0.559055E-01
 0.276371E+00  0.170516E+00  0.568032E-01
 0.276979E+00  0.167437E+00  0.567275E-01
 0.277587E+00  0.130141E+00  0.562129E-01
 0.278195E+00  0.129519E+00  0.567334E-01
 0.278803E+00  0.125671E+00  0.570474E-01
 0.279411E+00  0.133112E+00  0.556249E-01
 0.280019E+00  0.137308E+00  0.578740E-01
 0.280626E+00  0.201542E+00  0.574332E-01
 0.281234E+00  0.129872E+00  0.573364E-01
 0.281842E+00  0.608146E-01  0.585001E-01
 0.282450E+00  0.618622E-01  0.555024E-01
 0.283058E+00  0.116982E+00  0.541616E-01
 0.283666E+00  0.138182E+00  0.528660E-01
 0.284274E+00  0.126395E+00  0.522996E-01
 0.284882E+00  0.153445E+00  0.518005E-01
 0.285490E+00  0.129595E+00  0.549233E-01
 0.286098E+00  0.135893E+00  0.556147E-01
 0.286706E+00  0.108533E+00  0.569422E-01
 0.287314E+00  0.295285E-01  0.561651E-01
 0.287922E+00  0.794478E-01  0.584858E-01
 0.288530E+00  0.202667E+00  0.582426E-01
 0.289138E+00  0.139865E+00  0.738140E-01
 0.289746E+00  0.165538E+00  0.598837E-01
 0.290354E+00  0.212223E+00  0.669408E-01
 0.290962E+00  0.195010E+00  0.571121E-01
 0.291570E+00  0.870454E-01  0.536965E-01
 0.292178E+00  0.115140E+00  0.550215E-01
 0.292786E+00  0.864884E-01  0.524059E-01
 0.293394E+00  0.118032E+00  0.538612E-01
 0.294002E+00  0.705907E-01  0.517861E-01
 0.294610E+00  0.977428E-01  0.528346E-01
 0.295217E+00  0.142792E+00  0.521240E-01
 0.295825E+00  0.101827E+00  0.511302E-01
 0.296433E+00  0.129384E+00  0.504380E-01
 0.297041E+00  0.131974E+00  0.517527E-01
 0.297649E+00  0.184280E+00  0.520287E-01
 0.298257E+00  0.139600E+00  0.523876E-01
 0.298865E+00  0.126957E+00  0.521096E-01
 0.299473E+00  0.149232E+00  0.748966E-01
 0.300081E+00  0.107108E+00  0.375255E-01
 0.301297E+00  0.106180E+00  0.582118E-01
 0.301905E+00  0.995666E-01  0.506807E-01
 0.302513E+00  0.121764E+00  0.499143E-01
 0.303121E+00  0.131818E+00  0.503247E-01
 0.303729E+00  0.114058E+00  0.521849E-01
 0.304337E+00  0.180996E+00  0.511919E-01
 0.304945E+00  0.118735E+00  0.504983E-01
 0.305553E+00  0.149407E+00  0.510529E-01
 0.306160E+00  0.630974E-01  0.506331E-01
 0.306768E+00  0.143386E+00  0.498894E-01
 0.307376E+00  0.106556E+00  0.509071E-01
 0.307984E+00  0.202178E+00  0.502957E-01
 0.308592E+00  0.186608E+00  0.489192E-01
 0.309200E+00  0.141525E+00  0.499564E-01
 0.309808E+00  0.104595E+00  0.496742E-01
 0.310416E+00  0.111800E+00  0.500426E-01
 0.311024E+00  0.121798E+00  0.484653E-01
 0.311632E+00  0.772718E-01  0.499070E-01
 0.312240E+00  0.164152E+00  0.544300E-01
 0.312848E+00  0.140713E+00  0.557681E-01
 0.313456E+00  0.138896E+00  0.555408E-01
 0.314064E+00  0.851987E-01  0.552725E-01
 0.314671E+00  0.806823E-01  0.584439E-01
 0.315279E+00  0.112503E+00  0.576386E-01
 0.315887E+00  0.557291E-01  0.608984E-01
 0.316495E+00  0.746808E-01  0.614932E-01
 0.317103E+00  0.494721E-01  0.614545E-01
 0.317711E+00  0.117634E+00  0.671120E-01
 0.318319E+00  0.102064E+00  0.713498E-01
 0.318927E+00  0.125791E+00  0.910442E-01
 0.319535E+00  0.200892E+00  0.738606E-01
 0.320143E+00  0.224602E+00  0.714507E-01
 0.320751E+00  0.260760E+00  0.732833E-01
 0.321359E+00  0.183278E+00  0.755179E-01
 0.321967E+00  0.171980E+00  0.154255E+01
 0.322574E+00  0.967936E-01  0.491613E-01
 0.324398E+00  0.694886E-01  0.114264E+00
 0.325006E+00  0.143728E+00  0.932024E-01
 0.325614E+00  0.231988E+00  0.988173E-01
 0.326222E+00  0.327765E+00  0.104200E+00
 0.326830E+00  0.400054E+00  0.110300E+00
 0.327438E+00  0.293437E+00  0.163640E+00

# Following corresponds to: mergem1x123.dat

 0.106420E-01  0.858795E+02  0.775013E+01
 0.112500E-01  0.884482E+02  0.701658E+01
 0.118590E-01  0.100638E+03  0.666794E+01
 0.124670E-01  0.907326E+02  0.594208E+01
 0.130750E-01  0.969963E+02  0.345869E+01
 0.136830E-01  0.967283E+02  0.277513E+01
 0.142910E-01  0.940546E+02  0.267751E+01
 0.148990E-01  0.932199E+02  0.245513E+01
 0.155070E-01  0.912502E+02  0.188861E+01
 0.161150E-01  0.905641E+02  0.195550E+01
 0.167240E-01  0.906541E+02  0.240901E+01
 0.173320E-01  0.909485E+02  0.178837E+01
 0.179400E-01  0.901977E+02  0.176310E+01
 0.185480E-01  0.893931E+02  0.160924E+01
 0.191560E-01  0.860664E+02  0.176985E+01
 0.197640E-01  0.851365E+02  0.137406E+01
 0.203720E-01  0.839663E+02  0.132723E+01
 0.209800E-01  0.829762E+02  0.125575E+01
 0.215890E-01  0.833343E+02  0.127967E+01
 0.221970E-01  0.831008E+02  0.124457E+01
 0.228050E-01  0.828057E+02  0.126839E+01
 0.234130E-01  0.838110E+02  0.103250E+01
 0.240210E-01  0.820136E+02  0.930172E+00
 0.246290E-01  0.820274E+02  0.104533E+01
 0.252370E-01  0.809051E+02  0.896578E+00
 0.258450E-01  0.797777E+02  0.858276E+00
 0.264540E-01  0.795026E+02  0.824865E+00
 0.270620E-01  0.787826E+02  0.905638E+00
 0.276700E-01  0.780785E+02  0.801899E+00
 0.282780E-01  0.776539E+02  0.913910E+00
 0.288860E-01  0.782977E+02  0.734497E+00
 0.294940E-01  0.769940E+02  0.780245E+00
 0.301020E-01  0.768453E+02  0.703921E+00
 0.307100E-01  0.752984E+02  0.642422E+00
 0.313190E-01  0.742258E+02  0.625040E+00
 0.319270E-01  0.738870E+02  0.662935E+00
 0.325350E-01  0.726267E+02  0.718995E+00
 0.331430E-01  0.729589E+02  0.731916E+00
 0.337510E-01  0.717773E+02  0.730719E+00
 0.343590E-01  0.714471E+02  0.679016E+00
 0.349670E-01  0.702307E+02  0.736475E+00
 0.355750E-01  0.695428E+02  0.653874E+00
 0.361840E-01  0.695617E+02  0.672577E+00
 0.367920E-01  0.685244E+02  0.598711E+00
 0.374000E-01  0.677400E+02  0.614820E+00
 0.380080E-01  0.657449E+02  0.633985E+00
 0.386160E-01  0.658097E+02  0.707291E+00
 0.392240E-01  0.655140E+02  0.707621E+00
 0.398320E-01  0.653017E+02  0.663965E+00
 0.404400E-01  0.638723E+02  0.682035E+00
 0.410490E-01  0.629939E+02  0.670573E+00
 0.416570E-01  0.621664E+02  0.643853E+00
 0.422650E-01  0.618838E+02  0.692586E+00
 0.428730E-01  0.618743E+02  0.609926E+00
 0.434810E-01  0.610132E+02  0.638257E+00
 0.440890E-01  0.602498E+02  0.645271E+00
 0.446970E-01  0.587636E+02  0.626621E+00
 0.453050E-01  0.583247E+02  0.560833E+00
 0.459140E-01  0.578180E+02  0.495393E+00
 0.465220E-01  0.575726E+02  0.584512E+00
 0.471300E-01  0.561149E+02  0.482674E+00
 0.477380E-01  0.557593E+02  0.475809E+00
 0.483460E-01  0.549456E+02  0.462352E+00
 0.489540E-01  0.548008E+02  0.555921E+00
 0.495620E-01  0.541579E+02  0.474243E+00
 0.501700E-01  0.539383E+02  0.499745E+00
 0.507790E-01  0.533112E+02  0.484796E+00
 0.513870E-01  0.528127E+02  0.486665E+00
 0.519950E-01  0.522660E+02  0.511320E+00
 0.526030E-01  0.508799E+02  0.448233E+00
 0.532110E-01  0.509865E+02  0.454068E+00
 0.538190E-01  0.499465E+02  0.438860E+00
 0.544270E-01  0.489888E+02  0.427800E+00
 0.550350E-01  0.487002E+02  0.442932E+00
 0.556440E-01  0.478662E+02  0.438400E+00
 0.562520E-01  0.475323E+02  0.438566E+00
 0.568600E-01  0.466388E+02  0.498494E+00
 0.574680E-01  0.454657E+02  0.410665E+00
 0.580760E-01  0.445132E+02  0.424518E+00
 0.586840E-01  0.440982E+02  0.443495E+00
 0.592920E-01  0.434005E+02  0.450086E+00
 0.599000E-01  0.428882E+02  0.431589E+00
 0.605090E-01  0.421597E+02  0.427977E+00
 0.611170E-01  0.416485E+02  0.424067E+00
 0.617250E-01  0.419043E+02  0.451465E+00
 0.623330E-01  0.412629E+02  0.436612E+00
 0.629410E-01  0.405991E+02  0.557095E+00
 0.635490E-01  0.408638E+02  0.464381E+00
 0.641570E-01  0.395929E+02  0.430804E+00
 0.647650E-01  0.385081E+02  0.441621E+00
 0.653740E-01  0.373101E+02  0.393023E+00
 0.659820E-01  0.368486E+02  0.413909E+00
 0.665900E-01  0.364278E+02  0.385014E+00
 0.671980E-01  0.356563E+02  0.404273E+00
 0.678060E-01  0.353653E+02  0.360036E+00
 0.684140E-01  0.348557E+02  0.397590E+00
 0.690220E-01  0.341585E+02  0.377530E+00
 0.696300E-01  0.333700E+02  0.382703E+00
 0.702380E-01  0.325007E+02  0.365672E+00
 0.708470E-01  0.325150E+02  0.359209E+00
 0.714550E-01  0.322234E+02  0.359890E+00
 0.720630E-01  0.316549E+02  0.348244E+00
 0.726710E-01  0.309126E+02  0.394766E+00
 0.732790E-01  0.306138E+02  0.340073E+00
 0.738870E-01  0.298095E+02  0.337838E+00
 0.744950E-01  0.297907E+02  0.331371E+00
 0.751030E-01  0.290454E+02  0.325890E+00
 0.757120E-01  0.287688E+02  0.311492E+00
 0.763200E-01  0.279955E+02  0.355165E+00
 0.769280E-01  0.276256E+02  0.204267E+00
 0.775360E-01  0.271732E+02  0.199108E+00
 0.781440E-01  0.266058E+02  0.210995E+00
 0.787520E-01  0.260118E+02  0.197992E+00
 0.793600E-01  0.255600E+02  0.198738E+00
 0.799680E-01  0.251043E+02  0.197921E+00
 0.805760E-01  0.247537E+02  0.197559E+00
 0.811850E-01  0.245488E+02  0.190040E+00
 0.817930E-01  0.241612E+02  0.197543E+00
 0.824010E-01  0.238052E+02  0.184801E+00
 0.830090E-01  0.233576E+02  0.195684E+00
 0.836170E-01  0.227438E+02  0.187678E+00
 0.842250E-01  0.221418E+02  0.191909E+00
 0.848330E-01  0.217584E+02  0.197692E+00
 0.854410E-01  0.211947E+02  0.214478E+00
 0.860490E-01  0.206016E+02  0.288216E+00
 0.866580E-01  0.202575E+02  0.198229E+00
 0.872660E-01  0.198029E+02  0.181577E+00
 0.878740E-01  0.192286E+02  0.176477E+00
 0.884820E-01  0.190044E+02  0.186820E+00
 0.890900E-01  0.188241E+02  0.187722E+00
 0.896980E-01  0.185063E+02  0.187597E+00
 0.903060E-01  0.179205E+02  0.179283E+00
 0.909140E-01  0.175398E+02  0.187285E+00
 0.915220E-01  0.172304E+02  0.188706E+00
 0.921310E-01  0.166051E+02  0.188615E+00
 0.927390E-01  0.165286E+02  0.182621E+00
 0.933470E-01  0.163251E+02  0.173794E+00
 0.939550E-01  0.160013E+02  0.178178E+00
 0.945630E-01  0.156027E+02  0.171584E+00
 0.951710E-01  0.153375E+02  0.165505E+00
 0.957790E-01  0.147628E+02  0.173021E+00
 0.963870E-01  0.148557E+02  0.188022E+00
 0.969950E-01  0.143568E+02  0.178107E+00
 0.976040E-01  0.140244E+02  0.176612E+00
 0.982120E-01  0.137889E+02  0.168890E+00
 0.988200E-01  0.134656E+02  0.174576E+00
 0.994280E-01  0.132339E+02  0.163988E+00
 0.100036E+00  0.126907E+02  0.163652E+00
 0.100644E+00  0.122704E+02  0.164376E+00
 0.101252E+00  0.120487E+02  0.167539E+00
 0.101860E+00  0.117772E+02  0.163311E+00
 0.102468E+00  0.116356E+02  0.169231E+00
 0.103077E+00  0.112448E+02  0.168648E+00
 0.103685E+00  0.110353E+02  0.157132E+00
 0.104293E+00  0.109282E+02  0.152290E+00
 0.104901E+00  0.107147E+02  0.162493E+00
 0.105509E+00  0.101174E+02  0.162317E+00
 0.106117E+00  0.987949E+01  0.160796E+00
 0.106725E+00  0.977342E+01  0.148666E+00
 0.107333E+00  0.961695E+01  0.113615E+00
 0.107941E+00  0.949811E+01  0.108194E+00
 0.108550E+00  0.922721E+01  0.105629E+00
 0.109158E+00  0.902959E+01  0.107312E+00
 0.109766E+00  0.875817E+01  0.110244E+00
 0.110374E+00  0.843602E+01  0.112274E+00
 0.110982E+00  0.814953E+01  0.114085E+00
 0.111590E+00  0.792828E+01  0.113477E+00
 0.112198E+00  0.772154E+01  0.112947E+00
 0.112806E+00  0.740021E+01  0.127230E+00
 0.113414E+00  0.728401E+01  0.126243E+00
 0.114022E+00  0.716342E+01  0.106603E+00
 0.114631E+00  0.692014E+01  0.109595E+00
 0.115239E+00  0.682509E+01  0.109408E+00
 0.115847E+00  0.667123E+01  0.107336E+00
 0.116455E+00  0.649927E+01  0.102861E+00
 0.117063E+00  0.639491E+01  0.107847E+00
 0.117671E+00  0.617672E+01  0.104548E+00
 0.118279E+00  0.603322E+01  0.104641E+00
 0.118887E+00  0.594762E+01  0.104635E+00
 0.119495E+00  0.558932E+01  0.103883E+00
 0.120103E+00  0.556373E+01  0.100306E+00
 0.120712E+00  0.534097E+01  0.997985E-01
 0.121320E+00  0.529300E+01  0.976351E-01
 0.121928E+00  0.500235E+01  0.103310E+00
 0.122536E+00  0.488615E+01  0.103798E+00
 0.123144E+00  0.471891E+01  0.982098E-01
 0.123752E+00  0.458864E+01  0.992118E-01
 0.124360E+00  0.455078E+01  0.953820E-01
 0.124968E+00  0.447184E+01  0.101215E+00
 0.125576E+00  0.437577E+01  0.115019E+00
 0.126184E+00  0.427433E+01  0.105053E+00
 0.126793E+00  0.408020E+01  0.956121E-01
 0.127401E+00  0.409744E+01  0.957577E-01
 0.128009E+00  0.391833E+01  0.974082E-01
 0.128617E+00  0.384195E+01  0.972431E-01
 0.129225E+00  0.358028E+01  0.950375E-01
 0.129833E+00  0.355467E+01  0.965041E-01
 0.130441E+00  0.341828E+01  0.936851E-01
 0.131049E+00  0.315818E+01  0.925941E-01
 0.131657E+00  0.318546E+01  0.102376E+00
 0.132265E+00  0.305334E+01  0.950651E-01
 0.132873E+00  0.296516E+01  0.986024E-01
 0.133482E+00  0.291789E+01  0.106169E+00
 0.134090E+00  0.277809E+01  0.976116E-01
 0.134698E+00  0.271204E+01  0.951081E-01
 0.135306E+00  0.258195E+01  0.975038E-01
 0.135914E+00  0.248276E+01  0.915636E-01
 0.136522E+00  0.250442E+01  0.959649E-01
 0.137130E+00  0.235589E+01  0.998739E-01
 0.137738E+00  0.242613E+01  0.987102E-01
 0.138346E+00  0.241003E+01  0.998096E-01
 0.138954E+00  0.227205E+01  0.100758E+00
 0.139562E+00  0.244162E+01  0.950859E-01
 0.140171E+00  0.227835E+01  0.932927E-01
 0.140779E+00  0.219851E+01  0.995725E-01
 0.141387E+00  0.214428E+01  0.962187E-01
 0.141995E+00  0.201832E+01  0.950611E-01
 0.142603E+00  0.183335E+01  0.945937E-01
 0.143211E+00  0.176822E+01  0.914475E-01
 0.143819E+00  0.183343E+01  0.905634E-01
 0.144427E+00  0.159515E+01  0.918951E-01
 0.145035E+00  0.164296E+01  0.877670E-01
 0.145643E+00  0.147505E+01  0.905660E-01
 0.146251E+00  0.151275E+01  0.879287E-01
 0.146860E+00  0.143950E+01  0.871132E-01
 0.147468E+00  0.144056E+01  0.852263E-01
 0.148076E+00  0.136317E+01  0.877398E-01
 0.148684E+00  0.153771E+01  0.879133E-01
 0.149292E+00  0.147024E+01  0.897106E-01
 0.149900E+00  0.145067E+01  0.859399E-01
 0.150508E+00  0.128793E+01  0.916629E-01
 0.151116E+00  0.137203E+01  0.865835E-01
 0.151724E+00  0.123035E+01  0.844688E-01
 0.152332E+00  0.127097E+01  0.911165E-01
 0.152940E+00  0.119429E+01  0.844935E-01
 0.153548E+00  0.115249E+01  0.834164E-01
 0.154156E+00  0.101283E+01  0.879309E-01
 0.154765E+00  0.103584E+01  0.876581E-01
 0.155373E+00  0.100255E+01  0.807042E-01
 0.155981E+00  0.112874E+01  0.844696E-01
 0.156589E+00  0.108089E+01  0.822017E-01
 0.157197E+00  0.103310E+01  0.815362E-01
 0.157805E+00  0.961801E+00  0.886938E-01
 0.158413E+00  0.953534E+00  0.881796E-01
 0.159021E+00  0.900015E+00  0.829062E-01
 0.159629E+00  0.965614E+00  0.804379E-01
 0.160237E+00  0.103348E+01  0.799326E-01
 0.160845E+00  0.958462E+00  0.793899E-01
 0.161453E+00  0.961784E+00  0.843846E-01
 0.162061E+00  0.912982E+00  0.777047E-01
 0.162670E+00  0.908139E+00  0.808719E-01
 0.163278E+00  0.951757E+00  0.850624E-01
 0.163886E+00  0.927746E+00  0.812302E-01
 0.164494E+00  0.917329E+00  0.813109E-01
 0.165102E+00  0.808580E+00  0.873999E-01
 0.165710E+00  0.810910E+00  0.808728E-01
 0.166318E+00  0.862459E+00  0.789502E-01
 0.166926E+00  0.826847E+00  0.834278E-01
 0.167534E+00  0.846024E+00  0.791521E-01
 0.168142E+00  0.846972E+00  0.795418E-01
 0.168750E+00  0.787640E+00  0.805974E-01
 0.169358E+00  0.812712E+00  0.798431E-01
 0.169966E+00  0.904150E+00  0.815319E-01
 0.170574E+00  0.842721E+00  0.838870E-01
 0.171183E+00  0.803457E+00  0.842073E-01
 0.171791E+00  0.953462E+00  0.817006E-01
 0.172399E+00  0.934887E+00  0.809901E-01
 0.173007E+00  0.101936E+01  0.787666E-01
 0.173615E+00  0.933991E+00  0.760759E-01
 0.174223E+00  0.875091E+00  0.782016E-01
 0.174831E+00  0.818115E+00  0.789183E-01
 0.175439E+00  0.826692E+00  0.788024E-01
 0.176047E+00  0.771057E+00  0.825251E-01
 0.176655E+00  0.646980E+00  0.778041E-01
 0.177263E+00  0.769275E+00  0.827833E-01
 0.177871E+00  0.759830E+00  0.840597E-01
 0.178479E+00  0.767938E+00  0.832982E-01
 0.179087E+00  0.775170E+00  0.823283E-01
 0.179695E+00  0.770394E+00  0.810126E-01
 0.180304E+00  0.692967E+00  0.796612E-01
 0.180912E+00  0.705795E+00  0.857049E-01
 0.181520E+00  0.703923E+00  0.826050E-01
 0.182128E+00  0.605844E+00  0.815508E-01
 0.182736E+00  0.700272E+00  0.818217E-01
 0.183344E+00  0.711022E+00  0.816072E-01
 0.183952E+00  0.637391E+00  0.821444E-01
 0.184560E+00  0.603832E+00  0.814654E-01
 0.185168E+00  0.616589E+00  0.806273E-01
 0.185776E+00  0.614714E+00  0.780162E-01
 0.186384E+00  0.625371E+00  0.879802E-01
 0.186992E+00  0.586416E+00  0.792718E-01
 0.187600E+00  0.623250E+00  0.767697E-01
 0.188208E+00  0.707358E+00  0.783149E-01
 0.188816E+00  0.754400E+00  0.829423E-01
 0.189424E+00  0.808888E+00  0.770315E-01
 0.190032E+00  0.746150E+00  0.773461E-01
 0.190641E+00  0.728761E+00  0.746027E-01
 0.191249E+00  0.697063E+00  0.740802E-01
 0.191857E+00  0.710886E+00  0.717821E-01
 0.192465E+00  0.740907E+00  0.736189E-01
 0.193073E+00  0.734568E+00  0.757751E-01
 0.193681E+00  0.694255E+00  0.765490E-01
 0.194289E+00  0.773032E+00  0.749005E-01
 0.194897E+00  0.716936E+00  0.719777E-01
 0.195505E+00  0.760935E+00  0.751526E-01
 0.196113E+00  0.702410E+00  0.722244E-01
 0.196721E+00  0.784609E+00  0.724369E-01
 0.197329E+00  0.743632E+00  0.725084E-01
 0.197937E+00  0.853386E+00  0.734276E-01
 0.198545E+00  0.803561E+00  0.702645E-01
 0.199153E+00  0.807596E+00  0.737719E-01
 0.199761E+00  0.737543E+00  0.752884E-01
 0.200369E+00  0.706148E+00  0.768407E-01
 0.200977E+00  0.559468E+00  0.756947E-01
 0.201585E+00  0.588606E+00  0.727841E-01
 0.202193E+00  0.641224E+00  0.737431E-01
 0.202802E+00  0.668553E+00  0.722324E-01
 0.203410E+00  0.630850E+00  0.772213E-01
 0.204018E+00  0.540908E+00  0.795899E-01
 0.204626E+00  0.544681E+00  0.779796E-01
 0.205234E+00  0.567348E+00  0.717343E-01
 0.205842E+00  0.557679E+00  0.744338E-01
 0.206450E+00  0.474906E+00  0.744302E-01
 0.207058E+00  0.470975E+00  0.763857E-01
 0.207666E+00  0.470149E+00  0.722395E-01
 0.208274E+00  0.483519E+00  0.747950E-01
 0.208882E+00  0.553238E+00  0.753162E-01
 0.209490E+00  0.628374E+00  0.735159E-01
 0.210098E+00  0.683465E+00  0.704724E-01
 0.210706E+00  0.611276E+00  0.721572E-01
 0.211314E+00  0.619920E+00  0.701371E-01
 0.211922E+00  0.550373E+00  0.722550E-01
 0.212530E+00  0.747624E+00  0.720970E-01
 0.213138E+00  0.692669E+00  0.700820E-01
 0.213746E+00  0.731621E+00  0.697872E-01
 0.214354E+00  0.638218E+00  0.689293E-01
 0.214962E+00  0.605379E+00  0.691454E-01
 0.215570E+00  0.622683E+00  0.671555E-01
 0.216178E+00  0.513182E+00  0.711387E-01
 0.216786E+00  0.586106E+00  0.692280E-01
 0.217394E+00  0.514372E+00  0.676058E-01
 0.218002E+00  0.644239E+00  0.669728E-01
 0.218610E+00  0.593697E+00  0.677952E-01
 0.219219E+00  0.629598E+00  0.684248E-01
 0.219827E+00  0.591227E+00  0.688205E-01
 0.220435E+00  0.644121E+00  0.663450E-01
 0.221043E+00  0.550820E+00  0.714939E-01
 0.221651E+00  0.572004E+00  0.680726E-01
 0.222259E+00  0.527844E+00  0.698690E-01
 0.222867E+00  0.532984E+00  0.681383E-01
 0.223475E+00  0.508637E+00  0.681363E-01
 0.224083E+00  0.615116E+00  0.696419E-01
 0.224691E+00  0.715093E+00  0.700902E-01
 0.225299E+00  0.661440E+00  0.716080E-01
 0.225907E+00  0.714765E+00  0.662143E-01
 0.226515E+00  0.661971E+00  0.707639E-01
 0.227123E+00  0.687130E+00  0.660879E-01
 0.227731E+00  0.568018E+00  0.718404E-01
 0.228339E+00  0.527587E+00  0.685350E-01
 0.228947E+00  0.501282E+00  0.658484E-01
 0.229555E+00  0.563152E+00  0.659885E-01
 0.230163E+00  0.630924E+00  0.638482E-01
 0.230771E+00  0.650261E+00  0.674570E-01
 0.231379E+00  0.604849E+00  0.654926E-01
 0.231987E+00  0.589200E+00  0.645009E-01
 0.232595E+00  0.556154E+00  0.651076E-01
 0.233203E+00  0.458114E+00  0.694404E-01
 0.233811E+00  0.515675E+00  0.659882E-01
 0.234419E+00  0.500573E+00  0.666547E-01
 0.235027E+00  0.467034E+00  0.655216E-01
 0.235635E+00  0.501750E+00  0.659412E-01
 0.236243E+00  0.546224E+00  0.653185E-01
 0.236851E+00  0.562048E+00  0.658865E-01
 0.237459E+00  0.602097E+00  0.654242E-01
 0.238067E+00  0.541685E+00  0.647951E-01
 0.238675E+00  0.501130E+00  0.679342E-01
 0.239283E+00  0.541124E+00  0.670394E-01
 0.239891E+00  0.498459E+00  0.670327E-01
 0.240499E+00  0.516937E+00  0.620416E-01
 0.241107E+00  0.504648E+00  0.617229E-01
 0.241715E+00  0.495347E+00  0.626318E-01
 0.242323E+00  0.482394E+00  0.618935E-01
 0.242931E+00  0.456398E+00  0.642630E-01
 0.243539E+00  0.447829E+00  0.657778E-01
 0.244147E+00  0.489519E+00  0.653861E-01
 0.244755E+00  0.541198E+00  0.631992E-01
 0.245363E+00  0.485748E+00  0.685051E-01
 0.245971E+00  0.449136E+00  0.651308E-01
 0.246579E+00  0.438898E+00  0.632001E-01
 0.247187E+00  0.419972E+00  0.654211E-01
 0.247795E+00  0.409230E+00  0.639479E-01
 0.248403E+00  0.484446E+00  0.604485E-01
 0.249011E+00  0.512891E+00  0.629050E-01
 0.249619E+00  0.367235E+00  0.666123E-01
 0.250227E+00  0.456390E+00  0.661228E-01
 0.250835E+00  0.467868E+00  0.639717E-01
 0.251443E+00  0.556545E+00  0.623784E-01
 0.252051E+00  0.474364E+00  0.615316E-01
 0.252659E+00  0.495512E+00  0.632223E-01
 0.253267E+00  0.560359E+00  0.633943E-01
 0.253875E+00  0.567700E+00  0.620465E-01
 0.254483E+00  0.506721E+00  0.631314E-01
 0.255091E+00  0.428903E+00  0.633453E-01
 0.255699E+00  0.445172E+00  0.630662E-01
 0.256307E+00  0.448040E+00  0.641014E-01
 0.256915E+00  0.480856E+00  0.663354E-01
 0.257523E+00  0.496336E+00  0.619375E-01
 0.258131E+00  0.532168E+00  0.645283E-01
 0.258739E+00  0.405912E+00  0.618165E-01
 0.259347E+00  0.497242E+00  0.618726E-01
 0.259955E+00  0.350365E+00  0.623810E-01
 0.260563E+00  0.354711E+00  0.623400E-01
 0.261171E+00  0.291013E+00  0.615530E-01
 0.261779E+00  0.371146E+00  0.618501E-01
 0.262387E+00  0.371621E+00  0.616473E-01
 0.262995E+00  0.321943E+00  0.625047E-01
 0.263603E+00  0.437527E+00  0.634631E-01
 0.264211E+00  0.388640E+00  0.619961E-01
 0.264819E+00  0.333840E+00  0.622424E-01
 0.265427E+00  0.415785E+00  0.619965E-01
 0.266035E+00  0.369777E+00  0.609944E-01
 0.266643E+00  0.369500E+00  0.625288E-01
 0.267251E+00  0.443384E+00  0.636036E-01
 0.267859E+00  0.421810E+00  0.633152E-01
 0.268467E+00  0.397344E+00  0.621747E-01
 0.269075E+00  0.413925E+00  0.612251E-01
 0.269683E+00  0.270486E+00  0.605962E-01
 0.270291E+00  0.311897E+00  0.613053E-01
 0.270899E+00  0.302783E+00  0.630981E-01
 0.271507E+00  0.280913E+00  0.593846E-01
 0.272115E+00  0.414200E+00  0.603258E-01
 0.272723E+00  0.424449E+00  0.600519E-01
 0.273331E+00  0.412158E+00  0.595256E-01
 0.273939E+00  0.409803E+00  0.578256E-01
 0.274547E+00  0.367358E+00  0.587108E-01
 0.275155E+00  0.345506E+00  0.600190E-01
 0.275763E+00  0.357273E+00  0.612312E-01
 0.276371E+00  0.353650E+00  0.589611E-01
 0.276979E+00  0.288934E+00  0.574582E-01
 0.277587E+00  0.327670E+00  0.620499E-01
 0.278195E+00  0.322949E+00  0.591025E-01
 0.278803E+00  0.342261E+00  0.585950E-01
 0.279411E+00  0.380013E+00  0.581783E-01
 0.280019E+00  0.378538E+00  0.587674E-01
 0.280626E+00  0.416847E+00  0.575649E-01
 0.281234E+00  0.438314E+00  0.597734E-01
 0.281842E+00  0.294451E+00  0.606431E-01
 0.282450E+00  0.346685E+00  0.574771E-01
 0.283058E+00  0.331838E+00  0.569570E-01
 0.283666E+00  0.384648E+00  0.552367E-01
 0.284274E+00  0.350464E+00  0.571552E-01
 0.284882E+00  0.295633E+00  0.589492E-01
 0.285490E+00  0.279457E+00  0.590086E-01
 0.286098E+00  0.321218E+00  0.582318E-01
 0.286706E+00  0.310341E+00  0.563240E-01
 0.287314E+00  0.212638E+00  0.524520E-01
 0.287922E+00  0.311467E+00  0.548516E-01
 0.288530E+00  0.305977E+00  0.534913E-01
 0.289138E+00  0.385731E+00  0.553674E-01
 0.289746E+00  0.384107E+00  0.564277E-01
 0.290354E+00  0.387861E+00  0.578949E-01
 0.290962E+00  0.391469E+00  0.567691E-01
 0.291570E+00  0.308122E+00  0.541110E-01
 0.292178E+00  0.335366E+00  0.575570E-01
 0.292786E+00  0.309632E+00  0.553218E-01
 0.293394E+00  0.274522E+00  0.545007E-01
 0.294002E+00  0.294539E+00  0.542443E-01
 0.294610E+00  0.319135E+00  0.553922E-01
 0.295217E+00  0.319373E+00  0.544815E-01
 0.295825E+00  0.292259E+00  0.542572E-01
 0.296433E+00  0.312940E+00  0.543214E-01
 0.297041E+00  0.284989E+00  0.561137E-01
 0.297649E+00  0.316915E+00  0.554817E-01
 0.298257E+00  0.315511E+00  0.547299E-01
 0.298865E+00  0.292731E+00  0.539542E-01
 0.299473E+00  0.271387E+00  0.538963E-01
 0.300081E+00  0.238627E+00  0.532265E-01
 0.300689E+00  0.261012E+00  0.527913E-01
 0.301297E+00  0.312776E+00  0.514679E-01
 0.301905E+00  0.258803E+00  0.517534E-01
 0.302513E+00  0.295234E+00  0.506817E-01
 0.303121E+00  0.242391E+00  0.522063E-01
 0.303729E+00  0.273942E+00  0.524664E-01
 0.304337E+00  0.264551E+00  0.519181E-01
 0.304945E+00  0.198253E+00  0.517105E-01
 0.305553E+00  0.323158E+00  0.526458E-01
 0.306160E+00  0.258239E+00  0.529711E-01
 0.306768E+00  0.320448E+00  0.517013E-01
 0.307376E+00  0.289681E+00  0.537960E-01
 0.307984E+00  0.358312E+00  0.501056E-01
 0.308592E+00  0.307971E+00  0.500015E-01
 0.309200E+00  0.336988E+00  0.518672E-01
 0.309808E+00  0.322064E+00  0.518475E-01
 0.310416E+00  0.304090E+00  0.497978E-01
 0.311024E+00  0.290506E+00  0.508986E-01
 0.311632E+00  0.262989E+00  0.533827E-01
 0.312240E+00  0.284120E+00  0.554060E-01
 0.312848E+00  0.295885E+00  0.580541E-01
 0.313456E+00  0.335256E+00  0.558655E-01
 0.314064E+00  0.322853E+00  0.555209E-01
 0.314671E+00  0.336359E+00  0.612627E-01
 0.315279E+00  0.358612E+00  0.598016E-01
 0.315887E+00  0.254104E+00  0.622680E-01
 0.316495E+00  0.296251E+00  0.666858E-01
 0.317103E+00  0.241890E+00  0.646914E-01
 0.317711E+00  0.294313E+00  0.683705E-01
 0.318319E+00  0.327352E+00  0.716471E-01
 0.318927E+00  0.206854E+00  0.981533E-01
 0.319535E+00  0.305182E+00  0.770198E-01
 0.320143E+00  0.346684E+00  0.741338E-01
 0.320751E+00  0.334387E+00  0.768737E-01
 0.321359E+00  0.307113E+00  0.798599E-01
 0.321967E+00  0.237213E+00  0.813841E-01
 0.322574E+00  0.185792E+00  0.790089E-01
 0.323182E+00  0.114628E+00  0.825138E-01
 0.323790E+00  0.149423E+00  0.818106E-01
 0.324398E+00  0.224540E+00  0.891912E-01
 0.325006E+00  0.358432E+00  0.901119E-01
 0.325614E+00  0.282367E+00  0.100504E+00
 0.326222E+00  0.414128E+00  0.105568E+00
 0.326830E+00  0.387864E+00  0.115252E+00
 0.327438E+00  0.260894E+00  0.137368E+00

# Following corresponds to: mergem2x123.dat

 0.106420E-01  0.150571E+03  0.474122E+01
 0.112500E-01  0.143811E+03  0.713804E+01
 0.118590E-01  0.150933E+03  0.824032E+01
 0.124670E-01  0.140828E+03  0.534419E+01
 0.130750E-01  0.145056E+03  0.311433E+01
 0.136830E-01  0.143712E+03  0.305853E+01
 0.142910E-01  0.141332E+03  0.303217E+01
 0.148990E-01  0.136035E+03  0.231373E+01
 0.155070E-01  0.136102E+03  0.245054E+01
 0.161150E-01  0.135085E+03  0.279922E+01
 0.167240E-01  0.135980E+03  0.263696E+01
 0.173320E-01  0.133648E+03  0.201738E+01
 0.179400E-01  0.133672E+03  0.159837E+01
 0.185480E-01  0.132953E+03  0.150089E+01
 0.191560E-01  0.131846E+03  0.196200E+01
 0.197640E-01  0.129376E+03  0.135135E+01
 0.203720E-01  0.127733E+03  0.137523E+01
 0.209800E-01  0.125858E+03  0.129091E+01
 0.215890E-01  0.125651E+03  0.156776E+01
 0.221970E-01  0.124876E+03  0.126595E+01
 0.228050E-01  0.123834E+03  0.127668E+01
 0.234130E-01  0.124377E+03  0.114580E+01
 0.240210E-01  0.122299E+03  0.101764E+01
 0.246290E-01  0.121754E+03  0.115567E+01
 0.252370E-01  0.120186E+03  0.877889E+00
 0.258450E-01  0.118980E+03  0.823286E+00
 0.264540E-01  0.117544E+03  0.847950E+00
 0.270620E-01  0.117076E+03  0.810762E+00
 0.276700E-01  0.116218E+03  0.697753E+00
 0.282780E-01  0.115847E+03  0.833762E+00
 0.288860E-01  0.115724E+03  0.694773E+00
 0.294940E-01  0.114093E+03  0.860153E+00
 0.301020E-01  0.113430E+03  0.752084E+00
 0.307100E-01  0.112061E+03  0.717948E+00
 0.313190E-01  0.111002E+03  0.715078E+00
 0.319270E-01  0.109723E+03  0.734268E+00
 0.325350E-01  0.108502E+03  0.706622E+00
 0.331430E-01  0.107585E+03  0.682927E+00
 0.337510E-01  0.107064E+03  0.690244E+00
 0.343590E-01  0.105514E+03  0.739119E+00
 0.349670E-01  0.104686E+03  0.751982E+00
 0.355750E-01  0.103701E+03  0.688301E+00
 0.361840E-01  0.103403E+03  0.791113E+00
 0.367920E-01  0.101098E+03  0.690688E+00
 0.374000E-01  0.100598E+03  0.757488E+00
 0.380080E-01  0.100353E+03  0.700016E+00
 0.386160E-01  0.986256E+02  0.762498E+00
 0.392240E-01  0.989419E+02  0.700266E+00
 0.398320E-01  0.976312E+02  0.781211E+00
 0.404400E-01  0.961358E+02  0.705682E+00
 0.410490E-01  0.950095E+02  0.636301E+00
 0.416570E-01  0.935529E+02  0.597293E+00
 0.422650E-01  0.929859E+02  0.642516E+00
 0.428730E-01  0.918250E+02  0.675295E+00
 0.434810E-01  0.900261E+02  0.680936E+00
 0.440890E-01  0.891577E+02  0.667419E+00
 0.446970E-01  0.878631E+02  0.587153E+00
 0.453050E-01  0.876004E+02  0.592113E+00
 0.459140E-01  0.860487E+02  0.580204E+00
 0.465220E-01  0.859627E+02  0.573078E+00
 0.471300E-01  0.840526E+02  0.523723E+00
 0.477380E-01  0.837737E+02  0.547080E+00
 0.483460E-01  0.824151E+02  0.460602E+00
 0.489540E-01  0.818318E+02  0.497146E+00
 0.495620E-01  0.808290E+02  0.475668E+00
 0.501700E-01  0.801940E+02  0.478807E+00
 0.507790E-01  0.782344E+02  0.439940E+00
 0.513870E-01  0.780906E+02  0.402968E+00
 0.519950E-01  0.768741E+02  0.445441E+00
 0.526030E-01  0.758830E+02  0.451337E+00
 0.532110E-01  0.754635E+02  0.468713E+00
 0.538190E-01  0.740396E+02  0.452843E+00
 0.544270E-01  0.732092E+02  0.468304E+00
 0.550350E-01  0.721706E+02  0.458057E+00
 0.556440E-01  0.707445E+02  0.454485E+00
 0.562520E-01  0.702943E+02  0.454591E+00
 0.568600E-01  0.685643E+02  0.485183E+00
 0.574680E-01  0.679423E+02  0.485917E+00
 0.580760E-01  0.669599E+02  0.473084E+00
 0.586840E-01  0.663016E+02  0.443985E+00
 0.592920E-01  0.654864E+02  0.428043E+00
 0.599000E-01  0.642052E+02  0.429962E+00
 0.605090E-01  0.630339E+02  0.471573E+00
 0.611170E-01  0.619689E+02  0.414230E+00
 0.617250E-01  0.614744E+02  0.421825E+00
 0.623330E-01  0.602482E+02  0.464272E+00
 0.629410E-01  0.596536E+02  0.437404E+00
 0.635490E-01  0.589540E+02  0.480630E+00
 0.641570E-01  0.575461E+02  0.461776E+00
 0.647650E-01  0.567408E+02  0.277455E+00
 0.653740E-01  0.557673E+02  0.264472E+00
 0.659820E-01  0.550159E+02  0.280201E+00
 0.665900E-01  0.542668E+02  0.252214E+00
 0.671980E-01  0.533904E+02  0.268346E+00
 0.678060E-01  0.528664E+02  0.237214E+00
 0.684140E-01  0.518791E+02  0.250089E+00
 0.690220E-01  0.509783E+02  0.247876E+00
 0.696300E-01  0.501422E+02  0.252742E+00
 0.702380E-01  0.492248E+02  0.251823E+00
 0.708470E-01  0.487854E+02  0.243034E+00
 0.714550E-01  0.479735E+02  0.218339E+00
 0.720630E-01  0.468893E+02  0.223151E+00
 0.726710E-01  0.458690E+02  0.232752E+00
 0.732790E-01  0.452518E+02  0.225238E+00
 0.738870E-01  0.444344E+02  0.223024E+00
 0.744950E-01  0.436789E+02  0.223229E+00
 0.751030E-01  0.429922E+02  0.226685E+00
 0.757120E-01  0.424183E+02  0.221924E+00
 0.763200E-01  0.415954E+02  0.232919E+00
 0.769280E-01  0.410037E+02  0.208397E+00
 0.775360E-01  0.402327E+02  0.208866E+00
 0.781440E-01  0.394856E+02  0.208212E+00
 0.787520E-01  0.388176E+02  0.205670E+00
 0.793600E-01  0.383345E+02  0.214919E+00
 0.799680E-01  0.373683E+02  0.205744E+00
 0.805760E-01  0.366105E+02  0.215141E+00
 0.811850E-01  0.360455E+02  0.209068E+00
 0.817930E-01  0.356192E+02  0.222706E+00
 0.824010E-01  0.347419E+02  0.210353E+00
 0.830090E-01  0.343124E+02  0.216533E+00
 0.836170E-01  0.335094E+02  0.202514E+00
 0.842250E-01  0.330457E+02  0.201078E+00
 0.848330E-01  0.321464E+02  0.211380E+00
 0.854410E-01  0.314233E+02  0.222999E+00
 0.860490E-01  0.305664E+02  0.291624E+00
 0.866580E-01  0.300131E+02  0.205412E+00
 0.872660E-01  0.294612E+02  0.186599E+00
 0.878740E-01  0.289189E+02  0.181873E+00
 0.884820E-01  0.284139E+02  0.189328E+00
 0.890900E-01  0.279202E+02  0.186777E+00
 0.896980E-01  0.272285E+02  0.182580E+00
 0.903060E-01  0.266056E+02  0.182060E+00
 0.909140E-01  0.261329E+02  0.191852E+00
 0.915220E-01  0.253889E+02  0.185278E+00
 0.921310E-01  0.248622E+02  0.186965E+00
 0.927390E-01  0.244648E+02  0.177728E+00
 0.933470E-01  0.241916E+02  0.182227E+00
 0.939550E-01  0.237394E+02  0.184636E+00
 0.945630E-01  0.232926E+02  0.190812E+00
 0.951710E-01  0.226829E+02  0.183683E+00
 0.957790E-01  0.221018E+02  0.179377E+00
 0.963870E-01  0.218761E+02  0.179957E+00
 0.969950E-01  0.212912E+02  0.175961E+00
 0.976040E-01  0.207204E+02  0.182514E+00
 0.982120E-01  0.205536E+02  0.179980E+00
 0.988200E-01  0.201034E+02  0.179678E+00
 0.994280E-01  0.194122E+02  0.171200E+00
 0.100036E+00  0.189978E+02  0.176649E+00
 0.100644E+00  0.184803E+02  0.166881E+00
 0.101252E+00  0.180632E+02  0.174173E+00
 0.101860E+00  0.175042E+02  0.164913E+00
 0.102468E+00  0.171684E+02  0.167794E+00
 0.103077E+00  0.167468E+02  0.167061E+00
 0.103685E+00  0.163981E+02  0.156645E+00
 0.104293E+00  0.162118E+02  0.162485E+00
 0.104901E+00  0.160332E+02  0.162032E+00
 0.105509E+00  0.152289E+02  0.176336E+00
 0.106117E+00  0.148579E+02  0.203739E+00
 0.106725E+00  0.143899E+02  0.260513E+00
 0.107333E+00  0.141200E+02  0.189638E+00
 0.107941E+00  0.136840E+02  0.178372E+00
 0.108550E+00  0.132063E+02  0.155510E+00
 0.109158E+00  0.130036E+02  0.151181E+00
 0.109766E+00  0.127602E+02  0.143494E+00
 0.110374E+00  0.124938E+02  0.108895E+00
 0.110982E+00  0.122859E+02  0.111498E+00
 0.111590E+00  0.118357E+02  0.107863E+00
 0.112198E+00  0.115595E+02  0.113403E+00
 0.112806E+00  0.113398E+02  0.107699E+00
 0.113414E+00  0.110907E+02  0.104636E+00
 0.114022E+00  0.107887E+02  0.105620E+00
 0.114631E+00  0.105156E+02  0.109967E+00
 0.115239E+00  0.101166E+02  0.105814E+00
 0.115847E+00  0.985620E+01  0.107938E+00
 0.116455E+00  0.951397E+01  0.101656E+00
 0.117063E+00  0.940881E+01  0.109483E+00
 0.117671E+00  0.914806E+01  0.100677E+00
 0.118279E+00  0.892378E+01  0.102884E+00
 0.118887E+00  0.882968E+01  0.105170E+00
 0.119495E+00  0.847646E+01  0.106905E+00
 0.120103E+00  0.815303E+01  0.998911E-01
 0.120712E+00  0.806756E+01  0.104413E+00
 0.121320E+00  0.783388E+01  0.999772E-01
 0.121928E+00  0.761299E+01  0.102118E+00
 0.122536E+00  0.717451E+01  0.997743E-01
 0.123144E+00  0.696886E+01  0.941399E-01
 0.123752E+00  0.680457E+01  0.988051E-01
 0.124360E+00  0.662550E+01  0.967166E-01
 0.124968E+00  0.660367E+01  0.105815E+00
 0.125576E+00  0.648571E+01  0.122689E+00
 0.126184E+00  0.625536E+01  0.108432E+00
 0.126793E+00  0.606092E+01  0.984396E-01
 0.127401E+00  0.586542E+01  0.101126E+00
 0.128009E+00  0.574829E+01  0.996952E-01
 0.128617E+00  0.560326E+01  0.973215E-01
 0.129225E+00  0.544698E+01  0.939752E-01
 0.129833E+00  0.518818E+01  0.966939E-01
 0.130441E+00  0.495895E+01  0.963462E-01
 0.131049E+00  0.475329E+01  0.946684E-01
 0.131657E+00  0.464270E+01  0.105356E+00
 0.132265E+00  0.445842E+01  0.100039E+00
 0.132873E+00  0.432548E+01  0.973932E-01
 0.133482E+00  0.419261E+01  0.106688E+00
 0.134090E+00  0.410090E+01  0.967848E-01
 0.134698E+00  0.402746E+01  0.992146E-01
 0.135306E+00  0.386145E+01  0.974753E-01
 0.135914E+00  0.370091E+01  0.942734E-01
 0.136522E+00  0.363444E+01  0.104454E+00
 0.137130E+00  0.352383E+01  0.103225E+00
 0.137738E+00  0.346837E+01  0.100560E+00
 0.138346E+00  0.341279E+01  0.966891E-01
 0.138954E+00  0.326083E+01  0.987292E-01
 0.139562E+00  0.324782E+01  0.960203E-01
 0.140171E+00  0.305382E+01  0.960311E-01
 0.140779E+00  0.297379E+01  0.977452E-01
 0.141387E+00  0.293774E+01  0.921475E-01
 0.141995E+00  0.275478E+01  0.931717E-01
 0.142603E+00  0.264224E+01  0.918195E-01
 0.143211E+00  0.277261E+01  0.936144E-01
 0.143819E+00  0.287188E+01  0.955674E-01
 0.144427E+00  0.270030E+01  0.913469E-01
 0.145035E+00  0.254677E+01  0.857509E-01
 0.145643E+00  0.236073E+01  0.884305E-01
 0.146251E+00  0.240997E+01  0.867621E-01
 0.146860E+00  0.232794E+01  0.837859E-01
 0.147468E+00  0.230377E+01  0.816353E-01
 0.148076E+00  0.215445E+01  0.837802E-01
 0.148684E+00  0.206127E+01  0.837164E-01
 0.149292E+00  0.202484E+01  0.823858E-01
 0.149900E+00  0.179931E+01  0.836526E-01
 0.150508E+00  0.177187E+01  0.820775E-01
 0.151116E+00  0.174128E+01  0.814651E-01
 0.151724E+00  0.181043E+01  0.790108E-01
 0.152332E+00  0.178906E+01  0.854066E-01
 0.152940E+00  0.165161E+01  0.814182E-01
 0.153548E+00  0.169190E+01  0.819999E-01
 0.154156E+00  0.157046E+01  0.783762E-01
 0.154765E+00  0.156013E+01  0.828269E-01
 0.155373E+00  0.148952E+01  0.817960E-01
 0.155981E+00  0.146039E+01  0.814507E-01
 0.156589E+00  0.140709E+01  0.815921E-01
 0.157197E+00  0.146151E+01  0.780298E-01
 0.157805E+00  0.145656E+01  0.791998E-01
 0.158413E+00  0.141122E+01  0.784497E-01
 0.159021E+00  0.133553E+01  0.814234E-01
 0.159629E+00  0.144419E+01  0.786189E-01
 0.160237E+00  0.154094E+01  0.765428E-01
 0.160845E+00  0.143720E+01  0.782323E-01
 0.161453E+00  0.141998E+01  0.823314E-01
 0.162061E+00  0.132711E+01  0.779418E-01
 0.162670E+00  0.117989E+01  0.811769E-01
 0.163278E+00  0.123931E+01  0.821530E-01
 0.163886E+00  0.115505E+01  0.849566E-01
 0.164494E+00  0.119880E+01  0.800196E-01
 0.165102E+00  0.109101E+01  0.817217E-01
 0.165710E+00  0.106756E+01  0.782449E-01
 0.166318E+00  0.106783E+01  0.780520E-01
 0.166926E+00  0.104150E+01  0.807181E-01
 0.167534E+00  0.115012E+01  0.805885E-01
 0.168142E+00  0.113555E+01  0.797837E-01
 0.168750E+00  0.118308E+01  0.798229E-01
 0.169358E+00  0.122157E+01  0.764884E-01
 0.169966E+00  0.129111E+01  0.750906E-01
 0.170574E+00  0.127316E+01  0.849429E-01
 0.171183E+00  0.118736E+01  0.819332E-01
 0.171791E+00  0.121037E+01  0.777047E-01
 0.172399E+00  0.116682E+01  0.762942E-01
 0.173007E+00  0.113100E+01  0.762730E-01
 0.173615E+00  0.108568E+01  0.768557E-01
 0.174223E+00  0.106353E+01  0.756070E-01
 0.174831E+00  0.110204E+01  0.759587E-01
 0.175439E+00  0.116275E+01  0.804895E-01
 0.176047E+00  0.116921E+01  0.783322E-01
 0.176655E+00  0.112150E+01  0.798219E-01
 0.177263E+00  0.112873E+01  0.825278E-01
 0.177871E+00  0.979973E+00  0.823119E-01
 0.178479E+00  0.991288E+00  0.787839E-01
 0.179087E+00  0.997473E+00  0.772567E-01
 0.179695E+00  0.100678E+01  0.753836E-01
 0.180304E+00  0.895572E+00  0.738850E-01
 0.180912E+00  0.930375E+00  0.765429E-01
 0.181520E+00  0.885357E+00  0.772581E-01
 0.182128E+00  0.906750E+00  0.740853E-01
 0.182736E+00  0.979192E+00  0.805469E-01
 0.183344E+00  0.961660E+00  0.798678E-01
 0.183952E+00  0.891629E+00  0.748986E-01
 0.184560E+00  0.928598E+00  0.754004E-01
 0.185168E+00  0.984899E+00  0.741252E-01
 0.185776E+00  0.993971E+00  0.764296E-01
 0.186384E+00  0.902417E+00  0.890903E-01
 0.186992E+00  0.877279E+00  0.800518E-01
 0.187600E+00  0.884232E+00  0.782402E-01
 0.188208E+00  0.955348E+00  0.818129E-01
 0.188816E+00  0.102375E+01  0.817369E-01
 0.189424E+00  0.108017E+01  0.767308E-01
 0.190032E+00  0.109033E+01  0.738431E-01
 0.190641E+00  0.954502E+00  0.738011E-01
 0.191249E+00  0.953911E+00  0.726031E-01
 0.191857E+00  0.972978E+00  0.717396E-01
 0.192465E+00  0.912886E+00  0.721251E-01
 0.193073E+00  0.990124E+00  0.741947E-01
 0.193681E+00  0.104199E+01  0.728831E-01
 0.194289E+00  0.111303E+01  0.719704E-01
 0.194897E+00  0.101391E+01  0.669907E-01
 0.195505E+00  0.106362E+01  0.733670E-01
 0.196113E+00  0.104879E+01  0.722004E-01
 0.196721E+00  0.110768E+01  0.742971E-01
 0.197329E+00  0.104934E+01  0.725194E-01
 0.197937E+00  0.112848E+01  0.741594E-01
 0.198545E+00  0.102548E+01  0.690874E-01
 0.199153E+00  0.111040E+01  0.697275E-01
 0.199761E+00  0.104890E+01  0.698638E-01
 0.200369E+00  0.980912E+00  0.708177E-01
 0.200977E+00  0.890793E+00  0.694685E-01
 0.201585E+00  0.998264E+00  0.734684E-01
 0.202193E+00  0.980629E+00  0.731953E-01
 0.202802E+00  0.101983E+01  0.700702E-01
 0.203410E+00  0.977919E+00  0.727671E-01
 0.204018E+00  0.924245E+00  0.719983E-01
 0.204626E+00  0.849722E+00  0.732588E-01
 0.205234E+00  0.862079E+00  0.715370E-01
 0.205842E+00  0.883782E+00  0.721338E-01
 0.206450E+00  0.901620E+00  0.709045E-01
 0.207058E+00  0.812931E+00  0.752380E-01
 0.207666E+00  0.846980E+00  0.688188E-01
 0.208274E+00  0.887392E+00  0.726819E-01
 0.208882E+00  0.878240E+00  0.723736E-01
 0.209490E+00  0.982111E+00  0.716773E-01
 0.210098E+00  0.979162E+00  0.709734E-01
 0.210706E+00  0.888829E+00  0.698138E-01
 0.211314E+00  0.873501E+00  0.698230E-01
 0.211922E+00  0.867166E+00  0.685128E-01
 0.212530E+00  0.983556E+00  0.672260E-01
 0.213138E+00  0.995779E+00  0.669843E-01
 0.213746E+00  0.108138E+01  0.701654E-01
 0.214354E+00  0.965633E+00  0.689491E-01
 0.214962E+00  0.959359E+00  0.716947E-01
 0.215570E+00  0.936586E+00  0.697609E-01
 0.216178E+00  0.933711E+00  0.734739E-01
 0.216786E+00  0.970199E+00  0.694710E-01
 0.217394E+00  0.870332E+00  0.691833E-01
 0.218002E+00  0.906470E+00  0.635874E-01
 0.218610E+00  0.836563E+00  0.650732E-01
 0.219219E+00  0.905683E+00  0.639555E-01
 0.219827E+00  0.803743E+00  0.653522E-01
 0.220435E+00  0.840513E+00  0.672703E-01
 0.221043E+00  0.836345E+00  0.671628E-01
 0.221651E+00  0.791499E+00  0.668388E-01
 0.222259E+00  0.861218E+00  0.680167E-01
 0.222867E+00  0.868249E+00  0.684234E-01
 0.223475E+00  0.893528E+00  0.657476E-01
 0.224083E+00  0.899080E+00  0.659852E-01
 0.224691E+00  0.933923E+00  0.657421E-01
 0.225299E+00  0.861920E+00  0.664982E-01
 0.225907E+00  0.849506E+00  0.621990E-01
 0.226515E+00  0.834416E+00  0.652366E-01
 0.227123E+00  0.859885E+00  0.632803E-01
 0.227731E+00  0.802824E+00  0.670501E-01
 0.228339E+00  0.756586E+00  0.640323E-01
 0.228947E+00  0.778252E+00  0.635520E-01
 0.229555E+00  0.816541E+00  0.630827E-01
 0.230163E+00  0.898580E+00  0.618430E-01
 0.230771E+00  0.816790E+00  0.628462E-01
 0.231379E+00  0.773307E+00  0.645770E-01
 0.231987E+00  0.736004E+00  0.661973E-01
 0.232595E+00  0.734591E+00  0.631260E-01
 0.233203E+00  0.770811E+00  0.696107E-01
 0.233811E+00  0.876624E+00  0.654806E-01
 0.234419E+00  0.742763E+00  0.649211E-01
 0.235027E+00  0.753574E+00  0.626781E-01
 0.235635E+00  0.798681E+00  0.640504E-01
 0.236243E+00  0.776891E+00  0.620486E-01
 0.236851E+00  0.785875E+00  0.652642E-01
 0.237459E+00  0.754820E+00  0.656875E-01
 0.238067E+00  0.763658E+00  0.632664E-01
 0.238675E+00  0.849570E+00  0.636280E-01
 0.239283E+00  0.784137E+00  0.612766E-01
 0.239891E+00  0.797587E+00  0.617639E-01
 0.240499E+00  0.753524E+00  0.608668E-01
 0.241107E+00  0.716595E+00  0.633284E-01
 0.241715E+00  0.699949E+00  0.628085E-01
 0.242323E+00  0.646580E+00  0.636514E-01
 0.242931E+00  0.630919E+00  0.625879E-01
 0.243539E+00  0.758961E+00  0.655163E-01
 0.244147E+00  0.730473E+00  0.646991E-01
 0.244755E+00  0.744477E+00  0.645623E-01
 0.245363E+00  0.761672E+00  0.672668E-01
 0.245971E+00  0.666462E+00  0.631063E-01
 0.246579E+00  0.645379E+00  0.606358E-01
 0.247187E+00  0.644945E+00  0.633437E-01
 0.247795E+00  0.659087E+00  0.636774E-01
 0.248403E+00  0.666265E+00  0.591665E-01
 0.249011E+00  0.691766E+00  0.642289E-01
 0.249619E+00  0.589307E+00  0.606843E-01
 0.250227E+00  0.678525E+00  0.609445E-01
 0.250835E+00  0.645826E+00  0.611357E-01
 0.251443E+00  0.738361E+00  0.631727E-01
 0.252051E+00  0.656553E+00  0.620107E-01
 0.252659E+00  0.638946E+00  0.622907E-01
 0.253267E+00  0.692935E+00  0.604082E-01
 0.253875E+00  0.587959E+00  0.619755E-01
 0.254483E+00  0.546871E+00  0.625088E-01
 0.255091E+00  0.490004E+00  0.628852E-01
 0.255699E+00  0.458160E+00  0.621221E-01
 0.256307E+00  0.545536E+00  0.623319E-01
 0.256915E+00  0.593822E+00  0.654973E-01
 0.257523E+00  0.650860E+00  0.620106E-01
 0.258131E+00  0.695603E+00  0.643309E-01
 0.258739E+00  0.592419E+00  0.633100E-01
 0.259347E+00  0.628264E+00  0.614970E-01
 0.259955E+00  0.540521E+00  0.597486E-01
 0.260563E+00  0.577793E+00  0.605549E-01
 0.261171E+00  0.597360E+00  0.599378E-01
 0.261779E+00  0.619536E+00  0.578198E-01
 0.262387E+00  0.606488E+00  0.561774E-01
 0.262995E+00  0.555841E+00  0.595399E-01
 0.263603E+00  0.682707E+00  0.604140E-01
 0.264211E+00  0.571295E+00  0.594659E-01
 0.264819E+00  0.509231E+00  0.604808E-01
 0.265427E+00  0.545547E+00  0.599571E-01
 0.266035E+00  0.452482E+00  0.615909E-01
 0.266643E+00  0.527896E+00  0.617755E-01
 0.267251E+00  0.562696E+00  0.615787E-01
 0.267859E+00  0.543453E+00  0.614770E-01
 0.268467E+00  0.626288E+00  0.623498E-01
 0.269075E+00  0.646531E+00  0.599916E-01
 0.269683E+00  0.511020E+00  0.596692E-01
 0.270291E+00  0.509176E+00  0.583939E-01
 0.270899E+00  0.465574E+00  0.582531E-01
 0.271507E+00  0.454237E+00  0.559646E-01
 0.272115E+00  0.503759E+00  0.589429E-01
 0.272723E+00  0.522020E+00  0.579602E-01
 0.273331E+00  0.486240E+00  0.563948E-01
 0.273939E+00  0.491239E+00  0.555152E-01
 0.274547E+00  0.473702E+00  0.539075E-01
 0.275155E+00  0.419351E+00  0.579510E-01
 0.275763E+00  0.403531E+00  0.570208E-01
 0.276371E+00  0.453510E+00  0.581035E-01
 0.276979E+00  0.426533E+00  0.579205E-01
 0.277587E+00  0.385157E+00  0.583277E-01
 0.278195E+00  0.488773E+00  0.559861E-01
 0.278803E+00  0.500479E+00  0.575762E-01
 0.279411E+00  0.491361E+00  0.556353E-01
 0.280019E+00  0.476408E+00  0.570246E-01
 0.280626E+00  0.567346E+00  0.542738E-01
 0.281234E+00  0.517950E+00  0.590234E-01
 0.281842E+00  0.462368E+00  0.583843E-01
 0.282450E+00  0.474824E+00  0.559801E-01
 0.283058E+00  0.491935E+00  0.564577E-01
 0.283666E+00  0.553524E+00  0.538531E-01
 0.284274E+00  0.514522E+00  0.539192E-01
 0.284882E+00  0.480155E+00  0.552853E-01
 0.285490E+00  0.430327E+00  0.571304E-01
 0.286098E+00  0.449634E+00  0.574489E-01
 0.286706E+00  0.502658E+00  0.565822E-01
 0.287314E+00  0.409394E+00  0.546273E-01
 0.287922E+00  0.461180E+00  0.543493E-01
 0.288530E+00  0.482421E+00  0.549313E-01
 0.289138E+00  0.484401E+00  0.561653E-01
 0.289746E+00  0.506526E+00  0.535124E-01
 0.290354E+00  0.477384E+00  0.535758E-01
 0.290962E+00  0.474151E+00  0.534114E-01
 0.291570E+00  0.426929E+00  0.530435E-01
 0.292178E+00  0.444637E+00  0.546645E-01
 0.292786E+00  0.437533E+00  0.532675E-01
 0.293394E+00  0.433330E+00  0.538152E-01
 0.294002E+00  0.435578E+00  0.548313E-01
 0.294610E+00  0.442210E+00  0.568339E-01
 0.295217E+00  0.431231E+00  0.539509E-01
 0.295825E+00  0.395333E+00  0.536852E-01
 0.296433E+00  0.417001E+00  0.536446E-01
 0.297041E+00  0.417304E+00  0.528691E-01
 0.297649E+00  0.458194E+00  0.535793E-01
 0.298257E+00  0.415711E+00  0.542280E-01
 0.298865E+00  0.360657E+00  0.521261E-01
 0.299473E+00  0.392078E+00  0.532294E-01
 0.300081E+00  0.336725E+00  0.518675E-01
 0.300689E+00  0.355786E+00  0.517627E-01
 0.301297E+00  0.393147E+00  0.500391E-01
 0.301905E+00  0.408577E+00  0.512624E-01
 0.302513E+00  0.352170E+00  0.510804E-01
 0.303121E+00  0.364943E+00  0.509143E-01
 0.303729E+00  0.433068E+00  0.511367E-01
 0.304337E+00  0.417254E+00  0.518692E-01
 0.304945E+00  0.456242E+00  0.491414E-01
 0.305553E+00  0.484652E+00  0.512632E-01
 0.306160E+00  0.432329E+00  0.523204E-01
 0.306768E+00  0.527943E+00  0.516670E-01
 0.307376E+00  0.518230E+00  0.522269E-01
 0.307984E+00  0.553565E+00  0.501800E-01
 0.308592E+00  0.546537E+00  0.526049E-01
 0.309200E+00  0.471010E+00  0.530886E-01
 0.309808E+00  0.459746E+00  0.520420E-01
 0.310416E+00  0.359185E+00  0.499517E-01
 0.311024E+00  0.415552E+00  0.496645E-01
 0.311632E+00  0.379362E+00  0.501478E-01
 0.312240E+00  0.448660E+00  0.509125E-01
 0.312848E+00  0.488575E+00  0.545951E-01
 0.313456E+00  0.484202E+00  0.556850E-01
 0.314064E+00  0.457567E+00  0.563439E-01
 0.314671E+00  0.418056E+00  0.583040E-01
 0.315279E+00  0.473829E+00  0.558729E-01
 0.315887E+00  0.460973E+00  0.577973E-01
 0.316495E+00  0.376746E+00  0.647693E-01
 0.317103E+00  0.427230E+00  0.639783E-01
 0.317711E+00  0.439793E+00  0.681727E-01
 0.318319E+00  0.546538E+00  0.730257E-01
 0.318927E+00  0.459776E+00  0.935503E-01
 0.319535E+00  0.515697E+00  0.723711E-01
 0.320143E+00  0.593090E+00  0.683905E-01
 0.320751E+00  0.543984E+00  0.675854E-01
 0.321359E+00  0.555515E+00  0.704921E-01
 0.321967E+00  0.450470E+00  0.753981E-01
 0.322574E+00  0.378243E+00  0.754093E-01
 0.323182E+00  0.372109E+00  0.777194E-01
 0.323790E+00  0.292446E+00  0.863665E-01
 0.324398E+00  0.392808E+00  0.923767E-01
 0.325006E+00  0.408667E+00  0.891839E-01
 0.325614E+00  0.468164E+00  0.943316E-01
 0.326222E+00  0.493204E+00  0.993629E-01
 0.326830E+00  0.572198E+00  0.113982E+00
 0.327438E+00  0.552960E+00  0.154359E+00

# Following corresponds to: mergehix123.dat

 0.106420E-01  0.214227E+03  0.380974E+01
 0.112500E-01  0.202972E+03  0.640723E+01
 0.118590E-01  0.214461E+03  0.998683E+01
 0.124670E-01  0.199338E+03  0.594976E+01
 0.130750E-01  0.204885E+03  0.313020E+01
 0.136830E-01  0.206638E+03  0.303867E+01
 0.142910E-01  0.201514E+03  0.266622E+01
 0.148990E-01  0.197671E+03  0.256467E+01
 0.155070E-01  0.195996E+03  0.255666E+01
 0.161150E-01  0.196768E+03  0.240108E+01
 0.167240E-01  0.195186E+03  0.291281E+01
 0.173320E-01  0.196894E+03  0.236490E+01
 0.179400E-01  0.197537E+03  0.217438E+01
 0.185480E-01  0.195006E+03  0.196540E+01
 0.191560E-01  0.192270E+03  0.193171E+01
 0.197640E-01  0.191606E+03  0.152857E+01
 0.203720E-01  0.189239E+03  0.153235E+01
 0.209800E-01  0.186992E+03  0.115386E+01
 0.215890E-01  0.186133E+03  0.117474E+01
 0.221970E-01  0.185022E+03  0.110477E+01
 0.228050E-01  0.184728E+03  0.113086E+01
 0.234130E-01  0.184216E+03  0.116772E+01
 0.240210E-01  0.181879E+03  0.117111E+01
 0.246290E-01  0.181372E+03  0.110977E+01
 0.252370E-01  0.178185E+03  0.101753E+01
 0.258450E-01  0.176063E+03  0.103093E+01
 0.264540E-01  0.174464E+03  0.930236E+00
 0.270620E-01  0.173593E+03  0.109638E+01
 0.276700E-01  0.172294E+03  0.905067E+00
 0.282780E-01  0.171852E+03  0.109457E+01
 0.288860E-01  0.170653E+03  0.886705E+00
 0.294940E-01  0.168060E+03  0.963718E+00
 0.301020E-01  0.167021E+03  0.829997E+00
 0.307100E-01  0.165563E+03  0.861534E+00
 0.313190E-01  0.164416E+03  0.816188E+00
 0.319270E-01  0.161810E+03  0.781753E+00
 0.325350E-01  0.160934E+03  0.791581E+00
 0.331430E-01  0.159532E+03  0.785809E+00
 0.337510E-01  0.158062E+03  0.751926E+00
 0.343590E-01  0.156905E+03  0.752389E+00
 0.349670E-01  0.154473E+03  0.823762E+00
 0.355750E-01  0.152528E+03  0.823080E+00
 0.361840E-01  0.151352E+03  0.811075E+00
 0.367920E-01  0.149383E+03  0.742315E+00
 0.374000E-01  0.148739E+03  0.734723E+00
 0.380080E-01  0.146647E+03  0.722787E+00
 0.386160E-01  0.144718E+03  0.810521E+00
 0.392240E-01  0.144327E+03  0.760237E+00
 0.398320E-01  0.143100E+03  0.775995E+00
 0.404400E-01  0.141073E+03  0.785818E+00
 0.410490E-01  0.139411E+03  0.775138E+00
 0.416570E-01  0.137558E+03  0.668683E+00
 0.422650E-01  0.136208E+03  0.684474E+00
 0.428730E-01  0.135138E+03  0.602523E+00
 0.434810E-01  0.132514E+03  0.677259E+00
 0.440890E-01  0.131546E+03  0.657048E+00
 0.446970E-01  0.129971E+03  0.680550E+00
 0.453050E-01  0.128644E+03  0.706128E+00
 0.459140E-01  0.127332E+03  0.604165E+00
 0.465220E-01  0.125786E+03  0.655678E+00
 0.471300E-01  0.124059E+03  0.556747E+00
 0.477380E-01  0.122501E+03  0.622610E+00
 0.483460E-01  0.121400E+03  0.582649E+00
 0.489540E-01  0.120257E+03  0.623424E+00
 0.495620E-01  0.118119E+03  0.734871E+00
 0.501700E-01  0.117698E+03  0.127903E+01
 0.507790E-01  0.116128E+03  0.708993E+00
 0.513870E-01  0.114574E+03  0.481192E+00
 0.519950E-01  0.113702E+03  0.561101E+00
 0.526030E-01  0.111866E+03  0.614027E+00
 0.532110E-01  0.110052E+03  0.638303E+00
 0.538190E-01  0.108386E+03  0.875803E+00
 0.544270E-01  0.106710E+03  0.600417E+00
 0.550350E-01  0.105136E+03  0.512977E+00
 0.556440E-01  0.103412E+03  0.525524E+00
 0.562520E-01  0.102075E+03  0.508377E+00
 0.568600E-01  0.100963E+03  0.559050E+00
 0.574680E-01  0.997060E+02  0.471696E+00
 0.580760E-01  0.985290E+02  0.508322E+00
 0.586840E-01  0.967690E+02  0.526885E+00
 0.592920E-01  0.957317E+02  0.457570E+00
 0.599000E-01  0.937187E+02  0.511770E+00
 0.605090E-01  0.929708E+02  0.527208E+00
 0.611170E-01  0.914739E+02  0.525366E+00
 0.617250E-01  0.901464E+02  0.531731E+00
 0.623330E-01  0.891486E+02  0.502217E+00
 0.629410E-01  0.874969E+02  0.442755E+00
 0.635490E-01  0.858787E+02  0.515183E+00
 0.641570E-01  0.849158E+02  0.462178E+00
 0.647650E-01  0.833186E+02  0.466925E+00
 0.653740E-01  0.819492E+02  0.457824E+00
 0.659820E-01  0.804352E+02  0.451327E+00
 0.665900E-01  0.799639E+02  0.465503E+00
 0.671980E-01  0.782382E+02  0.470320E+00
 0.678060E-01  0.770489E+02  0.449846E+00
 0.684140E-01  0.758242E+02  0.458459E+00
 0.690220E-01  0.751631E+02  0.443822E+00
 0.696300E-01  0.737580E+02  0.410045E+00
 0.702380E-01  0.719646E+02  0.513237E+00
 0.708470E-01  0.716446E+02  0.286371E+00
 0.714550E-01  0.703650E+02  0.268085E+00
 0.720630E-01  0.691104E+02  0.262440E+00
 0.726710E-01  0.673825E+02  0.261068E+00
 0.732790E-01  0.664750E+02  0.235856E+00
 0.738870E-01  0.650625E+02  0.253933E+00
 0.744950E-01  0.643147E+02  0.278455E+00
 0.751030E-01  0.633491E+02  0.246691E+00
 0.757120E-01  0.621705E+02  0.232385E+00
 0.763200E-01  0.614044E+02  0.245044E+00
 0.769280E-01  0.600590E+02  0.231213E+00
 0.775360E-01  0.590801E+02  0.260669E+00
 0.781440E-01  0.576944E+02  0.233152E+00
 0.787520E-01  0.565843E+02  0.225437E+00
 0.793600E-01  0.558981E+02  0.233408E+00
 0.799680E-01  0.549109E+02  0.241439E+00
 0.805760E-01  0.540880E+02  0.239269E+00
 0.811850E-01  0.532464E+02  0.220586E+00
 0.817930E-01  0.523491E+02  0.228661E+00
 0.824010E-01  0.513336E+02  0.226403E+00
 0.830090E-01  0.501970E+02  0.209400E+00
 0.836170E-01  0.491043E+02  0.213412E+00
 0.842250E-01  0.476875E+02  0.218652E+00
 0.848330E-01  0.468723E+02  0.236888E+00
 0.854410E-01  0.460887E+02  0.239837E+00
 0.860490E-01  0.451008E+02  0.309484E+00
 0.866580E-01  0.444092E+02  0.227312E+00
 0.872660E-01  0.436599E+02  0.209595E+00
 0.878740E-01  0.429199E+02  0.203155E+00
 0.884820E-01  0.421683E+02  0.204804E+00
 0.890900E-01  0.412977E+02  0.198664E+00
 0.896980E-01  0.403798E+02  0.199430E+00
 0.903060E-01  0.394921E+02  0.205469E+00
 0.909140E-01  0.388625E+02  0.204541E+00
 0.915220E-01  0.379368E+02  0.195334E+00
 0.921310E-01  0.370686E+02  0.201223E+00
 0.927390E-01  0.363513E+02  0.191844E+00
 0.933470E-01  0.353856E+02  0.183449E+00
 0.939550E-01  0.348692E+02  0.188589E+00
 0.945630E-01  0.341886E+02  0.190798E+00
 0.951710E-01  0.331575E+02  0.178893E+00
 0.957790E-01  0.324587E+02  0.193671E+00
 0.963870E-01  0.319015E+02  0.193078E+00
 0.969950E-01  0.312964E+02  0.187074E+00
 0.976040E-01  0.304439E+02  0.200971E+00
 0.982120E-01  0.298958E+02  0.186682E+00
 0.988200E-01  0.294690E+02  0.186853E+00
 0.994280E-01  0.285313E+02  0.179314E+00
 0.100036E+00  0.278911E+02  0.184128E+00
 0.100644E+00  0.268513E+02  0.170817E+00
 0.101252E+00  0.264333E+02  0.131717E+00
 0.101860E+00  0.260116E+02  0.125252E+00
 0.102468E+00  0.255117E+02  0.125578E+00
 0.103077E+00  0.248707E+02  0.129793E+00
 0.103685E+00  0.242734E+02  0.122631E+00
 0.104293E+00  0.236071E+02  0.117175E+00
 0.104901E+00  0.230666E+02  0.116162E+00
 0.105509E+00  0.224233E+02  0.117214E+00
 0.106117E+00  0.220023E+02  0.113425E+00
 0.106725E+00  0.213052E+02  0.117387E+00
 0.107333E+00  0.209199E+02  0.108088E+00
 0.107941E+00  0.203829E+02  0.112711E+00
 0.108550E+00  0.198731E+02  0.119278E+00
 0.109158E+00  0.194288E+02  0.140465E+00
 0.109766E+00  0.190558E+02  0.119191E+00
 0.110374E+00  0.183975E+02  0.112904E+00
 0.110982E+00  0.179438E+02  0.113687E+00
 0.111590E+00  0.174467E+02  0.108830E+00
 0.112198E+00  0.169333E+02  0.111974E+00
 0.112806E+00  0.165338E+02  0.111338E+00
 0.113414E+00  0.162005E+02  0.108642E+00
 0.114022E+00  0.158663E+02  0.107021E+00
 0.114631E+00  0.155511E+02  0.109318E+00
 0.115239E+00  0.151644E+02  0.108576E+00
 0.115847E+00  0.146534E+02  0.112316E+00
 0.116455E+00  0.143810E+02  0.108164E+00
 0.117063E+00  0.139354E+02  0.109990E+00
 0.117671E+00  0.135658E+02  0.105309E+00
 0.118279E+00  0.132671E+02  0.109282E+00
 0.118887E+00  0.129639E+02  0.104377E+00
 0.119495E+00  0.124460E+02  0.111803E+00
 0.120103E+00  0.122717E+02  0.138041E+00
 0.120712E+00  0.120132E+02  0.136701E+00
 0.121320E+00  0.116320E+02  0.126788E+00
 0.121928E+00  0.111294E+02  0.128023E+00
 0.122536E+00  0.107977E+02  0.124695E+00
 0.123144E+00  0.104650E+02  0.126415E+00
 0.123752E+00  0.102687E+02  0.125711E+00
 0.124360E+00  0.101531E+02  0.126384E+00
 0.124968E+00  0.978612E+01  0.142212E+00
 0.125576E+00  0.961920E+01  0.176454E+00
 0.126184E+00  0.914269E+01  0.148909E+00
 0.126793E+00  0.900611E+01  0.124928E+00
 0.127401E+00  0.879773E+01  0.124198E+00
 0.128009E+00  0.855089E+01  0.127645E+00
 0.128617E+00  0.816942E+01  0.130448E+00
 0.129225E+00  0.788190E+01  0.123763E+00
 0.129833E+00  0.771409E+01  0.129842E+00
 0.130441E+00  0.755061E+01  0.126109E+00
 0.131049E+00  0.735937E+01  0.119900E+00
 0.131657E+00  0.708010E+01  0.133191E+00
 0.132265E+00  0.691120E+01  0.119438E+00
 0.132873E+00  0.658479E+01  0.120769E+00
 0.133482E+00  0.655084E+01  0.130921E+00
 0.134090E+00  0.626296E+01  0.114610E+00
 0.134698E+00  0.614759E+01  0.113841E+00
 0.135306E+00  0.602455E+01  0.117370E+00
 0.135914E+00  0.589585E+01  0.117306E+00
 0.136522E+00  0.569939E+01  0.123055E+00
 0.137130E+00  0.542074E+01  0.116989E+00
 0.137738E+00  0.532402E+01  0.118678E+00
 0.138346E+00  0.517179E+01  0.123245E+00
 0.138954E+00  0.509211E+01  0.139751E+00
 0.139562E+00  0.502508E+01  0.178402E+00
 0.140171E+00  0.499519E+01  0.133156E+00
 0.140779E+00  0.461353E+01  0.128845E+00
 0.141387E+00  0.455799E+01  0.118593E+00
 0.141995E+00  0.430929E+01  0.117707E+00
 0.142603E+00  0.397271E+01  0.115979E+00
 0.143211E+00  0.406741E+01  0.115219E+00
 0.143819E+00  0.400263E+01  0.121593E+00
 0.144427E+00  0.390973E+01  0.892206E-01
 0.145035E+00  0.369564E+01  0.891187E-01
 0.145643E+00  0.364995E+01  0.921205E-01
 0.146251E+00  0.344759E+01  0.906315E-01
 0.146860E+00  0.333894E+01  0.912716E-01
 0.147468E+00  0.331263E+01  0.893731E-01
 0.148076E+00  0.330581E+01  0.881085E-01
 0.148684E+00  0.327786E+01  0.880854E-01
 0.149292E+00  0.311673E+01  0.846753E-01
 0.149900E+00  0.299251E+01  0.840794E-01
 0.150508E+00  0.282080E+01  0.840505E-01
 0.151116E+00  0.275752E+01  0.845504E-01
 0.151724E+00  0.268586E+01  0.861303E-01
 0.152332E+00  0.259524E+01  0.862983E-01
 0.152940E+00  0.250601E+01  0.826307E-01
 0.153548E+00  0.245971E+01  0.799378E-01
 0.154156E+00  0.230017E+01  0.832696E-01
 0.154765E+00  0.228638E+01  0.833800E-01
 0.155373E+00  0.224855E+01  0.813346E-01
 0.155981E+00  0.229733E+01  0.845786E-01
 0.156589E+00  0.226198E+01  0.822379E-01
 0.157197E+00  0.223436E+01  0.799792E-01
 0.157805E+00  0.227781E+01  0.812587E-01
 0.158413E+00  0.219242E+01  0.836785E-01
 0.159021E+00  0.202988E+01  0.811600E-01
 0.159629E+00  0.208316E+01  0.797236E-01
 0.160237E+00  0.205433E+01  0.814678E-01
 0.160845E+00  0.197751E+01  0.756835E-01
 0.161453E+00  0.193119E+01  0.754841E-01
 0.162061E+00  0.180139E+01  0.723984E-01
 0.162670E+00  0.187811E+01  0.784256E-01
 0.163278E+00  0.183991E+01  0.797227E-01
 0.163886E+00  0.187872E+01  0.831409E-01
 0.164494E+00  0.184676E+01  0.787333E-01
 0.165102E+00  0.170486E+01  0.809509E-01
 0.165710E+00  0.179231E+01  0.817755E-01
 0.166318E+00  0.175868E+01  0.789951E-01
 0.166926E+00  0.164132E+01  0.824858E-01
 0.167534E+00  0.165251E+01  0.833954E-01
 0.168142E+00  0.161527E+01  0.791529E-01
 0.168750E+00  0.164124E+01  0.775720E-01
 0.169358E+00  0.169115E+01  0.761898E-01
 0.169966E+00  0.174561E+01  0.751404E-01
 0.170574E+00  0.156427E+01  0.765223E-01
 0.171183E+00  0.157887E+01  0.816043E-01
 0.171791E+00  0.159113E+01  0.795018E-01
 0.172399E+00  0.164331E+01  0.792106E-01
 0.173007E+00  0.170875E+01  0.853476E-01
 0.173615E+00  0.162820E+01  0.800489E-01
 0.174223E+00  0.155126E+01  0.779223E-01
 0.174831E+00  0.152496E+01  0.756039E-01
 0.175439E+00  0.153991E+01  0.796524E-01
 0.176047E+00  0.149376E+01  0.813866E-01
 0.176655E+00  0.149472E+01  0.852408E-01
 0.177263E+00  0.146962E+01  0.852536E-01
 0.177871E+00  0.139996E+01  0.804352E-01
 0.178479E+00  0.147812E+01  0.796792E-01
 0.179087E+00  0.153628E+01  0.768950E-01
 0.179695E+00  0.159538E+01  0.728649E-01
 0.180304E+00  0.144130E+01  0.717181E-01
 0.180912E+00  0.140137E+01  0.766246E-01
 0.181520E+00  0.141546E+01  0.774408E-01
 0.182128E+00  0.136760E+01  0.748952E-01
 0.182736E+00  0.147374E+01  0.773515E-01
 0.183344E+00  0.140452E+01  0.778830E-01
 0.183952E+00  0.138775E+01  0.772245E-01
 0.184560E+00  0.135380E+01  0.787703E-01
 0.185168E+00  0.132886E+01  0.751108E-01
 0.185776E+00  0.137840E+01  0.750474E-01
 0.186384E+00  0.135186E+01  0.817721E-01
 0.186992E+00  0.130571E+01  0.756798E-01
 0.187600E+00  0.138639E+01  0.720432E-01
 0.188208E+00  0.138241E+01  0.761325E-01
 0.188816E+00  0.138785E+01  0.795817E-01
 0.189424E+00  0.145664E+01  0.719376E-01
 0.190032E+00  0.145148E+01  0.753207E-01
 0.190641E+00  0.140256E+01  0.764709E-01
 0.191249E+00  0.141381E+01  0.745891E-01
 0.191857E+00  0.141672E+01  0.729110E-01
 0.192465E+00  0.138229E+01  0.756794E-01
 0.193073E+00  0.140372E+01  0.733967E-01
 0.193681E+00  0.143447E+01  0.727763E-01
 0.194289E+00  0.143447E+01  0.727892E-01
 0.194897E+00  0.137977E+01  0.709238E-01
 0.195505E+00  0.147633E+01  0.740926E-01
 0.196113E+00  0.150326E+01  0.744819E-01
 0.196721E+00  0.158969E+01  0.739428E-01
 0.197329E+00  0.153640E+01  0.714618E-01
 0.197937E+00  0.146460E+01  0.986340E-01
 0.198545E+00  0.139679E+01  0.175675E+00
 0.199153E+00  0.148564E+01  0.121674E+00
 0.199761E+00  0.146185E+01  0.782786E-01
 0.200369E+00  0.140840E+01  0.723010E-01
 0.200977E+00  0.133034E+01  0.708977E-01
 0.201585E+00  0.137536E+01  0.707969E-01
 0.202193E+00  0.145586E+01  0.722291E-01
 0.202802E+00  0.156639E+01  0.695098E-01
 0.203410E+00  0.152318E+01  0.736929E-01
 0.204018E+00  0.146473E+01  0.758425E-01
 0.204626E+00  0.131885E+01  0.726334E-01
 0.205234E+00  0.139390E+01  0.710120E-01
 0.205842E+00  0.144418E+01  0.704294E-01
 0.206450E+00  0.144890E+01  0.722503E-01
 0.207058E+00  0.136790E+01  0.744500E-01
 0.207666E+00  0.145136E+01  0.710807E-01
 0.208274E+00  0.130145E+01  0.742794E-01
 0.208882E+00  0.133014E+01  0.754071E-01
 0.209490E+00  0.135428E+01  0.702366E-01
 0.210098E+00  0.137755E+01  0.703000E-01
 0.210706E+00  0.136518E+01  0.729711E-01
 0.211314E+00  0.137298E+01  0.707475E-01
 0.211922E+00  0.129910E+01  0.671432E-01
 0.212530E+00  0.141877E+01  0.665583E-01
 0.213138E+00  0.149434E+01  0.669107E-01
 0.213746E+00  0.147137E+01  0.705184E-01
 0.214354E+00  0.147709E+01  0.669123E-01
 0.214962E+00  0.142976E+01  0.689685E-01
 0.215570E+00  0.140784E+01  0.673552E-01
 0.216178E+00  0.150393E+01  0.718956E-01
 0.216786E+00  0.149644E+01  0.696716E-01
 0.217394E+00  0.140983E+01  0.684437E-01
 0.218002E+00  0.145457E+01  0.665118E-01
 0.218610E+00  0.136660E+01  0.710228E-01
 0.219219E+00  0.137167E+01  0.677214E-01
 0.219827E+00  0.132937E+01  0.657828E-01
 0.220435E+00  0.142873E+01  0.651436E-01
 0.221043E+00  0.137091E+01  0.689467E-01
 0.221651E+00  0.139018E+01  0.679277E-01
 0.222259E+00  0.133530E+01  0.656511E-01
 0.222867E+00  0.127036E+01  0.673020E-01
 0.223475E+00  0.124099E+01  0.669879E-01
 0.224083E+00  0.129564E+01  0.669752E-01
 0.224691E+00  0.133712E+01  0.638274E-01
 0.225299E+00  0.136501E+01  0.638234E-01
 0.225907E+00  0.138453E+01  0.643352E-01
 0.226515E+00  0.132980E+01  0.647468E-01
 0.227123E+00  0.124130E+01  0.654685E-01
 0.227731E+00  0.116599E+01  0.666281E-01
 0.228339E+00  0.113595E+01  0.661980E-01
 0.228947E+00  0.118170E+01  0.646428E-01
 0.229555E+00  0.118702E+01  0.662412E-01
 0.230163E+00  0.130364E+01  0.644332E-01
 0.230771E+00  0.132797E+01  0.652526E-01
 0.231379E+00  0.127909E+01  0.631671E-01
 0.231987E+00  0.120969E+01  0.663613E-01
 0.232595E+00  0.114370E+01  0.664964E-01
 0.233203E+00  0.109294E+01  0.690333E-01
 0.233811E+00  0.115268E+01  0.649279E-01
 0.234419E+00  0.106406E+01  0.643603E-01
 0.235027E+00  0.111770E+01  0.619192E-01
 0.235635E+00  0.110827E+01  0.629648E-01
 0.236243E+00  0.112456E+01  0.614207E-01
 0.236851E+00  0.118924E+01  0.656135E-01
 0.237459E+00  0.119441E+01  0.626491E-01
 0.238067E+00  0.122162E+01  0.622514E-01
 0.238675E+00  0.126453E+01  0.649834E-01
 0.239283E+00  0.113464E+01  0.605556E-01
 0.239891E+00  0.113408E+01  0.619916E-01
 0.240499E+00  0.106447E+01  0.606770E-01
 0.241107E+00  0.108286E+01  0.628705E-01
 0.241715E+00  0.103696E+01  0.619659E-01
 0.242323E+00  0.105089E+01  0.654440E-01
 0.242931E+00  0.106868E+01  0.623051E-01
 0.243539E+00  0.116368E+01  0.624344E-01
 0.244147E+00  0.120027E+01  0.636150E-01
 0.244755E+00  0.117358E+01  0.585218E-01
 0.245363E+00  0.108587E+01  0.611500E-01
 0.245971E+00  0.104867E+01  0.623234E-01
 0.246579E+00  0.961750E+00  0.617925E-01
 0.247187E+00  0.933909E+00  0.620873E-01
 0.247795E+00  0.926496E+00  0.619114E-01
 0.248403E+00  0.988283E+00  0.618147E-01
 0.249011E+00  0.999510E+00  0.605641E-01
 0.249619E+00  0.999552E+00  0.621136E-01
 0.250227E+00  0.990829E+00  0.619792E-01
 0.250835E+00  0.101171E+01  0.625668E-01
 0.251443E+00  0.107914E+01  0.617976E-01
 0.252051E+00  0.101288E+01  0.612798E-01
 0.252659E+00  0.101512E+01  0.633723E-01
 0.253267E+00  0.105462E+01  0.628830E-01
 0.253875E+00  0.100293E+01  0.684129E-01
 0.254483E+00  0.993275E+00  0.622563E-01
 0.255091E+00  0.886249E+00  0.611192E-01
 0.255699E+00  0.899934E+00  0.608010E-01
 0.256307E+00  0.851705E+00  0.626522E-01
 0.256915E+00  0.870347E+00  0.632078E-01
 0.257523E+00  0.887799E+00  0.578254E-01
 0.258131E+00  0.965280E+00  0.597146E-01
 0.258739E+00  0.938788E+00  0.612555E-01
 0.259347E+00  0.967358E+00  0.626213E-01
 0.259955E+00  0.932752E+00  0.617905E-01
 0.260563E+00  0.871110E+00  0.604090E-01
 0.261171E+00  0.833773E+00  0.601625E-01
 0.261779E+00  0.915695E+00  0.606451E-01
 0.262387E+00  0.914140E+00  0.584752E-01
 0.262995E+00  0.860152E+00  0.586903E-01
 0.263603E+00  0.882000E+00  0.604005E-01
 0.264211E+00  0.843695E+00  0.595304E-01
 0.264819E+00  0.850406E+00  0.616688E-01
 0.265427E+00  0.819382E+00  0.586781E-01
 0.266035E+00  0.809276E+00  0.587108E-01
 0.266643E+00  0.780601E+00  0.585407E-01
 0.267251E+00  0.866348E+00  0.595888E-01
 0.267859E+00  0.809831E+00  0.569333E-01
 0.268467E+00  0.822845E+00  0.605634E-01
 0.269075E+00  0.826652E+00  0.599565E-01
 0.269683E+00  0.745234E+00  0.594490E-01
 0.270291E+00  0.778842E+00  0.626989E-01
 0.270899E+00  0.761061E+00  0.604603E-01
 0.271507E+00  0.724256E+00  0.562138E-01
 0.272115E+00  0.802681E+00  0.585118E-01
 0.272723E+00  0.820001E+00  0.598143E-01
 0.273331E+00  0.817600E+00  0.581076E-01
 0.273939E+00  0.841292E+00  0.544686E-01
 0.274547E+00  0.791730E+00  0.557407E-01
 0.275155E+00  0.781664E+00  0.581618E-01
 0.275763E+00  0.746328E+00  0.561285E-01
 0.276371E+00  0.731824E+00  0.560704E-01
 0.276979E+00  0.714592E+00  0.551295E-01
 0.277587E+00  0.762585E+00  0.602679E-01
 0.278195E+00  0.848232E+00  0.573936E-01
 0.278803E+00  0.912291E+00  0.596593E-01
 0.279411E+00  0.819750E+00  0.779825E-01
 0.280019E+00  0.874107E+00  0.135735E+00
 0.280626E+00  0.871630E+00  0.757894E-01
 0.281234E+00  0.800922E+00  0.559709E-01
 0.281842E+00  0.744805E+00  0.580330E-01
 0.282450E+00  0.726784E+00  0.545278E-01
 0.283058E+00  0.711993E+00  0.526009E-01
 0.283666E+00  0.769839E+00  0.552982E-01
 0.284274E+00  0.706597E+00  0.588469E-01
 0.284882E+00  0.705546E+00  0.586322E-01
 0.285490E+00  0.707227E+00  0.572708E-01
 0.286098E+00  0.778214E+00  0.542867E-01
 0.286706E+00  0.701115E+00  0.562693E-01
 0.287314E+00  0.663505E+00  0.526887E-01
 0.287922E+00  0.751957E+00  0.523489E-01
 0.288530E+00  0.714863E+00  0.538912E-01
 0.289138E+00  0.757051E+00  0.553882E-01
 0.289746E+00  0.698655E+00  0.536036E-01
 0.290354E+00  0.719190E+00  0.545167E-01
 0.290962E+00  0.671904E+00  0.538939E-01
 0.291570E+00  0.713864E+00  0.531375E-01
 0.292178E+00  0.768876E+00  0.548562E-01
 0.292786E+00  0.671719E+00  0.533412E-01
 0.293394E+00  0.724978E+00  0.547514E-01
 0.294002E+00  0.698435E+00  0.557698E-01
 0.294610E+00  0.759677E+00  0.556897E-01
 0.295217E+00  0.778833E+00  0.515492E-01
 0.295825E+00  0.695243E+00  0.525178E-01
 0.296433E+00  0.719297E+00  0.506640E-01
 0.297041E+00  0.675587E+00  0.528349E-01
 0.297649E+00  0.657143E+00  0.535454E-01
 0.298257E+00  0.682826E+00  0.546385E-01
 0.298865E+00  0.634388E+00  0.523369E-01
 0.299473E+00  0.639753E+00  0.520607E-01
 0.300081E+00  0.657012E+00  0.522556E-01
 0.300689E+00  0.637487E+00  0.523938E-01
 0.301297E+00  0.666524E+00  0.507163E-01
 0.301905E+00  0.619889E+00  0.506781E-01
 0.302513E+00  0.605355E+00  0.510329E-01
 0.303121E+00  0.605559E+00  0.496962E-01
 0.303729E+00  0.617325E+00  0.494474E-01
 0.304337E+00  0.690538E+00  0.500805E-01
 0.304945E+00  0.664844E+00  0.505659E-01
 0.305553E+00  0.666597E+00  0.511568E-01
 0.306160E+00  0.619274E+00  0.511362E-01
 0.306768E+00  0.648020E+00  0.519744E-01
 0.307376E+00  0.620460E+00  0.571292E-01
 0.307984E+00  0.714997E+00  0.517672E-01
 0.308592E+00  0.699693E+00  0.517757E-01
 0.309200E+00  0.679622E+00  0.538665E-01
 0.309808E+00  0.709689E+00  0.515120E-01
 0.310416E+00  0.693949E+00  0.503775E-01
 0.311024E+00  0.658410E+00  0.513818E-01
 0.311632E+00  0.640214E+00  0.513073E-01
 0.312240E+00  0.729458E+00  0.530039E-01
 0.312848E+00  0.691197E+00  0.567163E-01
 0.313456E+00  0.748917E+00  0.561174E-01
 0.314064E+00  0.655741E+00  0.536225E-01
 0.314671E+00  0.675705E+00  0.577278E-01
 0.315279E+00  0.687501E+00  0.563125E-01
 0.315887E+00  0.636493E+00  0.602535E-01
 0.316495E+00  0.642398E+00  0.626926E-01
 0.317103E+00  0.613204E+00  0.608993E-01
 0.317711E+00  0.705582E+00  0.657203E-01
 0.318319E+00  0.667782E+00  0.729924E-01
 0.318927E+00  0.629750E+00  0.940808E-01
 0.319535E+00  0.676341E+00  0.734430E-01
 0.320143E+00  0.685933E+00  0.761187E-01
 0.320751E+00  0.647001E+00  0.715778E-01
 0.321359E+00  0.668829E+00  0.721786E-01
 0.321967E+00  0.672270E+00  0.775298E-01
 0.322574E+00  0.663172E+00  0.754987E-01
 0.323182E+00  0.606024E+00  0.826570E-01
 0.323790E+00  0.624185E+00  0.825992E-01
 0.324398E+00  0.676133E+00  0.853440E-01
 0.325006E+00  0.718846E+00  0.892807E-01
 0.325614E+00  0.648819E+00  0.935769E-01
 0.326222E+00  0.736090E+00  0.105780E+00
 0.326830E+00  0.810406E+00  0.114716E+00
 0.327438E+00  0.704173E+00  0.158492E+00
