YRN_mode  Dro:0.018  Ra:1.780  RGE:21.06  RGT:20.83  Vol: 36541.  Chi^2: 1.000
  0.000000E+00  0.230639E-02  0.270263E-01
  0.200000E-02  0.230639E-02  0.270103E-01
  0.400000E-02  0.230639E-02  0.269629E-01
  0.600000E-02  0.230639E-02  0.268842E-01
  0.800000E-02  0.230639E-02  0.267747E-01
  0.100000E-01  0.230639E-02  0.266345E-01
  0.120000E-01  0.230639E-02  0.264643E-01
  0.140000E-01  0.230639E-02  0.262646E-01
  0.160000E-01  0.230639E-02  0.260360E-01
  0.180000E-01  0.230639E-02  0.257795E-01
  0.200000E-01  0.230639E-02  0.254958E-01
  0.220000E-01  0.230639E-02  0.251860E-01
  0.240000E-01  0.230639E-02  0.248510E-01
  0.260000E-01  0.230639E-02  0.244922E-01
  0.280000E-01  0.230639E-02  0.241107E-01
  0.300000E-01  0.230639E-02  0.237078E-01
  0.320000E-01  0.230639E-02  0.232849E-01
  0.340000E-01  0.230639E-02  0.228432E-01
  0.344640E-01  0.230639E-01  0.227383E-01
  0.349710E-01  0.228559E-01  0.226225E-01
  0.354780E-01  0.227519E-01  0.225057E-01
  0.359850E-01  0.226709E-01  0.223879E-01
  0.364920E-01  0.224879E-01  0.222690E-01
  0.369990E-01  0.223709E-01  0.221491E-01
  0.375050E-01  0.222289E-01  0.220286E-01
  0.380120E-01  0.221019E-01  0.219068E-01
  0.385190E-01  0.220029E-01  0.217841E-01
  0.390260E-01  0.217949E-01  0.216605E-01
  0.395330E-01  0.217019E-01  0.215361E-01
  0.400390E-01  0.215949E-01  0.214110E-01
  0.405460E-01  0.215469E-01  0.212849E-01
  0.410530E-01  0.213019E-01  0.211579E-01
  0.415600E-01  0.210679E-01  0.210302E-01
  0.420670E-01  0.208189E-01  0.209018E-01
  0.425730E-01  0.207299E-01  0.207729E-01
  0.430800E-01  0.207079E-01  0.206430E-01
  0.435870E-01  0.206009E-01  0.205124E-01
  0.440940E-01  0.204289E-01  0.203812E-01
  0.446010E-01  0.203679E-01  0.202494E-01
  0.451080E-01  0.201899E-01  0.201170E-01
  0.456140E-01  0.200209E-01  0.199843E-01
  0.461210E-01  0.199569E-01  0.198507E-01
  0.466280E-01  0.198379E-01  0.197166E-01
  0.471350E-01  0.196809E-01  0.195820E-01
  0.476420E-01  0.195569E-01  0.194470E-01
  0.481480E-01  0.193569E-01  0.193117E-01
  0.486550E-01  0.190919E-01  0.191757E-01
  0.491620E-01  0.190139E-01  0.190394E-01
  0.496690E-01  0.189169E-01  0.189026E-01
  0.501760E-01  0.187449E-01  0.187655E-01
  0.506820E-01  0.187039E-01  0.186284E-01
  0.511890E-01  0.185339E-01  0.184906E-01
  0.516960E-01  0.183499E-01  0.183526E-01
  0.522030E-01  0.181199E-01  0.182143E-01
  0.527090E-01  0.179589E-01  0.180760E-01
  0.532160E-01  0.179759E-01  0.179372E-01
  0.537230E-01  0.178349E-01  0.177983E-01
  0.542300E-01  0.176639E-01  0.176591E-01
  0.547370E-01  0.175059E-01  0.175199E-01
  0.552430E-01  0.172629E-01  0.173807E-01
  0.557500E-01  0.172369E-01  0.172412E-01
  0.562570E-01  0.171729E-01  0.171016E-01
  0.567640E-01  0.170229E-01  0.169620E-01
  0.572710E-01  0.168089E-01  0.168223E-01
  0.577770E-01  0.166029E-01  0.166829E-01
  0.582840E-01  0.165869E-01  0.165432E-01
  0.587910E-01  0.164399E-01  0.164035E-01
  0.592980E-01  0.162219E-01  0.162639E-01
  0.598050E-01  0.159039E-01  0.161243E-01
  0.603110E-01  0.158929E-01  0.159851E-01
  0.608180E-01  0.157809E-01  0.158458E-01
  0.613250E-01  0.156329E-01  0.157066E-01
  0.618320E-01  0.154519E-01  0.155675E-01
  0.623380E-01  0.153439E-01  0.154289E-01
  0.628450E-01  0.151469E-01  0.152902E-01
  0.633520E-01  0.150529E-01  0.151516E-01
  0.638590E-01  0.149399E-01  0.150134E-01
  0.643660E-01  0.148079E-01  0.148754E-01
  0.648720E-01  0.146399E-01  0.147379E-01
  0.653790E-01  0.144649E-01  0.146004E-01
  0.658860E-01  0.143159E-01  0.144632E-01
  0.663930E-01  0.142569E-01  0.143264E-01
  0.668990E-01  0.141169E-01  0.141902E-01
  0.674060E-01  0.138939E-01  0.140540E-01
  0.679130E-01  0.137389E-01  0.139182E-01
  0.684200E-01  0.136249E-01  0.137828E-01
  0.689260E-01  0.135089E-01  0.136481E-01
  0.694330E-01  0.134059E-01  0.135136E-01
  0.699400E-01  0.132929E-01  0.133795E-01
  0.704470E-01  0.131559E-01  0.132458E-01
  0.709530E-01  0.129649E-01  0.131129E-01
  0.714600E-01  0.128629E-01  0.129802E-01
  0.719670E-01  0.127609E-01  0.128480E-01
  0.724740E-01  0.126369E-01  0.127163E-01
  0.729800E-01  0.124889E-01  0.125854E-01
  0.734870E-01  0.123629E-01  0.124548E-01
  0.739940E-01  0.123039E-01  0.123247E-01
  0.745010E-01  0.121389E-01  0.121952E-01
  0.750070E-01  0.119159E-01  0.120666E-01
  0.755140E-01  0.117459E-01  0.119383E-01
  0.760210E-01  0.116659E-01  0.118106E-01
  0.765280E-01  0.115599E-01  0.116835E-01
  0.770340E-01  0.114029E-01  0.115573E-01
  0.775410E-01  0.113869E-01  0.114315E-01
  0.780480E-01  0.112439E-01  0.113064E-01
  0.785550E-01  0.110989E-01  0.111819E-01
  0.790610E-01  0.109619E-01  0.110584E-01
  0.795680E-01  0.108759E-01  0.109353E-01
  0.800750E-01  0.107869E-01  0.108129E-01
  0.805820E-01  0.106859E-01  0.106913E-01
  0.810880E-01  0.106169E-01  0.105705E-01
  0.815950E-01  0.103769E-01  0.104503E-01
  0.821020E-01  0.102309E-01  0.103308E-01
  0.826090E-01  0.101429E-01  0.102121E-01
  0.831150E-01  0.100250E-01  0.100943E-01
  0.836220E-01  0.987120E-02  0.997708E-02
  0.841290E-01  0.976480E-02  0.986063E-02
  0.846360E-01  0.970580E-02  0.974496E-02
  0.851420E-01  0.957850E-02  0.963030E-02
  0.856490E-01  0.946400E-02  0.951622E-02
  0.861560E-01  0.938890E-02  0.940293E-02
  0.866620E-01  0.929640E-02  0.929068E-02
  0.871690E-01  0.916780E-02  0.917902E-02
  0.876760E-01  0.902980E-02  0.906818E-02
  0.881830E-01  0.895150E-02  0.895816E-02
  0.886890E-01  0.891720E-02  0.884920E-02
  0.891960E-01  0.877060E-02  0.874085E-02
  0.897030E-01  0.860440E-02  0.863334E-02
  0.902090E-01  0.845980E-02  0.852689E-02
  0.907160E-01  0.845810E-02  0.842108E-02
  0.912230E-01  0.837650E-02  0.831612E-02
  0.917300E-01  0.824530E-02  0.821202E-02
  0.922360E-01  0.806260E-02  0.810898E-02
  0.927430E-01  0.803390E-02  0.800661E-02
  0.932500E-01  0.790820E-02  0.790510E-02
  0.937560E-01  0.778120E-02  0.780466E-02
  0.942630E-01  0.767710E-02  0.770490E-02
  0.947700E-01  0.761540E-02  0.760602E-02
  0.952760E-01  0.759930E-02  0.750821E-02
  0.957830E-01  0.746720E-02  0.741108E-02
  0.962900E-01  0.731660E-02  0.731484E-02
  0.967970E-01  0.720630E-02  0.721948E-02
  0.973030E-01  0.717060E-02  0.712519E-02
  0.978100E-01  0.708020E-02  0.703160E-02
  0.983170E-01  0.695110E-02  0.693890E-02
  0.988230E-01  0.686570E-02  0.684726E-02
  0.993300E-01  0.679560E-02  0.675632E-02
  0.998370E-01  0.670610E-02  0.666628E-02
  0.100340E+00  0.661290E-02  0.657781E-02
  0.100850E+00  0.655850E-02  0.648901E-02
  0.101360E+00  0.644020E-02  0.640110E-02
  0.101860E+00  0.631580E-02  0.631578E-02
  0.102370E+00  0.624100E-02  0.622964E-02
  0.102880E+00  0.616380E-02  0.614440E-02
  0.103380E+00  0.611010E-02  0.606169E-02
  0.103890E+00  0.602370E-02  0.597821E-02
  0.104400E+00  0.593190E-02  0.589562E-02
  0.104900E+00  0.586500E-02  0.581550E-02
  0.105410E+00  0.576510E-02  0.573466E-02
  0.105920E+00  0.570560E-02  0.565471E-02
  0.106420E+00  0.558160E-02  0.557717E-02
  0.106930E+00  0.551530E-02  0.549895E-02
  0.107440E+00  0.540840E-02  0.542161E-02
  0.107940E+00  0.538940E-02  0.534663E-02
  0.108450E+00  0.537340E-02  0.527100E-02
  0.108960E+00  0.529520E-02  0.519624E-02
  0.109460E+00  0.517880E-02  0.512379E-02
  0.109970E+00  0.505640E-02  0.505073E-02
  0.110480E+00  0.503920E-02  0.497852E-02
  0.110980E+00  0.497630E-02  0.490855E-02
  0.111490E+00  0.486300E-02  0.483802E-02
  0.112000E+00  0.478880E-02  0.476833E-02
  0.112500E+00  0.471450E-02  0.470082E-02
  0.113010E+00  0.465540E-02  0.463278E-02
  0.113520E+00  0.466090E-02  0.456557E-02
  0.114020E+00  0.456680E-02  0.450048E-02
  0.114530E+00  0.451030E-02  0.443489E-02
  0.115040E+00  0.445670E-02  0.437013E-02
  0.115540E+00  0.435570E-02  0.430741E-02
  0.116050E+00  0.426000E-02  0.424424E-02
  0.116560E+00  0.420720E-02  0.418186E-02
  0.117060E+00  0.417850E-02  0.412148E-02
  0.117570E+00  0.413980E-02  0.406067E-02
  0.118080E+00  0.407280E-02  0.400064E-02
  0.118580E+00  0.395720E-02  0.394254E-02
  0.119090E+00  0.394220E-02  0.388405E-02
  0.119600E+00  0.393230E-02  0.382632E-02
  0.120100E+00  0.378980E-02  0.377045E-02
  0.120610E+00  0.372560E-02  0.371422E-02
  0.121120E+00  0.367020E-02  0.365873E-02
  0.121620E+00  0.363820E-02  0.360505E-02
  0.122130E+00  0.371750E-02  0.355103E-02
  0.122640E+00  0.363100E-02  0.349773E-02
  0.123140E+00  0.350620E-02  0.344618E-02
  0.123650E+00  0.339260E-02  0.339431E-02
  0.124160E+00  0.336330E-02  0.334315E-02
  0.124660E+00  0.331460E-02  0.329368E-02
  0.125170E+00  0.320860E-02  0.324390E-02
  0.125680E+00  0.318440E-02  0.319482E-02
  0.126180E+00  0.322980E-02  0.314737E-02
  0.126690E+00  0.316420E-02  0.309964E-02
  0.127200E+00  0.309050E-02  0.305258E-02
  0.127700E+00  0.299540E-02  0.300709E-02
  0.128210E+00  0.292460E-02  0.296134E-02
  0.128710E+00  0.294070E-02  0.291712E-02
  0.129220E+00  0.291890E-02  0.287265E-02
  0.129730E+00  0.284580E-02  0.282883E-02
  0.130230E+00  0.282600E-02  0.278648E-02
  0.130740E+00  0.278830E-02  0.274390E-02
  0.131250E+00  0.279660E-02  0.270194E-02
  0.131750E+00  0.271260E-02  0.266139E-02
  0.132260E+00  0.265840E-02  0.262064E-02
  0.132770E+00  0.264370E-02  0.258048E-02
  0.133270E+00  0.261110E-02  0.254168E-02
  0.133780E+00  0.254660E-02  0.250269E-02
  0.134290E+00  0.250110E-02  0.246427E-02
  0.134790E+00  0.247620E-02  0.242717E-02
  0.135300E+00  0.238960E-02  0.238988E-02
  0.135810E+00  0.234940E-02  0.235315E-02
  0.136310E+00  0.236820E-02  0.231767E-02
  0.136820E+00  0.231440E-02  0.228202E-02
  0.137330E+00  0.229920E-02  0.224691E-02
  0.137830E+00  0.225950E-02  0.221301E-02
  0.138340E+00  0.222470E-02  0.217895E-02
  0.138850E+00  0.213280E-02  0.214541E-02
  0.139350E+00  0.206800E-02  0.211302E-02
  0.139860E+00  0.210800E-02  0.208048E-02
  0.140370E+00  0.209330E-02  0.204845E-02
  0.140870E+00  0.201380E-02  0.201752E-02
  0.141380E+00  0.195290E-02  0.198645E-02
  0.141890E+00  0.194870E-02  0.195587E-02
  0.142390E+00  0.194540E-02  0.192634E-02
  0.142900E+00  0.190620E-02  0.189668E-02
  0.143400E+00  0.183070E-02  0.186806E-02
  0.143910E+00  0.182060E-02  0.183931E-02
  0.144420E+00  0.175780E-02  0.181100E-02
  0.144920E+00  0.175820E-02  0.178368E-02
  0.145430E+00  0.175840E-02  0.175625E-02
  0.145940E+00  0.174460E-02  0.172924E-02
  0.146440E+00  0.168800E-02  0.170318E-02
  0.146950E+00  0.169750E-02  0.167701E-02
  0.147460E+00  0.165260E-02  0.165125E-02
  0.147960E+00  0.159050E-02  0.162638E-02
  0.148470E+00  0.153580E-02  0.160142E-02
  0.148980E+00  0.156150E-02  0.157685E-02
  0.149480E+00  0.152770E-02  0.155314E-02
  0.149990E+00  0.151220E-02  0.152933E-02
  0.150500E+00  0.152090E-02  0.150591E-02
  0.151000E+00  0.145260E-02  0.148330E-02
  0.151510E+00  0.143720E-02  0.146060E-02
  0.152020E+00  0.144630E-02  0.143826E-02
  0.152520E+00  0.142520E-02  0.141671E-02
  0.153030E+00  0.140800E-02  0.139507E-02
  0.153530E+00  0.132500E-02  0.137418E-02
  0.154040E+00  0.132240E-02  0.135322E-02
  0.154550E+00  0.133470E-02  0.133259E-02
  0.155050E+00  0.136200E-02  0.131268E-02
  0.155560E+00  0.137860E-02  0.129269E-02
  0.156070E+00  0.126670E-02  0.127302E-02
  0.156570E+00  0.121030E-02  0.125404E-02
  0.157080E+00  0.116840E-02  0.123498E-02
  0.157590E+00  0.118350E-02  0.121623E-02
  0.158090E+00  0.120080E-02  0.119813E-02
  0.158600E+00  0.116210E-02  0.117997E-02
  0.159110E+00  0.115120E-02  0.116209E-02
  0.159610E+00  0.113850E-02  0.114484E-02
  0.160120E+00  0.115300E-02  0.112752E-02
  0.160630E+00  0.114060E-02  0.111048E-02
  0.161130E+00  0.111200E-02  0.109404E-02
  0.161640E+00  0.110240E-02  0.107753E-02
  0.162140E+00  0.110850E-02  0.106159E-02
  0.162650E+00  0.104710E-02  0.104560E-02
  0.163160E+00  0.986046E-03  0.102986E-02
  0.163660E+00  0.992326E-03  0.101467E-02
  0.164170E+00  0.987126E-03  0.999414E-03
  0.164680E+00  0.100143E-02  0.984404E-03
  0.165180E+00  0.933316E-03  0.969918E-03
  0.165690E+00  0.906846E-03  0.955373E-03
  0.166200E+00  0.893166E-03  0.941057E-03
  0.166700E+00  0.853416E-03  0.927241E-03
  0.167210E+00  0.838096E-03  0.913369E-03
  0.167710E+00  0.853396E-03  0.899981E-03
  0.168220E+00  0.869116E-03  0.886537E-03
  0.168730E+00  0.847176E-03  0.873305E-03
  0.169230E+00  0.881606E-03  0.860533E-03
  0.169740E+00  0.842936E-03  0.847709E-03
  0.170250E+00  0.824146E-03  0.835086E-03
  0.170750E+00  0.838326E-03  0.822902E-03
  0.171260E+00  0.812816E-03  0.810666E-03
  0.171770E+00  0.787506E-03  0.798622E-03
  0.172270E+00  0.797486E-03  0.786997E-03
  0.172780E+00  0.733266E-03  0.775322E-03
  0.173290E+00  0.718366E-03  0.763829E-03
  0.173790E+00  0.726176E-03  0.752735E-03
  0.174300E+00  0.780746E-03  0.741593E-03
  0.174800E+00  0.776466E-03  0.730837E-03
  0.175310E+00  0.783996E-03  0.720035E-03
  0.175820E+00  0.708416E-03  0.709400E-03
  0.176320E+00  0.741816E-03  0.699133E-03
  0.176830E+00  0.668356E-03  0.688822E-03
  0.177340E+00  0.629736E-03  0.678669E-03
  0.177840E+00  0.645966E-03  0.668868E-03
  0.178350E+00  0.640606E-03  0.659023E-03
  0.178860E+00  0.600206E-03  0.649330E-03
  0.179360E+00  0.585026E-03  0.639972E-03
  0.179870E+00  0.618946E-03  0.630571E-03
  0.180370E+00  0.661716E-03  0.621495E-03
  0.180880E+00  0.634686E-03  0.612379E-03
  0.181390E+00  0.548146E-03  0.603402E-03
  0.181890E+00  0.556406E-03  0.594735E-03
  0.182400E+00  0.590716E-03  0.586028E-03
  0.182910E+00  0.508636E-03  0.577456E-03
  0.183410E+00  0.508646E-03  0.569179E-03
  0.183920E+00  0.498466E-03  0.560865E-03
  0.184420E+00  0.474046E-03  0.552838E-03
  0.184930E+00  0.486956E-03  0.544775E-03
  0.185440E+00  0.499126E-03  0.536836E-03
  0.185940E+00  0.487846E-03  0.529170E-03
  0.186450E+00  0.503076E-03  0.521470E-03
  0.186960E+00  0.493046E-03  0.513889E-03
  0.187460E+00  0.490526E-03  0.506568E-03
  0.187970E+00  0.511246E-03  0.499215E-03
  0.188480E+00  0.527846E-03  0.491975E-03
  0.188980E+00  0.483016E-03  0.484985E-03
  0.189490E+00  0.457936E-03  0.477963E-03
  0.189990E+00  0.471296E-03  0.471183E-03
  0.190500E+00  0.423266E-03  0.464373E-03
  0.191010E+00  0.439226E-03  0.457667E-03
  0.191510E+00  0.407506E-03  0.451194E-03
  0.192020E+00  0.472836E-03  0.444692E-03
  0.192530E+00  0.486416E-03  0.438290E-03
  0.193030E+00  0.469266E-03  0.432111E-03
  0.193540E+00  0.426036E-03  0.425906E-03
  0.194040E+00  0.373616E-03  0.419916E-03
  0.194550E+00  0.367766E-03  0.413901E-03
  0.195060E+00  0.386356E-03  0.407981E-03
  0.195560E+00  0.403326E-03  0.402267E-03
  0.196070E+00  0.384906E-03  0.396530E-03
  0.196580E+00  0.390156E-03  0.390883E-03
  0.197080E+00  0.397946E-03  0.385435E-03
  0.197590E+00  0.356666E-03  0.379964E-03
  0.198090E+00  0.371746E-03  0.374685E-03
  0.198600E+00  0.391746E-03  0.369386E-03
  0.199110E+00  0.348046E-03  0.364171E-03
  0.199610E+00  0.338886E-03  0.359139E-03
  0.200120E+00  0.338916E-03  0.354088E-03
  0.200630E+00  0.324056E-03  0.349119E-03
  0.201130E+00  0.354716E-03  0.344325E-03
  0.201640E+00  0.363966E-03  0.339514E-03
  0.202140E+00  0.384836E-03  0.334874E-03
  0.202650E+00  0.364596E-03  0.330218E-03
  0.203160E+00  0.356836E-03  0.325640E-03
  0.203660E+00  0.302646E-03  0.321225E-03
  0.204170E+00  0.267666E-03  0.316797E-03
  0.204670E+00  0.305256E-03  0.312529E-03
  0.205180E+00  0.349156E-03  0.308248E-03
  0.205690E+00  0.360196E-03  0.304040E-03
  0.206190E+00  0.319836E-03  0.299985E-03
  0.206700E+00  0.267056E-03  0.295919E-03
  0.207210E+00  0.281396E-03  0.291924E-03
  0.207710E+00  0.226506E-03  0.288075E-03
  0.208220E+00  0.221626E-03  0.284217E-03
  0.208720E+00  0.258356E-03  0.280501E-03
  0.209230E+00  0.267856E-03  0.276777E-03
  0.209740E+00  0.286946E-03  0.273119E-03
  0.210240E+00  0.290616E-03  0.269596E-03
  0.210750E+00  0.265636E-03  0.266068E-03
  0.211260E+00  0.259376E-03  0.262603E-03
  0.211760E+00  0.291266E-03  0.259269E-03
  0.212270E+00  0.259506E-03  0.255930E-03
  0.212770E+00  0.272306E-03  0.252717E-03
  0.213280E+00  0.250416E-03  0.249501E-03
  0.213790E+00  0.205176E-03  0.246346E-03
  0.214290E+00  0.244516E-03  0.243313E-03
  0.214800E+00  0.278616E-03  0.240278E-03
  0.215300E+00  0.257366E-03  0.237360E-03
  0.215810E+00  0.241396E-03  0.234442E-03
  0.216320E+00  0.208846E-03  0.231583E-03
  0.216820E+00  0.266006E-03  0.228835E-03
  0.217330E+00  0.285046E-03  0.226089E-03
  0.217830E+00  0.235926E-03  0.223452E-03
  0.218340E+00  0.201626E-03  0.220816E-03
  0.218850E+00  0.216946E-03  0.218237E-03
  0.219350E+00  0.241156E-03  0.215760E-03
  0.219860E+00  0.227206E-03  0.213288E-03
  0.220370E+00  0.223856E-03  0.210869E-03
  0.220870E+00  0.257146E-03  0.208549E-03
  0.221380E+00  0.261486E-03  0.206234E-03
  0.221880E+00  0.261086E-03  0.204014E-03
  0.222390E+00  0.243966E-03  0.201801E-03
  0.222900E+00  0.244646E-03  0.199638E-03
  0.223400E+00  0.207646E-03  0.197566E-03
  0.223910E+00  0.177996E-03  0.195502E-03
  0.224410E+00  0.199886E-03  0.193526E-03
  0.224920E+00  0.251686E-03  0.191558E-03
  0.225430E+00  0.280996E-03  0.189638E-03
  0.225930E+00  0.283956E-03  0.187802E-03
  0.226440E+00  0.245036E-03  0.185975E-03
  0.226940E+00  0.219656E-03  0.184229E-03
  0.227450E+00  0.187226E-03  0.182494E-03
  0.227960E+00  0.126268E-03  0.180804E-03
  0.228460E+00  0.180576E-03  0.179191E-03
  0.228970E+00  0.238806E-03  0.177590E-03
  0.229470E+00  0.205536E-03  0.176064E-03
  0.229980E+00  0.142526E-03  0.174550E-03
  0.230490E+00  0.143106E-03  0.173079E-03
  0.230990E+00  0.146176E-03  0.171678E-03
  0.231500E+00  0.182326E-03  0.170292E-03
  0.232000E+00  0.197026E-03  0.168972E-03
  0.232510E+00  0.174776E-03  0.167667E-03
  0.233020E+00  0.138156E-03  0.166401E-03
  0.233520E+00  0.119859E-03  0.165199E-03
  0.234030E+00  0.168036E-03  0.164012E-03
  0.234530E+00  0.178036E-03  0.162885E-03
  0.235040E+00  0.187016E-03  0.161773E-03
  0.235550E+00  0.153736E-03  0.160698E-03
  0.236050E+00  0.937935E-04  0.159681E-03
  0.236560E+00  0.129578E-03  0.158679E-03
  0.237060E+00  0.118147E-03  0.157733E-03
  0.237570E+00  0.124867E-03  0.156802E-03
  0.238080E+00  0.132596E-03  0.155907E-03
  0.238580E+00  0.162026E-03  0.155064E-03
  0.239090E+00  0.170006E-03  0.154237E-03
  0.239590E+00  0.160546E-03  0.153461E-03
  0.240100E+00  0.147526E-03  0.152702E-03
  0.240610E+00  0.171956E-03  0.151977E-03
  0.241110E+00  0.194426E-03  0.151298E-03
  0.241620E+00  0.172256E-03  0.150637E-03
  0.242120E+00  0.209656E-03  0.150020E-03
  0.242630E+00  0.186406E-03  0.149422E-03
  0.243140E+00  0.139656E-03  0.148854E-03
  0.243640E+00  0.199816E-03  0.148326E-03
  0.244150E+00  0.201796E-03  0.147816E-03
  0.244650E+00  0.172476E-03  0.147345E-03
  0.245160E+00  0.156846E-03  0.146892E-03
  0.245670E+00  0.133596E-03  0.146468E-03
  0.246170E+00  0.184616E-03  0.146078E-03
  0.246680E+00  0.226766E-03  0.145707E-03
  0.247180E+00  0.210746E-03  0.145370E-03
  0.247690E+00  0.200266E-03  0.145052E-03
  0.248190E+00  0.176226E-03  0.144765E-03
  0.248700E+00  0.163606E-03  0.144497E-03
  0.249210E+00  0.166626E-03  0.144255E-03
  0.249710E+00  0.141636E-03  0.144041E-03
  0.250220E+00  0.143856E-03  0.143847E-03
  0.250720E+00  0.155386E-03  0.143681E-03
  0.251230E+00  0.132296E-03  0.143534E-03
  0.251740E+00  0.150846E-03  0.143411E-03
  0.252240E+00  0.119447E-03  0.143311E-03
  0.252750E+00  0.116511E-03  0.143232E-03
  0.253250E+00  0.141626E-03  0.143175E-03
  0.253760E+00  0.994655E-04  0.143137E-03
  0.254270E+00  0.716065E-04  0.143120E-03
  0.254770E+00  0.113665E-03  0.143124E-03
  0.255280E+00  0.142186E-03  0.143146E-03
  0.255780E+00  0.150596E-03  0.143187E-03
  0.256290E+00  0.152056E-03  0.143247E-03
  0.256790E+00  0.185806E-03  0.143324E-03
  0.257300E+00  0.203836E-03  0.143421E-03
  0.257810E+00  0.174116E-03  0.143534E-03
  0.258310E+00  0.160336E-03  0.143663E-03
  0.258820E+00  0.124173E-03  0.143810E-03
  0.259320E+00  0.122420E-03  0.143971E-03
  0.259830E+00  0.123210E-03  0.144150E-03
  0.260330E+00  0.130906E-03  0.144341E-03
  0.260840E+00  0.130863E-03  0.144551E-03
  0.261350E+00  0.152496E-03  0.144776E-03
  0.261850E+00  0.150306E-03  0.145011E-03
  0.262360E+00  0.147976E-03  0.145264E-03
  0.262860E+00  0.182156E-03  0.145526E-03
  0.263370E+00  0.178776E-03  0.145806E-03
  0.263880E+00  0.170476E-03  0.146099E-03
  0.264380E+00  0.150316E-03  0.146399E-03
  0.264890E+00  0.148366E-03  0.146717E-03
  0.265390E+00  0.146956E-03  0.147040E-03
  0.265900E+00  0.161096E-03  0.147381E-03
  0.266400E+00  0.160476E-03  0.147727E-03
  0.266910E+00  0.161126E-03  0.148090E-03
  0.267420E+00  0.147836E-03  0.148464E-03
  0.267920E+00  0.144896E-03  0.148841E-03
  0.268430E+00  0.126675E-03  0.149234E-03
  0.268930E+00  0.988205E-04  0.149630E-03
  0.269440E+00  0.875905E-04  0.150042E-03
  0.269940E+00  0.884955E-04  0.150454E-03
  0.270450E+00  0.921735E-04  0.150883E-03
  0.270960E+00  0.143236E-03  0.151320E-03
  0.271460E+00  0.148096E-03  0.151756E-03
  0.271970E+00  0.143056E-03  0.152208E-03
  0.272470E+00  0.175806E-03  0.152658E-03
  0.272980E+00  0.210246E-03  0.153125E-03
  0.273480E+00  0.172546E-03  0.153589E-03
  0.273990E+00  0.194176E-03  0.154068E-03
  0.274500E+00  0.140496E-03  0.154554E-03
  0.275000E+00  0.867175E-04  0.155036E-03
  0.275510E+00  0.116071E-03  0.155534E-03
  0.276010E+00  0.183296E-03  0.156027E-03
  0.276520E+00  0.193856E-03  0.156534E-03
  0.277020E+00  0.163736E-03  0.157037E-03
  0.277530E+00  0.147936E-03  0.157555E-03
  0.278030E+00  0.155226E-03  0.158066E-03
  0.278540E+00  0.163386E-03  0.158592E-03
  0.279050E+00  0.130211E-03  0.159121E-03
  0.279550E+00  0.120886E-03  0.159643E-03
  0.280060E+00  0.158676E-03  0.160179E-03
  0.280560E+00  0.150396E-03  0.160707E-03
  0.281070E+00  0.118502E-03  0.161248E-03
  0.281570E+00  0.993555E-04  0.161781E-03
  0.282080E+00  0.110645E-03  0.162327E-03
  0.282590E+00  0.132826E-03  0.162875E-03
  0.283090E+00  0.107746E-03  0.163414E-03
  0.283600E+00  0.123689E-03  0.163966E-03
  0.284100E+00  0.124460E-03  0.164509E-03
  0.284610E+00  0.122409E-03  0.165064E-03
  0.285110E+00  0.132736E-03  0.165609E-03
  0.285620E+00  0.121629E-03  0.166166E-03
  0.286120E+00  0.133606E-03  0.166713E-03
  0.286630E+00  0.172496E-03  0.167272E-03
  0.287140E+00  0.181956E-03  0.167831E-03
  0.287640E+00  0.195946E-03  0.168379E-03
  0.288150E+00  0.193016E-03  0.168939E-03
  0.288650E+00  0.163216E-03  0.169487E-03
  0.289160E+00  0.199116E-03  0.170046E-03
  0.289660E+00  0.154756E-03  0.170594E-03
  0.290170E+00  0.128589E-03  0.171151E-03
  0.290670E+00  0.158796E-03  0.171697E-03
  0.291180E+00  0.159966E-03  0.172253E-03
  0.291690E+00  0.158086E-03  0.172808E-03
  0.292190E+00  0.149616E-03  0.173350E-03
  0.292700E+00  0.166166E-03  0.173903E-03
  0.293200E+00  0.211806E-03  0.174442E-03
  0.293710E+00  0.208046E-03  0.174992E-03
  0.294210E+00  0.163516E-03  0.175528E-03
  0.294720E+00  0.196946E-03  0.176074E-03
  0.295220E+00  0.151936E-03  0.176607E-03
  0.295730E+00  0.934955E-04  0.177149E-03
  0.296240E+00  0.131166E-03  0.177688E-03
  0.296740E+00  0.111315E-03  0.178215E-03
  0.297250E+00  0.105658E-03  0.178750E-03
  0.297750E+00  0.132306E-03  0.179271E-03
  0.298260E+00  0.153386E-03  0.179801E-03
  0.298760E+00  0.204566E-03  0.180318E-03
  0.299270E+00  0.175746E-03  0.180842E-03
  0.299770E+00  0.122367E-03  0.181352E-03
  0.300280E+00  0.142466E-03  0.181870E-03
  0.300780E+00  0.137656E-03  0.182375E-03
  0.301290E+00  0.164866E-03  0.182886E-03
  0.301800E+00  0.142096E-03  0.183394E-03
  0.302300E+00  0.154436E-03  0.183889E-03
  0.302810E+00  0.165396E-03  0.184390E-03
  0.303310E+00  0.145436E-03  0.184878E-03
  0.303820E+00  0.147786E-03  0.185372E-03
  0.304320E+00  0.152936E-03  0.185852E-03
  0.304830E+00  0.139546E-03  0.186339E-03
  0.305330E+00  0.176706E-03  0.186812E-03
  0.305840E+00  0.140236E-03  0.187291E-03
  0.306340E+00  0.184116E-03  0.187756E-03
  0.306850E+00  0.220246E-03  0.188227E-03
  0.307350E+00  0.217886E-03  0.188685E-03
  0.307860E+00  0.214016E-03  0.189147E-03
  0.308370E+00  0.182596E-03  0.189606E-03
  0.308870E+00  0.200156E-03  0.190051E-03
  0.309380E+00  0.215606E-03  0.190501E-03
  0.309880E+00  0.193476E-03  0.190937E-03
  0.310390E+00  0.174996E-03  0.191378E-03
  0.310890E+00  0.168786E-03  0.191806E-03
  0.311400E+00  0.204056E-03  0.192238E-03
  0.311900E+00  0.200816E-03  0.192656E-03
  0.312410E+00  0.214716E-03  0.193079E-03
  0.312910E+00  0.214926E-03  0.193488E-03
  0.313420E+00  0.153186E-03  0.193902E-03
  0.313920E+00  0.155986E-03  0.194302E-03
  0.314430E+00  0.137796E-03  0.194706E-03
  0.314940E+00  0.157396E-03  0.195104E-03
  0.315440E+00  0.207486E-03  0.195491E-03
  0.315950E+00  0.186816E-03  0.195880E-03
  0.316450E+00  0.173846E-03  0.196256E-03
  0.316960E+00  0.200836E-03  0.196636E-03
  0.317460E+00  0.220536E-03  0.197002E-03
  0.317970E+00  0.228656E-03  0.197372E-03
  0.318470E+00  0.234416E-03  0.197729E-03
  0.318980E+00  0.238466E-03  0.198088E-03
  0.319480E+00  0.236186E-03  0.198435E-03
  0.319990E+00  0.155336E-03  0.198784E-03
  0.320490E+00  0.153306E-03  0.199121E-03
  0.321000E+00  0.217356E-03  0.199460E-03
  0.321500E+00  0.290356E-03  0.199787E-03
  0.322010E+00  0.298336E-03  0.200115E-03
  0.322510E+00  0.238756E-03  0.200431E-03
  0.323020E+00  0.208976E-03  0.200749E-03
  0.323520E+00  0.233736E-03  0.201056E-03
  0.324030E+00  0.187416E-03  0.201363E-03
  0.324540E+00  0.172066E-03  0.201665E-03
  0.325040E+00  0.178596E-03  0.201956E-03
  0.325550E+00  0.226106E-03  0.202247E-03
  0.326050E+00  0.282296E-03  0.202528E-03
  0.326560E+00  0.270526E-03  0.202809E-03
  0.327060E+00  0.258246E-03  0.203079E-03
  0.327570E+00  0.224526E-03  0.203349E-03
  0.328070E+00  0.220796E-03  0.203608E-03
  0.328580E+00  0.254616E-03  0.203868E-03
  0.329080E+00  0.258476E-03  0.204117E-03
  0.329590E+00  0.182426E-03  0.204366E-03
  0.330090E+00  0.165306E-03  0.204605E-03
  0.330600E+00  0.129310E-03  0.204843E-03
  0.331100E+00  0.158366E-03  0.205071E-03
  0.331610E+00  0.217136E-03  0.205298E-03
  0.332110E+00  0.211586E-03  0.205516E-03
  0.332620E+00  0.193136E-03  0.205732E-03
  0.333120E+00  0.220366E-03  0.205940E-03
  0.333630E+00  0.175986E-03  0.206145E-03
  0.334130E+00  0.175216E-03  0.206342E-03
  0.334640E+00  0.223906E-03  0.206537E-03
  0.335140E+00  0.218146E-03  0.206723E-03
  0.335650E+00  0.203416E-03  0.206908E-03
  0.336150E+00  0.173236E-03  0.207084E-03
  0.336660E+00  0.177536E-03  0.207257E-03
  0.337160E+00  0.193976E-03  0.207423E-03
  0.337670E+00  0.246956E-03  0.207586E-03
  0.338170E+00  0.257996E-03  0.207741E-03
  0.338680E+00  0.178626E-03  0.207893E-03
  0.339180E+00  0.182366E-03  0.208038E-03
  0.339690E+00  0.196426E-03  0.208180E-03
  0.340190E+00  0.215496E-03  0.208314E-03
  0.340700E+00  0.207396E-03  0.208445E-03
  0.341200E+00  0.256386E-03  0.208569E-03
  0.341710E+00  0.223156E-03  0.208690E-03
  0.342210E+00  0.185776E-03  0.208803E-03
  0.342720E+00  0.217666E-03  0.208914E-03
  0.343220E+00  0.256916E-03  0.209017E-03
  0.343730E+00  0.221756E-03  0.209117E-03
  0.344230E+00  0.151186E-03  0.209211E-03
  0.344740E+00  0.153196E-03  0.209300E-03
  0.345240E+00  0.217186E-03  0.209384E-03
  0.345750E+00  0.221836E-03  0.209463E-03
  0.346250E+00  0.259356E-03  0.209537E-03
  0.346760E+00  0.213706E-03  0.209606E-03
  0.347260E+00  0.185416E-03  0.209670E-03
  0.347770E+00  0.174226E-03  0.209729E-03
  0.348270E+00  0.207876E-03  0.209783E-03
  0.348780E+00  0.216866E-03  0.209832E-03
  0.349280E+00  0.254696E-03  0.209876E-03
  0.349790E+00  0.269666E-03  0.209916E-03
  0.350290E+00  0.199766E-03  0.209950E-03
  0.350800E+00  0.164686E-03  0.209980E-03
  0.351300E+00  0.188736E-03  0.210005E-03
  0.351810E+00  0.227386E-03  0.210025E-03
  0.352310E+00  0.216566E-03  0.210040E-03
  0.352820E+00  0.260206E-03  0.210051E-03
  0.353320E+00  0.262736E-03  0.210057E-03
  0.353830E+00  0.247456E-03  0.210058E-03
  0.354330E+00  0.230946E-03  0.210055E-03
  0.354840E+00  0.172406E-03  0.210047E-03
  0.355340E+00  0.158116E-03  0.210035E-03
  0.355850E+00  0.134286E-03  0.210018E-03
  0.356350E+00  0.190686E-03  0.209996E-03
  0.356860E+00  0.174636E-03  0.209970E-03
  0.357360E+00  0.179376E-03  0.209940E-03
  0.357870E+00  0.235856E-03  0.209905E-03
  0.358370E+00  0.261986E-03  0.209866E-03
  0.358880E+00  0.282416E-03  0.209822E-03
  0.359380E+00  0.281596E-03  0.209775E-03
  0.359890E+00  0.264416E-03  0.209722E-03
  0.360390E+00  0.239446E-03  0.209666E-03
  0.360900E+00  0.190916E-03  0.209605E-03
  0.361400E+00  0.233196E-03  0.209541E-03
  0.361910E+00  0.261716E-03  0.209471E-03
  0.362410E+00  0.220016E-03  0.209399E-03
  0.362920E+00  0.168196E-03  0.209321E-03
  0.363420E+00  0.187396E-03  0.209241E-03
  0.363930E+00  0.236246E-03  0.209155E-03
  0.364430E+00  0.246936E-03  0.209067E-03
  0.364940E+00  0.222426E-03  0.208973E-03
  0.365440E+00  0.178046E-03  0.208878E-03
  0.365940E+00  0.171466E-03  0.208778E-03
  0.366450E+00  0.125458E-03  0.208673E-03
  0.366950E+00  0.177836E-03  0.208567E-03
  0.367460E+00  0.230176E-03  0.208454E-03
  0.367960E+00  0.180046E-03  0.208341E-03
  0.368470E+00  0.170366E-03  0.208221E-03
  0.368970E+00  0.138296E-03  0.208100E-03
  0.369480E+00  0.969585E-04  0.207973E-03
  0.369980E+00  0.182516E-03  0.207846E-03
  0.370490E+00  0.185206E-03  0.207712E-03
  0.370990E+00  0.148146E-03  0.207578E-03
  0.371500E+00  0.147946E-03  0.207438E-03
  0.372000E+00  0.171096E-03  0.207297E-03
  0.372510E+00  0.164946E-03  0.207151E-03
  0.373010E+00  0.167616E-03  0.207004E-03
  0.373520E+00  0.172426E-03  0.206851E-03
  0.374020E+00  0.205466E-03  0.206698E-03
  0.374530E+00  0.205696E-03  0.206540E-03
  0.375030E+00  0.209236E-03  0.206381E-03
  0.375530E+00  0.180566E-03  0.206220E-03
  0.376040E+00  0.180066E-03  0.206052E-03
  0.376540E+00  0.229806E-03  0.205885E-03
  0.377050E+00  0.303406E-03  0.205713E-03
  0.377550E+00  0.249036E-03  0.205540E-03
  0.378060E+00  0.205966E-03  0.205362E-03
  0.378560E+00  0.224306E-03  0.205185E-03
  0.379070E+00  0.247966E-03  0.205002E-03
  0.379570E+00  0.202186E-03  0.204820E-03
  0.380080E+00  0.136286E-03  0.204632E-03
  0.380580E+00  0.138926E-03  0.204445E-03
  0.381090E+00  0.189066E-03  0.204252E-03
  0.381590E+00  0.183126E-03  0.204061E-03
  0.382090E+00  0.197046E-03  0.203868E-03
  0.382600E+00  0.189246E-03  0.203668E-03
  0.383100E+00  0.177696E-03  0.203471E-03
  0.383610E+00  0.217376E-03  0.203268E-03
  0.384110E+00  0.185136E-03  0.203067E-03
  0.384620E+00  0.146996E-03  0.202860E-03
  0.385120E+00  0.139366E-03  0.202655E-03
  0.385630E+00  0.132626E-03  0.202444E-03
  0.386130E+00  0.110454E-03  0.202236E-03
  0.386640E+00  0.127849E-03  0.202022E-03
  0.387140E+00  0.114142E-03  0.201811E-03
  0.387640E+00  0.161436E-03  0.201598E-03
  0.388150E+00  0.231806E-03  0.201379E-03
  0.388650E+00  0.270016E-03  0.201164E-03
  0.389160E+00  0.292836E-03  0.200943E-03
  0.389660E+00  0.258256E-03  0.200725E-03
  0.390170E+00  0.223096E-03  0.200501E-03
  0.390670E+00  0.227966E-03  0.200280E-03
  0.391180E+00  0.220506E-03  0.200054E-03
  0.391680E+00  0.231136E-03  0.199832E-03
  0.392190E+00  0.248986E-03  0.199604E-03
  0.392690E+00  0.208366E-03  0.199379E-03
  0.393190E+00  0.210766E-03  0.199154E-03
  0.393700E+00  0.215306E-03  0.198924E-03
  0.394200E+00  0.243856E-03  0.198697E-03
  0.394710E+00  0.221046E-03  0.198465E-03
  0.395210E+00  0.198166E-03  0.198237E-03
  0.395720E+00  0.233156E-03  0.198003E-03
  0.396220E+00  0.197346E-03  0.197774E-03
  0.396730E+00  0.248876E-03  0.197540E-03
  0.397230E+00  0.221756E-03  0.197310E-03
  0.397730E+00  0.235506E-03  0.197079E-03
  0.398240E+00  0.247486E-03  0.196844E-03
  0.398740E+00  0.273086E-03  0.196613E-03
  0.399250E+00  0.257966E-03  0.196377E-03
  0.399750E+00  0.178136E-03  0.196146E-03
  0.400260E+00  0.133936E-03  0.195910E-03
  0.400760E+00  0.114530E-03  0.195679E-03
  0.401260E+00  0.150786E-03  0.195448E-03
  0.401770E+00  0.211366E-03  0.195212E-03
  0.402270E+00  0.254856E-03  0.194981E-03
  0.402780E+00  0.216586E-03  0.194745E-03
  0.403280E+00  0.203696E-03  0.194514E-03
  0.403790E+00  0.203016E-03  0.194280E-03
  0.404290E+00  0.217656E-03  0.194050E-03
  0.404800E+00  0.225476E-03  0.193815E-03
  0.405300E+00  0.192996E-03  0.193586E-03
  0.405800E+00  0.212336E-03  0.193358E-03
  0.406310E+00  0.207966E-03  0.193126E-03
  0.406810E+00  0.153876E-03  0.192898E-03
  0.407320E+00  0.168326E-03  0.192667E-03
  0.407820E+00  0.183156E-03  0.192441E-03
  0.408330E+00  0.184606E-03  0.192212E-03
  0.408830E+00  0.138546E-03  0.191988E-03
  0.409330E+00  0.131136E-03  0.191765E-03
  0.409840E+00  0.187186E-03  0.191538E-03
  0.410340E+00  0.229946E-03  0.191317E-03
  0.410850E+00  0.225096E-03  0.191092E-03
  0.411350E+00  0.231486E-03  0.190873E-03
  0.411850E+00  0.207576E-03  0.190655E-03
  0.412360E+00  0.137116E-03  0.190434E-03
  0.412860E+00  0.164686E-03  0.190219E-03
  0.413370E+00  0.179606E-03  0.190000E-03
  0.413870E+00  0.187486E-03  0.189787E-03
  0.414380E+00  0.161526E-03  0.189572E-03
  0.414880E+00  0.224466E-03  0.189361E-03
  0.415380E+00  0.248956E-03  0.189153E-03
  0.415890E+00  0.220436E-03  0.188941E-03
  0.416390E+00  0.199786E-03  0.188736E-03
  0.416900E+00  0.271926E-03  0.188528E-03
  0.417400E+00  0.291226E-03  0.188325E-03
  0.417910E+00  0.205236E-03  0.188120E-03
  0.418410E+00  0.146006E-03  0.187921E-03
  0.418910E+00  0.184016E-03  0.187724E-03
  0.419420E+00  0.266256E-03  0.187524E-03
  0.419920E+00  0.173726E-03  0.187330E-03
  0.420430E+00  0.139706E-03  0.187134E-03
  0.420930E+00  0.206756E-03  0.186944E-03
  0.421430E+00  0.284626E-03  0.186756E-03
  0.421940E+00  0.232356E-03  0.186566E-03
  0.422440E+00  0.162346E-03  0.186381E-03
  0.422950E+00  0.174586E-03  0.186195E-03
  0.423450E+00  0.217126E-03  0.186015E-03
  0.423950E+00  0.189106E-03  0.185836E-03
  0.424460E+00  0.149146E-03  0.185656E-03
  0.424960E+00  0.147906E-03  0.185482E-03
  0.425470E+00  0.147866E-03  0.185307E-03
  0.425970E+00  0.126274E-03  0.185137E-03
  0.426470E+00  0.167136E-03  0.184969E-03
  0.426980E+00  0.138826E-03  0.184800E-03
  0.427480E+00  0.174516E-03  0.184636E-03
  0.427990E+00  0.171196E-03  0.184472E-03
  0.428490E+00  0.181936E-03  0.184313E-03
  0.428990E+00  0.262946E-03  0.184157E-03
  0.429500E+00  0.257456E-03  0.183999E-03
  0.430000E+00  0.221016E-03  0.183847E-03
  0.430510E+00  0.188716E-03  0.183695E-03
  0.431010E+00  0.131876E-03  0.183548E-03
  0.431510E+00  0.116790E-03  0.183403E-03
  0.432020E+00  0.110104E-03  0.183258E-03
  0.432520E+00  0.149746E-03  0.183118E-03
  0.433030E+00  0.216196E-03  0.182978E-03
  0.433530E+00  0.214826E-03  0.182842E-03
  0.434030E+00  0.262456E-03  0.182710E-03
  0.434540E+00  0.243116E-03  0.182577E-03
  0.435040E+00  0.160526E-03  0.182449E-03
  0.435550E+00  0.194996E-03  0.182321E-03
  0.436050E+00  0.261676E-03  0.182198E-03
  0.436550E+00  0.258426E-03  0.182078E-03
  0.437060E+00  0.221236E-03  0.181957E-03
  0.437560E+00  0.212276E-03  0.181842E-03
  0.438070E+00  0.169246E-03  0.181726E-03
  0.438570E+00  0.142256E-03  0.181615E-03
  0.439070E+00  0.163516E-03  0.181507E-03
  0.439580E+00  0.241526E-03  0.181399E-03
  0.440080E+00  0.188536E-03  0.181296E-03
  0.440590E+00  0.178776E-03  0.181193E-03
  0.441090E+00  0.176896E-03  0.181095E-03
  0.441590E+00  0.165386E-03  0.180999E-03
  0.442100E+00  0.141876E-03  0.180904E-03
  0.442600E+00  0.110934E-03  0.180813E-03
  0.443100E+00  0.162836E-03  0.180724E-03
  0.443610E+00  0.140276E-03  0.180636E-03
  0.444110E+00  0.112101E-03  0.180553E-03
  0.444620E+00  0.117375E-03  0.180470E-03
  0.445120E+00  0.171146E-03  0.180391E-03
  0.445620E+00  0.303926E-03  0.180314E-03
  0.446130E+00  0.304696E-03  0.180238E-03
  0.446630E+00  0.297356E-03  0.180166E-03
  0.447130E+00  0.239706E-03  0.180096E-03
  0.447640E+00  0.187866E-03  0.180027E-03
  0.448140E+00  0.112911E-03  0.179962E-03
  0.448650E+00  0.964405E-04  0.179898E-03
  0.449150E+00  0.143556E-03  0.179837E-03
  0.449650E+00  0.170166E-03  0.179779E-03
  0.450160E+00  0.195996E-03  0.179722E-03
  0.450660E+00  0.243296E-03  0.179668E-03
  0.451160E+00  0.248346E-03  0.179616E-03
  0.451670E+00  0.154066E-03  0.179565E-03
  0.452170E+00  0.153486E-03  0.179518E-03
  0.452680E+00  0.215396E-03  0.179471E-03
  0.453180E+00  0.223806E-03  0.179428E-03
  0.453680E+00  0.154586E-03  0.179386E-03
  0.454190E+00  0.104894E-03  0.179346E-03
  0.454690E+00  0.207176E-03  0.179309E-03
  0.455190E+00  0.178086E-03  0.179273E-03
  0.455700E+00  0.142246E-03  0.179239E-03
  0.456200E+00  0.201936E-03  0.179207E-03
  0.456700E+00  0.201346E-03  0.179177E-03
  0.457210E+00  0.202326E-03  0.179148E-03
  0.457710E+00  0.161426E-03  0.179122E-03
  0.458220E+00  0.179496E-03  0.179096E-03
  0.458720E+00  0.198596E-03  0.179073E-03
  0.459220E+00  0.223266E-03  0.179052E-03
  0.459730E+00  0.233696E-03  0.179032E-03
  0.460230E+00  0.240766E-03  0.179013E-03
  0.460730E+00  0.207236E-03  0.178997E-03
  0.461240E+00  0.163126E-03  0.178981E-03
  0.461740E+00  0.190826E-03  0.178968E-03
  0.462240E+00  0.234286E-03  0.178956E-03
  0.462750E+00  0.241016E-03  0.178945E-03
  0.463250E+00  0.239416E-03  0.178935E-03
  0.463750E+00  0.180066E-03  0.178927E-03
  0.464260E+00  0.152616E-03  0.178920E-03
  0.464760E+00  0.180586E-03  0.178914E-03
  0.465270E+00  0.121346E-03  0.178910E-03
  0.465770E+00  0.165856E-03  0.178907E-03
  0.466270E+00  0.220786E-03  0.178905E-03
  0.466780E+00  0.231806E-03  0.178904E-03
  0.467280E+00  0.231086E-03  0.178904E-03
  0.467780E+00  0.138586E-03  0.178905E-03
  0.468290E+00  0.126589E-03  0.178907E-03
  0.468790E+00  0.149896E-03  0.178910E-03
  0.469290E+00  0.261986E-03  0.178913E-03
  0.469800E+00  0.320296E-03  0.178918E-03
  0.470300E+00  0.252676E-03  0.178924E-03
  0.470800E+00  0.120408E-03  0.178930E-03
