 0.115430E-01  0.938846E+03  0.302618E+02
 0.121060E-01  0.951597E+03  0.360034E+02
 0.126690E-01  0.948938E+03  0.247825E+02
 0.132320E-01  0.915188E+03  0.271722E+02
 0.137950E-01  0.911296E+03  0.216585E+02
 0.143590E-01  0.875860E+03  0.259284E+02
 0.149220E-01  0.856055E+03  0.218836E+02
 0.154850E-01  0.857386E+03  0.161484E+02
 0.160480E-01  0.831488E+03  0.201407E+02
 0.166110E-01  0.819485E+03  0.168044E+02
 0.171740E-01  0.794309E+03  0.133871E+02
 0.177370E-01  0.784674E+03  0.147455E+02
 0.183000E-01  0.764976E+03  0.121892E+02
 0.188630E-01  0.738298E+03  0.134940E+02
 0.194260E-01  0.739551E+03  0.118385E+02
 0.199890E-01  0.720345E+03  0.131245E+02
 0.205520E-01  0.703713E+03  0.148839E+02
 0.211150E-01  0.682270E+03  0.942939E+01
 0.216790E-01  0.668263E+03  0.111193E+02
 0.222420E-01  0.640096E+03  0.840482E+01
 0.228050E-01  0.634914E+03  0.853550E+01
 0.233680E-01  0.616951E+03  0.623528E+01
 0.239310E-01  0.600834E+03  0.692542E+01
 0.244940E-01  0.581099E+03  0.584986E+01
 0.250570E-01  0.569134E+03  0.639458E+01
 0.256200E-01  0.543703E+03  0.654786E+01
 0.261830E-01  0.530808E+03  0.617885E+01
 0.267460E-01  0.513064E+03  0.571458E+01
 0.273090E-01  0.505237E+03  0.669103E+01
 0.278720E-01  0.492422E+03  0.532558E+01
 0.284360E-01  0.472501E+03  0.583140E+01
 0.289990E-01  0.462010E+03  0.628234E+01
 0.295620E-01  0.455977E+03  0.508923E+01
 0.301250E-01  0.443415E+03  0.534241E+01
 0.306880E-01  0.432738E+03  0.533757E+01
 0.312510E-01  0.424791E+03  0.497401E+01
 0.318140E-01  0.410754E+03  0.462355E+01
 0.323770E-01  0.398236E+03  0.415883E+01
 0.329400E-01  0.385807E+03  0.367633E+01
 0.335030E-01  0.375557E+03  0.402093E+01
 0.340660E-01  0.362024E+03  0.426392E+01
 0.346290E-01  0.352731E+03  0.372206E+01
 0.351920E-01  0.338245E+03  0.384433E+01
 0.357560E-01  0.339699E+03  0.424855E+01
 0.363190E-01  0.325722E+03  0.447369E+01
 0.368820E-01  0.324185E+03  0.435652E+01
 0.374450E-01  0.309786E+03  0.452868E+01
 0.380080E-01  0.305925E+03  0.356748E+01
 0.385710E-01  0.295633E+03  0.360703E+01
 0.391340E-01  0.287036E+03  0.389366E+01
 0.396970E-01  0.281121E+03  0.310567E+01
 0.402600E-01  0.274607E+03  0.291771E+01
 0.408230E-01  0.267152E+03  0.327715E+01
 0.413860E-01  0.260237E+03  0.386152E+01
 0.419490E-01  0.249741E+03  0.351339E+01
 0.425120E-01  0.243828E+03  0.330667E+01
 0.430760E-01  0.237103E+03  0.336435E+01
 0.436390E-01  0.235408E+03  0.339849E+01
 0.442020E-01  0.221542E+03  0.300951E+01
 0.447650E-01  0.217515E+03  0.290211E+01
 0.453280E-01  0.210692E+03  0.291869E+01
 0.458910E-01  0.207662E+03  0.298236E+01
 0.464540E-01  0.203101E+03  0.304776E+01
 0.470170E-01  0.198237E+03  0.282856E+01
 0.475800E-01  0.197472E+03  0.314073E+01
 0.481430E-01  0.190883E+03  0.275184E+01
 0.487060E-01  0.185805E+03  0.295202E+01
 0.492690E-01  0.179524E+03  0.279617E+01
 0.498320E-01  0.175564E+03  0.254398E+01
 0.503950E-01  0.168288E+03  0.265291E+01
 0.509590E-01  0.164279E+03  0.255971E+01
 0.515220E-01  0.160855E+03  0.265480E+01
 0.520850E-01  0.163104E+03  0.232912E+01
 0.526480E-01  0.156984E+03  0.249352E+01
 0.532110E-01  0.155128E+03  0.246295E+01
 0.537740E-01  0.148423E+03  0.257675E+01
 0.543370E-01  0.144187E+03  0.240899E+01
 0.549000E-01  0.142822E+03  0.227875E+01
 0.554630E-01  0.138006E+03  0.204360E+01
 0.560260E-01  0.132923E+03  0.237769E+01
 0.565890E-01  0.133248E+03  0.253094E+01
 0.571520E-01  0.129676E+03  0.230232E+01
 0.577150E-01  0.127711E+03  0.239478E+01
 0.582790E-01  0.122827E+03  0.238982E+01
 0.588420E-01  0.123194E+03  0.239063E+01
 0.594050E-01  0.118375E+03  0.221140E+01
 0.599680E-01  0.115618E+03  0.220047E+01
 0.605310E-01  0.112189E+03  0.215671E+01
 0.610940E-01  0.111608E+03  0.205326E+01
 0.616570E-01  0.109486E+03  0.202258E+01
 0.622200E-01  0.107709E+03  0.221613E+01
 0.627830E-01  0.106095E+03  0.212849E+01
 0.633460E-01  0.104247E+03  0.215082E+01
 0.639090E-01  0.102951E+03  0.215052E+01
 0.644720E-01  0.970669E+02  0.200302E+01
 0.650350E-01  0.961058E+02  0.196991E+01
 0.655980E-01  0.967065E+02  0.195565E+01
 0.661620E-01  0.922758E+02  0.105902E+01
 0.667250E-01  0.901519E+02  0.106298E+01
 0.672880E-01  0.861546E+02  0.110318E+01
 0.678510E-01  0.862916E+02  0.101961E+01
 0.684140E-01  0.830221E+02  0.103720E+01
 0.689770E-01  0.811157E+02  0.108072E+01
 0.695400E-01  0.790669E+02  0.108872E+01
 0.701030E-01  0.771090E+02  0.100972E+01
 0.706660E-01  0.759039E+02  0.978113E+00
 0.712290E-01  0.753553E+02  0.980744E+00
 0.717920E-01  0.750953E+02  0.961402E+00
 0.723550E-01  0.745188E+02  0.994002E+00
 0.729180E-01  0.742650E+02  0.942029E+00
 0.734810E-01  0.725327E+02  0.939455E+00
 0.740440E-01  0.710997E+02  0.997611E+00
 0.746080E-01  0.682281E+02  0.919896E+00
 0.751710E-01  0.665658E+02  0.906874E+00
 0.757340E-01  0.646466E+02  0.886787E+00
 0.762970E-01  0.630151E+02  0.844341E+00
 0.768600E-01  0.615804E+02  0.839579E+00
 0.774230E-01  0.606471E+02  0.868047E+00
 0.779860E-01  0.593744E+02  0.893144E+00
 0.785490E-01  0.586653E+02  0.902078E+00
 0.791120E-01  0.567223E+02  0.892025E+00
 0.796750E-01  0.548253E+02  0.117452E+01
 0.802380E-01  0.547913E+02  0.203578E+01
 0.808010E-01  0.534850E+02  0.643086E+01
 0.813640E-01  0.541791E+02  0.155176E+02
 0.819270E-01  0.534608E+02  0.828392E+01
 0.824900E-01  0.528371E+02  0.134605E+02
 0.830540E-01  0.525085E+02  0.115370E+02
 0.836170E-01  0.513447E+02  0.128065E+02
 0.841800E-01  0.499510E+02  0.506739E+01
 0.847430E-01  0.500822E+02  0.793180E+00
 0.853060E-01  0.486532E+02  0.791658E+00
 0.858690E-01  0.469132E+02  0.810501E+00
 0.864320E-01  0.453858E+02  0.810916E+00
 0.869950E-01  0.447057E+02  0.779616E+00
 0.875580E-01  0.437767E+02  0.811626E+00
 0.881210E-01  0.439986E+02  0.768465E+00
 0.886840E-01  0.423315E+02  0.800953E+00
 0.892470E-01  0.420667E+02  0.818540E+00
 0.898100E-01  0.408909E+02  0.796161E+00
 0.903730E-01  0.390530E+02  0.800451E+00
 0.909360E-01  0.395693E+02  0.764399E+00
 0.915000E-01  0.379700E+02  0.809192E+00
 0.920630E-01  0.381228E+02  0.795296E+00
 0.926260E-01  0.367196E+02  0.836369E+00
 0.931890E-01  0.364910E+02  0.817291E+00
 0.937520E-01  0.351865E+02  0.767362E+00
 0.943150E-01  0.348901E+02  0.836578E+00
 0.948780E-01  0.339225E+02  0.791625E+00
 0.954410E-01  0.335886E+02  0.787293E+00
 0.960040E-01  0.322959E+02  0.839123E+00
 0.965670E-01  0.320413E+02  0.791250E+00
 0.971300E-01  0.316885E+02  0.735318E+00
 0.976930E-01  0.306853E+02  0.819101E+00
 0.982560E-01  0.310640E+02  0.762410E+00
 0.988190E-01  0.305712E+02  0.723331E+00
 0.993820E-01  0.290596E+02  0.756761E+00
 0.999450E-01  0.297514E+02  0.727710E+00
 0.100508E+00  0.287554E+02  0.733503E+00
 0.101072E+00  0.289617E+02  0.727142E+00
 0.101635E+00  0.282688E+02  0.756897E+00
 0.102198E+00  0.274864E+02  0.784204E+00
 0.102761E+00  0.262188E+02  0.746923E+00
 0.103324E+00  0.255120E+02  0.728003E+00
 0.103887E+00  0.258160E+02  0.718152E+00
 0.104450E+00  0.248416E+02  0.729218E+00
 0.105013E+00  0.244865E+02  0.738170E+00
 0.105576E+00  0.239571E+02  0.764523E+00
 0.106139E+00  0.232289E+02  0.737919E+00
 0.106702E+00  0.238186E+02  0.703005E+00
 0.107265E+00  0.229200E+02  0.699504E+00
 0.107828E+00  0.223201E+02  0.685044E+00
 0.108391E+00  0.220676E+02  0.710308E+00
 0.108954E+00  0.218788E+02  0.693135E+00
 0.109517E+00  0.215558E+02  0.689957E+00
 0.110080E+00  0.207561E+02  0.694856E+00
 0.110643E+00  0.203140E+02  0.679116E+00
 0.111207E+00  0.202722E+02  0.663897E+00
 0.111770E+00  0.198943E+02  0.656415E+00
 0.112333E+00  0.191610E+02  0.651042E+00
 0.112896E+00  0.191156E+02  0.673121E+00
 0.113459E+00  0.187249E+02  0.662139E+00
 0.114022E+00  0.179032E+02  0.653230E+00
 0.114585E+00  0.179059E+02  0.621094E+00
 0.115148E+00  0.178248E+02  0.599023E+00
 0.115711E+00  0.181189E+02  0.581510E+00
 0.116274E+00  0.180886E+02  0.628510E+00
 0.116837E+00  0.177283E+02  0.670862E+00
 0.117400E+00  0.179828E+02  0.716047E+00
 0.117963E+00  0.162163E+02  0.669893E+00
 0.118526E+00  0.160604E+02  0.659290E+00
 0.119089E+00  0.151668E+02  0.640038E+00
 0.119652E+00  0.146483E+02  0.596788E+00
 0.120215E+00  0.151526E+02  0.625416E+00
 0.120778E+00  0.152068E+02  0.625055E+00
 0.121341E+00  0.150993E+02  0.655742E+00
 0.121904E+00  0.148085E+02  0.619263E+00
 0.122468E+00  0.142821E+02  0.724485E+00
 0.123031E+00  0.128455E+02  0.448919E+00
 0.123594E+00  0.131009E+02  0.423611E+00
 0.124157E+00  0.131697E+02  0.410455E+00
 0.124720E+00  0.124780E+02  0.434110E+00
 0.125283E+00  0.121891E+02  0.408219E+00
 0.125846E+00  0.132638E+02  0.429653E+00
 0.126409E+00  0.126277E+02  0.472613E+00
 0.126972E+00  0.125434E+02  0.396523E+00
 0.127535E+00  0.122783E+02  0.414736E+00
 0.128098E+00  0.116426E+02  0.389555E+00
 0.128661E+00  0.113581E+02  0.379053E+00
 0.129224E+00  0.110905E+02  0.387754E+00
 0.129787E+00  0.111585E+02  0.391579E+00
 0.130350E+00  0.106610E+02  0.374179E+00
 0.130913E+00  0.107461E+02  0.384169E+00
 0.131476E+00  0.109700E+02  0.373867E+00
 0.132039E+00  0.101833E+02  0.362192E+00
 0.132602E+00  0.103213E+02  0.376992E+00
 0.133165E+00  0.102876E+02  0.385162E+00
 0.133728E+00  0.103613E+02  0.389943E+00
 0.134291E+00  0.102063E+02  0.390608E+00
 0.134854E+00  0.101695E+02  0.378143E+00
 0.135417E+00  0.103487E+02  0.364164E+00
 0.135981E+00  0.987825E+01  0.382403E+00
 0.136544E+00  0.880070E+01  0.363984E+00
 0.137107E+00  0.855797E+01  0.378873E+00
 0.137670E+00  0.842900E+01  0.415335E+00
 0.138233E+00  0.865205E+01  0.483439E+00
 0.138796E+00  0.836305E+01  0.474070E+00
 0.139359E+00  0.847840E+01  0.726446E+00
 0.139922E+00  0.850825E+01  0.448227E+00
 0.140485E+00  0.788995E+01  0.360821E+00
 0.141048E+00  0.818937E+01  0.355484E+00
 0.141611E+00  0.797021E+01  0.360771E+00
 0.142174E+00  0.829679E+01  0.335133E+00
 0.142737E+00  0.793969E+01  0.353910E+00
 0.143300E+00  0.791603E+01  0.359474E+00
 0.143863E+00  0.747182E+01  0.484194E+00
 0.144426E+00  0.682911E+01  0.407281E+00
 0.144989E+00  0.697886E+01  0.531644E+00
 0.145552E+00  0.692712E+01  0.389376E+00
 0.146115E+00  0.667202E+01  0.363250E+00
 0.146678E+00  0.650353E+01  0.342142E+00
 0.147241E+00  0.628263E+01  0.342611E+00
 0.147804E+00  0.657989E+01  0.320508E+00
 0.148367E+00  0.614000E+01  0.327398E+00
 0.148930E+00  0.644124E+01  0.345068E+00
 0.149493E+00  0.615771E+01  0.512929E+00
 0.150056E+00  0.602463E+01  0.833139E+00
 0.150619E+00  0.636524E+01  0.493768E+00
 0.151182E+00  0.607301E+01  0.561830E+00
 0.151745E+00  0.593455E+01  0.397330E+00
 0.152309E+00  0.556373E+01  0.371840E+00
 0.152872E+00  0.567577E+01  0.341067E+00
 0.153435E+00  0.519601E+01  0.348352E+00
 0.153998E+00  0.594365E+01  0.340662E+00
 0.154561E+00  0.569793E+01  0.329127E+00
 0.155124E+00  0.527047E+01  0.332832E+00
 0.155687E+00  0.514812E+01  0.319563E+00
 0.156250E+00  0.523123E+01  0.338314E+00
 0.156813E+00  0.528589E+01  0.345649E+00
 0.157376E+00  0.534887E+01  0.353622E+00
 0.157939E+00  0.492962E+01  0.357075E+00
 0.158502E+00  0.549230E+01  0.330286E+00
 0.159065E+00  0.539657E+01  0.355531E+00
 0.159628E+00  0.507093E+01  0.347098E+00
 0.160191E+00  0.498337E+01  0.400324E+00
 0.160754E+00  0.484934E+01  0.439763E+00
 0.161317E+00  0.485362E+01  0.348260E+00
 0.161880E+00  0.550519E+01  0.296896E+00
 0.162443E+00  0.541393E+01  0.298444E+00
 0.163006E+00  0.498563E+01  0.301900E+00
 0.163569E+00  0.486396E+01  0.312312E+00
 0.164132E+00  0.485394E+01  0.328046E+00
 0.164695E+00  0.460052E+01  0.330928E+00
 0.165258E+00  0.454645E+01  0.310515E+00
 0.165821E+00  0.467994E+01  0.313987E+00
 0.166384E+00  0.483341E+01  0.313484E+00
 0.166947E+00  0.486789E+01  0.301819E+00
 0.167510E+00  0.497945E+01  0.311306E+00
 0.168073E+00  0.478187E+01  0.323781E+00
 0.168636E+00  0.458535E+01  0.304345E+00
 0.169199E+00  0.440018E+01  0.332346E+00
 0.169762E+00  0.472599E+01  0.333002E+00
 0.170325E+00  0.429405E+01  0.330886E+00
 0.170888E+00  0.429177E+01  0.319497E+00
 0.171451E+00  0.404750E+01  0.311591E+00
 0.172014E+00  0.406212E+01  0.315562E+00
 0.172577E+00  0.426635E+01  0.304093E+00
 0.173140E+00  0.432143E+01  0.301820E+00
 0.173703E+00  0.437192E+01  0.318202E+00
 0.174266E+00  0.423825E+01  0.317841E+00
 0.174829E+00  0.443360E+01  0.343458E+00
 0.175392E+00  0.416192E+01  0.323326E+00
 0.175955E+00  0.395951E+01  0.362387E+00
 0.176518E+00  0.416108E+01  0.321476E+00
 0.177081E+00  0.405593E+01  0.321798E+00
 0.177644E+00  0.382693E+01  0.307961E+00
 0.178207E+00  0.398665E+01  0.310963E+00
 0.178770E+00  0.379485E+01  0.311863E+00
 0.179333E+00  0.351354E+01  0.290725E+00
 0.179896E+00  0.365161E+01  0.310227E+00
 0.180459E+00  0.377101E+01  0.311898E+00
 0.181022E+00  0.354499E+01  0.346645E+00
 0.181585E+00  0.318301E+01  0.318610E+00
 0.182148E+00  0.310928E+01  0.302433E+00
 0.182711E+00  0.315938E+01  0.289232E+00
 0.183274E+00  0.329456E+01  0.303627E+00
 0.183837E+00  0.352938E+01  0.294769E+00
 0.184400E+00  0.344773E+01  0.298093E+00
 0.184963E+00  0.377902E+01  0.291176E+00
 0.185526E+00  0.369813E+01  0.283184E+00
 0.186089E+00  0.396461E+01  0.279540E+00
 0.186652E+00  0.379297E+01  0.297505E+00
 0.187216E+00  0.342262E+01  0.300125E+00
 0.187779E+00  0.333544E+01  0.810191E+00
 0.188342E+00  0.335149E+01  0.186918E+01
 0.188905E+00  0.330897E+01  0.844232E+00
 0.189468E+00  0.327081E+01  0.297072E+00
 0.190031E+00  0.312545E+01  0.330410E+00
 0.190594E+00  0.286463E+01  0.493533E+00
 0.191157E+00  0.295967E+01  0.349487E+00
 0.191720E+00  0.331615E+01  0.302712E+00
 0.192283E+00  0.322352E+01  0.296947E+00
 0.192845E+00  0.300738E+01  0.296503E+00
 0.193408E+00  0.337924E+01  0.296289E+00
 0.193971E+00  0.301092E+01  0.291432E+00
 0.194534E+00  0.307666E+01  0.270211E+00
 0.195097E+00  0.323746E+01  0.287591E+00
 0.195660E+00  0.319416E+01  0.281657E+00
 0.196223E+00  0.282424E+01  0.295673E+00
 0.196786E+00  0.314357E+01  0.284706E+00
 0.197349E+00  0.349729E+01  0.267704E+00
 0.197912E+00  0.374801E+01  0.290976E+00
 0.198475E+00  0.363252E+01  0.292576E+00
 0.199038E+00  0.341601E+01  0.274725E+00
 0.199601E+00  0.334056E+01  0.299569E+00
 0.200164E+00  0.311525E+01  0.287821E+00
 0.200727E+00  0.301725E+01  0.275026E+00
 0.201290E+00  0.295689E+01  0.275143E+00
 0.201853E+00  0.271201E+01  0.272912E+00
 0.202416E+00  0.273332E+01  0.259904E+00
 0.202979E+00  0.297628E+01  0.284467E+00
 0.203542E+00  0.272085E+01  0.261985E+00
 0.204105E+00  0.305856E+01  0.278150E+00
 0.204668E+00  0.274923E+01  0.288111E+00
 0.205231E+00  0.219600E+01  0.269311E+00
 0.205794E+00  0.276088E+01  0.257108E+00
 0.206357E+00  0.291974E+01  0.277487E+00
 0.206920E+00  0.256894E+01  0.278738E+00
 0.207483E+00  0.273582E+01  0.282080E+00
 0.208046E+00  0.291024E+01  0.282115E+00
 0.208609E+00  0.283903E+01  0.287936E+00
 0.209172E+00  0.281591E+01  0.277888E+00
 0.209735E+00  0.333519E+01  0.307475E+00
 0.210298E+00  0.303957E+01  0.425670E+00
 0.210861E+00  0.287538E+01  0.304712E+00
 0.211424E+00  0.268075E+01  0.286917E+00
 0.211987E+00  0.244751E+01  0.275810E+00
 0.212550E+00  0.299119E+01  0.281785E+00
 0.213113E+00  0.258032E+01  0.268217E+00
 0.213676E+00  0.268326E+01  0.271856E+00
 0.214239E+00  0.272375E+01  0.533099E+00
 0.214802E+00  0.303323E+01  0.124096E+01
 0.215365E+00  0.258662E+01  0.110497E+01
 0.215928E+00  0.248768E+01  0.532273E+00
 0.216491E+00  0.256608E+01  0.286928E+00
 0.217054E+00  0.283284E+01  0.264404E+00
 0.217617E+00  0.287286E+01  0.252681E+00
 0.218180E+00  0.293144E+01  0.271570E+00
 0.218743E+00  0.306284E+01  0.280527E+00
 0.219306E+00  0.293397E+01  0.274686E+00
 0.219869E+00  0.234197E+01  0.289543E+00
 0.220432E+00  0.215570E+01  0.311495E+00
 0.220995E+00  0.231448E+01  0.274563E+00
 0.221558E+00  0.226439E+01  0.273433E+00
 0.222121E+00  0.267053E+01  0.276680E+00
 0.222684E+00  0.295885E+01  0.273582E+00
 0.223247E+00  0.288443E+01  0.270966E+00
 0.223810E+00  0.275529E+01  0.277861E+00
 0.224373E+00  0.278671E+01  0.270814E+00
 0.224936E+00  0.253759E+01  0.279250E+00
 0.225498E+00  0.270249E+01  0.329620E+00
 0.226061E+00  0.276495E+01  0.267769E+00
 0.226624E+00  0.221881E+01  0.282681E+00
 0.227187E+00  0.233878E+01  0.263537E+00
 0.227750E+00  0.242591E+01  0.262945E+00
 0.228313E+00  0.221966E+01  0.270212E+00
 0.228876E+00  0.219883E+01  0.273368E+00
 0.229439E+00  0.235041E+01  0.278597E+00
 0.230002E+00  0.243930E+01  0.327330E+00
 0.230565E+00  0.213652E+01  0.287486E+00
 0.231128E+00  0.204786E+01  0.265540E+00
 0.231691E+00  0.205666E+01  0.256811E+00
 0.232254E+00  0.190388E+01  0.252017E+00
 0.232817E+00  0.197067E+01  0.259130E+00
 0.233380E+00  0.229848E+01  0.272063E+00
 0.233943E+00  0.236045E+01  0.288989E+00
 0.234506E+00  0.209848E+01  0.295107E+00
 0.235069E+00  0.225681E+01  0.274672E+00
 0.235632E+00  0.201139E+01  0.285324E+00
 0.236195E+00  0.189560E+01  0.263225E+00
 0.236758E+00  0.176937E+01  0.287586E+00
 0.237321E+00  0.189426E+01  0.286046E+00
 0.237884E+00  0.182686E+01  0.381453E+00
 0.238447E+00  0.226231E+01  0.364582E+00
 0.239010E+00  0.240066E+01  0.440206E+00
 0.239572E+00  0.260153E+01  0.339833E+00
 0.240135E+00  0.231818E+01  0.276974E+00
 0.240698E+00  0.267579E+01  0.257942E+00
 0.241261E+00  0.232831E+01  0.258250E+00
 0.241824E+00  0.199898E+01  0.264710E+00
 0.242387E+00  0.225376E+01  0.289847E+00
 0.242950E+00  0.221335E+01  0.399320E+00
 0.243513E+00  0.233839E+01  0.385749E+00
 0.244076E+00  0.195402E+01  0.679840E+00
 0.244639E+00  0.226645E+01  0.360268E+00
 0.245202E+00  0.223025E+01  0.244572E+00
 0.245765E+00  0.219778E+01  0.249702E+00
 0.246328E+00  0.215298E+01  0.246075E+00
 0.246891E+00  0.222881E+01  0.257368E+00
 0.247454E+00  0.220705E+01  0.245978E+00
 0.248017E+00  0.199685E+01  0.251625E+00
 0.248580E+00  0.204401E+01  0.264747E+00
 0.249143E+00  0.209402E+01  0.242901E+00
 0.249706E+00  0.187330E+01  0.253771E+00
 0.250268E+00  0.208519E+01  0.247432E+00
 0.250831E+00  0.227672E+01  0.231365E+00
 0.251394E+00  0.177651E+01  0.251751E+00
 0.251957E+00  0.197472E+01  0.292290E+00
 0.252520E+00  0.221220E+01  0.257125E+00
 0.253083E+00  0.209346E+01  0.265405E+00
 0.253646E+00  0.248646E+01  0.255944E+00
 0.254209E+00  0.226150E+01  0.246048E+00
 0.254772E+00  0.188109E+01  0.232480E+00
 0.255335E+00  0.185766E+01  0.236507E+00
 0.255898E+00  0.217288E+01  0.243974E+00
 0.256461E+00  0.211231E+01  0.238360E+00
 0.257024E+00  0.201362E+01  0.236904E+00
 0.257587E+00  0.205969E+01  0.226731E+00
 0.258150E+00  0.203690E+01  0.243520E+00
 0.258713E+00  0.175809E+01  0.245059E+00
 0.259275E+00  0.213361E+01  0.241322E+00
 0.259838E+00  0.185199E+01  0.244077E+00
 0.260401E+00  0.178519E+01  0.249539E+00
 0.260964E+00  0.178800E+01  0.249773E+00
 0.261527E+00  0.201468E+01  0.236123E+00
 0.262090E+00  0.224234E+01  0.225003E+00
 0.262653E+00  0.214743E+01  0.229987E+00
 0.263216E+00  0.209620E+01  0.235076E+00
 0.263779E+00  0.215076E+01  0.248600E+00
 0.264342E+00  0.179738E+01  0.239949E+00
 0.264905E+00  0.186617E+01  0.231299E+00
 0.265468E+00  0.176626E+01  0.227433E+00
 0.266031E+00  0.166842E+01  0.224886E+00
 0.266594E+00  0.190684E+01  0.234309E+00
 0.267156E+00  0.179507E+01  0.232707E+00
 0.267719E+00  0.171669E+01  0.253444E+00
 0.268282E+00  0.199024E+01  0.277895E+00
 0.268845E+00  0.198958E+01  0.236041E+00
 0.269408E+00  0.178387E+01  0.230464E+00
 0.269971E+00  0.198939E+01  0.227731E+00
 0.270534E+00  0.209180E+01  0.226375E+00
 0.271097E+00  0.209915E+01  0.232381E+00
 0.271660E+00  0.169558E+01  0.231405E+00
 0.272223E+00  0.180593E+01  0.233240E+00
 0.272786E+00  0.174950E+01  0.228445E+00
 0.273349E+00  0.142475E+01  0.273271E+00
 0.273911E+00  0.131973E+01  0.236240E+00
 0.274474E+00  0.124533E+01  0.216660E+00
 0.275037E+00  0.154117E+01  0.229868E+00
 0.275600E+00  0.136833E+01  0.225885E+00
 0.276163E+00  0.143972E+01  0.246636E+00
 0.276726E+00  0.142213E+01  0.287457E+00
 0.277289E+00  0.125065E+01  0.249085E+00
 0.277852E+00  0.164153E+01  0.221450E+00
 0.278415E+00  0.151819E+01  0.225700E+00
 0.278978E+00  0.113716E+01  0.252388E+00
 0.279541E+00  0.124899E+01  0.319877E+00
 0.280103E+00  0.136978E+01  0.478535E+00
 0.280666E+00  0.135147E+01  0.328352E+00
 0.281229E+00  0.134824E+01  0.367215E+00
 0.281792E+00  0.170094E+01  0.246351E+00
 0.282355E+00  0.157426E+01  0.213417E+00
 0.282918E+00  0.153485E+01  0.206567E+00
 0.283481E+00  0.181909E+01  0.200854E+00
 0.284044E+00  0.179745E+01  0.226453E+00
 0.284607E+00  0.185589E+01  0.236384E+00
 0.285170E+00  0.171931E+01  0.234411E+00
 0.285732E+00  0.143640E+01  0.217306E+00
 0.286295E+00  0.141654E+01  0.215224E+00
 0.286858E+00  0.147835E+01  0.296827E+00
 0.287421E+00  0.161926E+01  0.566359E+00
 0.287984E+00  0.141326E+01  0.347461E+00
 0.288547E+00  0.138520E+01  0.243124E+00
 0.289110E+00  0.146966E+01  0.215897E+00
 0.289673E+00  0.157848E+01  0.223933E+00
 0.290236E+00  0.155298E+01  0.281980E+00
 0.290799E+00  0.153698E+01  0.276215E+00
 0.291361E+00  0.158298E+01  0.436659E+00
 0.291924E+00  0.170231E+01  0.257499E+00
 0.292487E+00  0.163611E+01  0.198893E+00
 0.293050E+00  0.145228E+01  0.202957E+00
 0.293613E+00  0.145430E+01  0.204330E+00
 0.294176E+00  0.147165E+01  0.209291E+00
 0.294739E+00  0.155309E+01  0.215984E+00
 0.295302E+00  0.162323E+01  0.224349E+00
 0.295865E+00  0.146060E+01  0.236694E+00
 0.296427E+00  0.140454E+01  0.241870E+00
 0.296990E+00  0.145925E+01  0.253357E+00
 0.297553E+00  0.109543E+01  0.262597E+00
 0.298116E+00  0.153582E+01  0.269694E+00
 0.298679E+00  0.156390E+01  0.283012E+00
 0.299242E+00  0.166882E+01  0.297819E+00
 0.299805E+00  0.184753E+01  0.290940E+00
