 0.167240E-01  0.131152E+03  0.536609E+01
 0.173320E-01  0.131880E+03  0.345453E+01
 0.179400E-01  0.134585E+03  0.312477E+01
 0.185480E-01  0.135899E+03  0.367580E+01
 0.191560E-01  0.130717E+03  0.370764E+01
 0.197640E-01  0.130154E+03  0.317997E+01
 0.203720E-01  0.129235E+03  0.289310E+01
 0.209800E-01  0.128580E+03  0.298701E+01
 0.215890E-01  0.125916E+03  0.327077E+01
 0.221970E-01  0.123591E+03  0.321487E+01
 0.228050E-01  0.125907E+03  0.318087E+01
 0.234130E-01  0.124229E+03  0.315489E+01
 0.240210E-01  0.123805E+03  0.356858E+01
 0.246290E-01  0.124031E+03  0.273472E+01
 0.252370E-01  0.124330E+03  0.294518E+01
 0.258450E-01  0.127463E+03  0.274410E+01
 0.264540E-01  0.126672E+03  0.227823E+01
 0.270620E-01  0.123227E+03  0.203027E+01
 0.276700E-01  0.120199E+03  0.241456E+01
 0.282780E-01  0.121644E+03  0.224789E+01
 0.288860E-01  0.118763E+03  0.215802E+01
 0.294940E-01  0.118219E+03  0.259338E+01
 0.301020E-01  0.122474E+03  0.240485E+01
 0.307100E-01  0.121341E+03  0.201558E+01
 0.313190E-01  0.117691E+03  0.236319E+01
 0.319270E-01  0.115180E+03  0.237452E+01
 0.325350E-01  0.112266E+03  0.215886E+01
 0.331430E-01  0.111947E+03  0.216815E+01
 0.337510E-01  0.110976E+03  0.224149E+01
 0.343590E-01  0.112646E+03  0.194138E+01
 0.349670E-01  0.112189E+03  0.216784E+01
 0.355750E-01  0.111851E+03  0.198184E+01
 0.361840E-01  0.110737E+03  0.175003E+01
 0.367920E-01  0.109987E+03  0.184382E+01
 0.374000E-01  0.109222E+03  0.173818E+01
 0.380080E-01  0.108918E+03  0.176634E+01
 0.386160E-01  0.108388E+03  0.170535E+01
 0.392240E-01  0.105930E+03  0.172006E+01
 0.398320E-01  0.106227E+03  0.165881E+01
 0.404400E-01  0.102432E+03  0.142564E+01
 0.410490E-01  0.102047E+03  0.147138E+01
 0.416570E-01  0.102654E+03  0.146169E+01
 0.422650E-01  0.100197E+03  0.144815E+01
 0.428730E-01  0.997376E+02  0.151214E+01
 0.434810E-01  0.976967E+02  0.154442E+01
 0.440890E-01  0.975890E+02  0.143578E+01
 0.446970E-01  0.955922E+02  0.146156E+01
 0.453050E-01  0.958353E+02  0.140167E+01
 0.459140E-01  0.957315E+02  0.129722E+01
 0.465220E-01  0.955884E+02  0.135624E+01
 0.471300E-01  0.951158E+02  0.134762E+01
 0.477380E-01  0.939535E+02  0.125193E+01
 0.483460E-01  0.942378E+02  0.120555E+01
 0.489540E-01  0.917983E+02  0.129231E+01
 0.495620E-01  0.907903E+02  0.134834E+01
 0.501700E-01  0.896966E+02  0.111135E+01
 0.507790E-01  0.895772E+02  0.111865E+01
 0.513870E-01  0.879723E+02  0.121084E+01
 0.519950E-01  0.872872E+02  0.133912E+01
 0.526030E-01  0.864262E+02  0.225214E+01
 0.532110E-01  0.848598E+02  0.468545E+01
 0.538190E-01  0.818043E+02  0.333578E+01
 0.544270E-01  0.811638E+02  0.631076E+01
 0.550350E-01  0.817184E+02  0.281276E+01
 0.556440E-01  0.820324E+02  0.104145E+01
 0.562520E-01  0.794394E+02  0.109630E+01
 0.568600E-01  0.786332E+02  0.108653E+01
 0.574680E-01  0.769769E+02  0.112516E+01
 0.580760E-01  0.753528E+02  0.103849E+01
 0.586840E-01  0.743073E+02  0.107745E+01
 0.592920E-01  0.729338E+02  0.113212E+01
 0.599000E-01  0.739298E+02  0.107634E+01
 0.605090E-01  0.715885E+02  0.109961E+01
 0.611170E-01  0.723596E+02  0.105149E+01
 0.617250E-01  0.708866E+02  0.106694E+01
 0.623330E-01  0.710472E+02  0.110777E+01
 0.629410E-01  0.693965E+02  0.106058E+01
 0.635490E-01  0.690002E+02  0.123554E+01
 0.641570E-01  0.684383E+02  0.111475E+01
 0.647650E-01  0.688015E+02  0.114463E+01
 0.653740E-01  0.674532E+02  0.103365E+01
 0.659820E-01  0.660395E+02  0.941251E+00
 0.665900E-01  0.650991E+02  0.612575E+01
 0.671980E-01  0.644585E+02  0.148876E+02
 0.678060E-01  0.628825E+02  0.618707E+01
 0.684140E-01  0.611786E+02  0.216681E+01
 0.690220E-01  0.602647E+02  0.122677E+01
 0.696300E-01  0.586199E+02  0.976849E+00
 0.702380E-01  0.565635E+02  0.923937E+00
 0.708470E-01  0.560907E+02  0.974645E+00
 0.714550E-01  0.561863E+02  0.985173E+00
 0.720630E-01  0.565940E+02  0.951686E+00
 0.726710E-01  0.562036E+02  0.927526E+00
 0.732790E-01  0.550060E+02  0.896315E+00
 0.738870E-01  0.541090E+02  0.850314E+00
 0.744950E-01  0.520438E+02  0.880029E+00
 0.751030E-01  0.533929E+02  0.831404E+00
 0.757120E-01  0.526320E+02  0.886219E+00
 0.763200E-01  0.516279E+02  0.890031E+00
 0.769280E-01  0.506080E+02  0.472106E+00
 0.775360E-01  0.497348E+02  0.415171E+00
 0.781440E-01  0.489828E+02  0.447307E+00
 0.787520E-01  0.483554E+02  0.433404E+00
 0.793600E-01  0.481938E+02  0.442405E+00
 0.799680E-01  0.473248E+02  0.460077E+00
 0.805760E-01  0.463036E+02  0.457273E+00
 0.811850E-01  0.451292E+02  0.398479E+00
 0.817930E-01  0.447654E+02  0.401827E+00
 0.824010E-01  0.441516E+02  0.285355E+00
 0.830090E-01  0.431394E+02  0.263898E+00
 0.836170E-01  0.426419E+02  0.249166E+00
 0.842250E-01  0.417190E+02  0.243567E+00
 0.848330E-01  0.413010E+02  0.246667E+00
 0.854410E-01  0.406622E+02  0.248077E+00
 0.860490E-01  0.401694E+02  0.230432E+00
 0.866580E-01  0.397510E+02  0.236721E+00
 0.872660E-01  0.389905E+02  0.264325E+00
 0.878740E-01  0.385806E+02  0.258165E+00
 0.884820E-01  0.377315E+02  0.278202E+00
 0.890900E-01  0.374028E+02  0.269348E+00
 0.896980E-01  0.368186E+02  0.274011E+00
 0.903060E-01  0.360977E+02  0.365578E+00
 0.909140E-01  0.353337E+02  0.258429E+00
 0.915220E-01  0.347538E+02  0.225565E+00
 0.921310E-01  0.340033E+02  0.222573E+00
 0.927390E-01  0.336391E+02  0.238026E+00
 0.933470E-01  0.328050E+02  0.236376E+00
 0.939550E-01  0.322313E+02  0.233560E+00
 0.945630E-01  0.316603E+02  0.235686E+00
 0.951710E-01  0.310309E+02  0.224696E+00
 0.957790E-01  0.308150E+02  0.218443E+00
 0.963870E-01  0.302038E+02  0.214997E+00
 0.969950E-01  0.294561E+02  0.217185E+00
 0.976040E-01  0.292465E+02  0.239671E+00
 0.982120E-01  0.287523E+02  0.218206E+00
 0.988200E-01  0.282498E+02  0.217527E+00
 0.994280E-01  0.279746E+02  0.218038E+00
 0.100036E+00  0.275495E+02  0.225346E+00
 0.100644E+00  0.271108E+02  0.234782E+00
 0.101252E+00  0.265633E+02  0.217171E+00
 0.101860E+00  0.259346E+02  0.217629E+00
 0.102468E+00  0.253810E+02  0.206324E+00
 0.103077E+00  0.248125E+02  0.200329E+00
 0.103685E+00  0.244506E+02  0.201692E+00
 0.104293E+00  0.241596E+02  0.224650E+00
 0.104901E+00  0.237817E+02  0.309886E+00
 0.105509E+00  0.233684E+02  0.237924E+00
 0.106117E+00  0.230353E+02  0.254164E+00
 0.106725E+00  0.225629E+02  0.447692E+00
 0.107333E+00  0.216870E+02  0.262416E+00
 0.107941E+00  0.215273E+02  0.222572E+00
 0.108550E+00  0.211833E+02  0.244856E+00
 0.109158E+00  0.207302E+02  0.423961E+00
 0.109766E+00  0.202903E+02  0.393858E+00
 0.110374E+00  0.200444E+02  0.786190E+00
 0.110982E+00  0.195445E+02  0.393037E+00
 0.111590E+00  0.193354E+02  0.288248E+00
 0.112198E+00  0.191992E+02  0.527505E+00
 0.112806E+00  0.187058E+02  0.292550E+00
 0.113414E+00  0.185433E+02  0.184590E+00
 0.114022E+00  0.180643E+02  0.162698E+00
 0.114631E+00  0.176965E+02  0.170634E+00
 0.115239E+00  0.173798E+02  0.165244E+00
 0.115847E+00  0.170901E+02  0.178731E+00
 0.116455E+00  0.168476E+02  0.181710E+00
 0.117063E+00  0.163260E+02  0.170408E+00
 0.117671E+00  0.161908E+02  0.175092E+00
 0.118279E+00  0.159375E+02  0.179818E+00
 0.118887E+00  0.158369E+02  0.182182E+00
 0.119495E+00  0.156301E+02  0.193016E+00
 0.120103E+00  0.153405E+02  0.228662E+00
 0.120712E+00  0.150225E+02  0.180008E+00
 0.121320E+00  0.148286E+02  0.158367E+00
 0.121928E+00  0.145104E+02  0.152009E+00
 0.122536E+00  0.141503E+02  0.160204E+00
 0.123144E+00  0.139027E+02  0.164598E+00
 0.123752E+00  0.137246E+02  0.162091E+00
 0.124360E+00  0.134193E+02  0.164727E+00
 0.124968E+00  0.131260E+02  0.158953E+00
 0.125576E+00  0.128647E+02  0.178739E+00
 0.126184E+00  0.128036E+02  0.251860E+00
 0.126793E+00  0.126012E+02  0.177021E+00
 0.127401E+00  0.125840E+02  0.161941E+00
 0.128009E+00  0.121322E+02  0.172733E+00
 0.128617E+00  0.119594E+02  0.171226E+00
 0.129225E+00  0.116506E+02  0.151946E+00
 0.129833E+00  0.114593E+02  0.151876E+00
 0.130441E+00  0.113729E+02  0.153882E+00
 0.131049E+00  0.113776E+02  0.152391E+00
 0.131657E+00  0.111021E+02  0.163741E+00
 0.132265E+00  0.109786E+02  0.152664E+00
 0.132873E+00  0.105637E+02  0.152085E+00
 0.133482E+00  0.104803E+02  0.143001E+00
 0.134090E+00  0.102164E+02  0.149200E+00
 0.134698E+00  0.995126E+01  0.158529E+00
 0.135306E+00  0.988970E+01  0.154683E+00
 0.135914E+00  0.971357E+01  0.149908E+00
 0.136522E+00  0.960446E+01  0.161478E+00
 0.137130E+00  0.946148E+01  0.156982E+00
 0.137738E+00  0.913670E+01  0.158303E+00
 0.138346E+00  0.913171E+01  0.146609E+00
 0.138954E+00  0.915609E+01  0.139172E+00
 0.139562E+00  0.913219E+01  0.154108E+00
 0.140171E+00  0.881128E+01  0.146209E+00
 0.140779E+00  0.856009E+01  0.152305E+00
 0.141387E+00  0.851327E+01  0.177673E+00
 0.141995E+00  0.812188E+01  0.218820E+00
 0.142603E+00  0.808930E+01  0.160324E+00
 0.143211E+00  0.818864E+01  0.144103E+00
 0.143819E+00  0.816606E+01  0.140862E+00
 0.144427E+00  0.789166E+01  0.145529E+00
 0.145035E+00  0.788087E+01  0.148055E+00
 0.145643E+00  0.772308E+01  0.145758E+00
 0.146251E+00  0.734817E+01  0.150464E+00
 0.146860E+00  0.728548E+01  0.138626E+00
 0.147468E+00  0.716724E+01  0.141670E+00
 0.148076E+00  0.729611E+01  0.130850E+00
 0.148684E+00  0.702815E+01  0.130042E+00
 0.149292E+00  0.687735E+01  0.136006E+00
 0.149900E+00  0.691275E+01  0.161142E+00
 0.150508E+00  0.674335E+01  0.242465E+00
 0.151116E+00  0.661092E+01  0.157492E+00
 0.151724E+00  0.644942E+01  0.138973E+00
 0.152332E+00  0.633091E+01  0.140288E+00
 0.152940E+00  0.638964E+01  0.137290E+00
 0.153548E+00  0.635106E+01  0.125720E+00
 0.154156E+00  0.619945E+01  0.125172E+00
 0.154765E+00  0.607943E+01  0.123981E+00
 0.155373E+00  0.583002E+01  0.129789E+00
 0.155981E+00  0.589416E+01  0.132296E+00
 0.156589E+00  0.575659E+01  0.134947E+00
 0.157197E+00  0.574577E+01  0.157808E+00
 0.157805E+00  0.572447E+01  0.129497E+00
 0.158413E+00  0.572072E+01  0.128372E+00
 0.159021E+00  0.555474E+01  0.165834E+00
 0.159629E+00  0.548772E+01  0.286148E+00
 0.160237E+00  0.540936E+01  0.180843E+00
 0.160845E+00  0.531038E+01  0.229735E+00
 0.161453E+00  0.525024E+01  0.149902E+00
 0.162061E+00  0.529276E+01  0.133527E+00
 0.162670E+00  0.525126E+01  0.168376E+00
 0.163278E+00  0.509466E+01  0.145872E+00
 0.163886E+00  0.506779E+01  0.175064E+00
 0.164494E+00  0.500011E+01  0.134680E+00
 0.165102E+00  0.487088E+01  0.124282E+00
 0.165710E+00  0.486722E+01  0.118844E+00
 0.166318E+00  0.478443E+01  0.122069E+00
 0.166926E+00  0.470815E+01  0.123035E+00
 0.167534E+00  0.461666E+01  0.122190E+00
 0.168142E+00  0.450848E+01  0.120511E+00
 0.168750E+00  0.451451E+01  0.124205E+00
 0.169358E+00  0.444872E+01  0.126726E+00
 0.169966E+00  0.448968E+01  0.134809E+00
 0.170574E+00  0.442868E+01  0.130324E+00
 0.171183E+00  0.440157E+01  0.125097E+00
 0.171791E+00  0.443385E+01  0.125813E+00
 0.172399E+00  0.440676E+01  0.120597E+00
 0.173007E+00  0.435425E+01  0.127290E+00
 0.173615E+00  0.432774E+01  0.123420E+00
 0.174223E+00  0.420499E+01  0.124982E+00
 0.174831E+00  0.406917E+01  0.118392E+00
 0.175439E+00  0.402287E+01  0.120984E+00
 0.176047E+00  0.391560E+01  0.120035E+00
 0.176655E+00  0.389139E+01  0.117472E+00
 0.177263E+00  0.379928E+01  0.115128E+00
 0.177871E+00  0.360637E+01  0.116944E+00
 0.178479E+00  0.356685E+01  0.125573E+00
 0.179087E+00  0.347981E+01  0.159418E+00
 0.179695E+00  0.353579E+01  0.129547E+00
 0.180304E+00  0.346105E+01  0.134657E+00
 0.180912E+00  0.338750E+01  0.125613E+00
 0.181520E+00  0.352419E+01  0.130605E+00
 0.182128E+00  0.345752E+01  0.139368E+00
 0.182736E+00  0.348191E+01  0.123207E+00
 0.183344E+00  0.357102E+01  0.137850E+00
 0.183952E+00  0.350923E+01  0.125872E+00
 0.184560E+00  0.348994E+01  0.122814E+00
 0.185168E+00  0.342566E+01  0.119084E+00
 0.185776E+00  0.330397E+01  0.115475E+00
 0.186384E+00  0.319538E+01  0.114209E+00
 0.186992E+00  0.316982E+01  0.118963E+00
 0.187600E+00  0.326064E+01  0.121461E+00
 0.188208E+00  0.329825E+01  0.144933E+00
 0.188816E+00  0.309717E+01  0.122607E+00
 0.189424E+00  0.315039E+01  0.120703E+00
 0.190032E+00  0.314629E+01  0.147346E+00
 0.190641E+00  0.330433E+01  0.121439E+00
 0.191249E+00  0.304732E+01  0.118499E+00
 0.191857E+00  0.305065E+01  0.117918E+00
 0.192465E+00  0.293547E+01  0.115757E+00
 0.193073E+00  0.286353E+01  0.115324E+00
 0.193681E+00  0.281703E+01  0.109601E+00
 0.194289E+00  0.272561E+01  0.110792E+00
 0.194897E+00  0.283915E+01  0.111635E+00
 0.195505E+00  0.279654E+01  0.113770E+00
 0.196113E+00  0.263488E+01  0.111994E+00
 0.196721E+00  0.259929E+01  0.108199E+00
 0.197329E+00  0.263411E+01  0.115551E+00
 0.197937E+00  0.261953E+01  0.116423E+00
 0.198545E+00  0.264380E+01  0.126758E+00
 0.199153E+00  0.264525E+01  0.113012E+00
 0.199761E+00  0.251842E+01  0.112263E+00
 0.200369E+00  0.248174E+01  0.116233E+00
 0.200977E+00  0.243483E+01  0.109452E+00
 0.201585E+00  0.259703E+01  0.116257E+00
 0.202193E+00  0.259265E+01  0.112808E+00
 0.202802E+00  0.253841E+01  0.116194E+00
 0.203410E+00  0.251389E+01  0.111816E+00
 0.204018E+00  0.240954E+01  0.111454E+00
 0.204626E+00  0.229494E+01  0.108345E+00
 0.205234E+00  0.227782E+01  0.112190E+00
 0.205842E+00  0.238041E+01  0.111316E+00
 0.206450E+00  0.236833E+01  0.148767E+00
 0.207058E+00  0.238313E+01  0.135334E+00
 0.207666E+00  0.235787E+01  0.110509E+00
 0.208274E+00  0.225627E+01  0.107780E+00
 0.208882E+00  0.214018E+01  0.109302E+00
 0.209490E+00  0.203737E+01  0.104172E+00
 0.210098E+00  0.199799E+01  0.107174E+00
 0.210706E+00  0.198657E+01  0.107375E+00
 0.211314E+00  0.199480E+01  0.108242E+00
 0.211922E+00  0.195566E+01  0.110170E+00
 0.212530E+00  0.187820E+01  0.134789E+00
 0.213138E+00  0.192909E+01  0.173089E+00
 0.213746E+00  0.195035E+01  0.154059E+00
 0.214354E+00  0.203618E+01  0.189819E+00
 0.214962E+00  0.211049E+01  0.121717E+00
 0.215570E+00  0.194769E+01  0.106674E+00
 0.216178E+00  0.204478E+01  0.102263E+00
 0.216786E+00  0.190726E+01  0.105837E+00
 0.217394E+00  0.191835E+01  0.104869E+00
 0.218002E+00  0.177349E+01  0.106862E+00
 0.218610E+00  0.173422E+01  0.142497E+00
 0.219219E+00  0.167239E+01  0.255138E+00
 0.219827E+00  0.175087E+01  0.145084E+00
 0.220435E+00  0.175188E+01  0.131325E+00
 0.221043E+00  0.181659E+01  0.115966E+00
 0.221651E+00  0.196206E+01  0.110738E+00
 0.222259E+00  0.193453E+01  0.132476E+00
 0.222867E+00  0.188489E+01  0.140804E+00
 0.223475E+00  0.179990E+01  0.255353E+00
 0.224083E+00  0.180988E+01  0.149427E+00
 0.224691E+00  0.178248E+01  0.150647E+00
 0.225299E+00  0.181858E+01  0.114279E+00
 0.225907E+00  0.169219E+01  0.100733E+00
 0.226515E+00  0.169693E+01  0.101381E+00
 0.227123E+00  0.165008E+01  0.101010E+00
 0.227731E+00  0.166477E+01  0.103619E+00
 0.228339E+00  0.167090E+01  0.103528E+00
 0.228947E+00  0.151817E+01  0.144243E+00
 0.229555E+00  0.164336E+01  0.254473E+00
 0.230163E+00  0.159508E+01  0.215285E+00
 0.230771E+00  0.145016E+01  0.376873E+00
 0.231379E+00  0.148876E+01  0.181075E+00
 0.231987E+00  0.146972E+01  0.104126E+00
 0.232595E+00  0.157796E+01  0.105310E+00
 0.233203E+00  0.154312E+01  0.975538E-01
 0.233811E+00  0.144218E+01  0.101260E+00
 0.234419E+00  0.146427E+01  0.981968E-01
 0.235027E+00  0.153397E+01  0.985780E-01
 0.235635E+00  0.144436E+01  0.101069E+00
 0.236243E+00  0.148616E+01  0.974283E-01
 0.236851E+00  0.148490E+01  0.982468E-01
 0.237459E+00  0.156082E+01  0.100335E+00
 0.238067E+00  0.176369E+01  0.967489E-01
 0.238675E+00  0.174920E+01  0.928805E-01
 0.239283E+00  0.153592E+01  0.966096E-01
 0.239891E+00  0.148926E+01  0.997029E-01
 0.240499E+00  0.139777E+01  0.101839E+00
 0.241107E+00  0.146364E+01  0.106325E+00
 0.241715E+00  0.150974E+01  0.102934E+00
 0.242323E+00  0.135969E+01  0.109087E+00
 0.242931E+00  0.136049E+01  0.129762E+00
 0.243539E+00  0.138652E+01  0.104208E+00
 0.244147E+00  0.132776E+01  0.105111E+00
 0.244755E+00  0.131080E+01  0.106922E+00
 0.245363E+00  0.133201E+01  0.116898E+00
 0.245971E+00  0.131540E+01  0.100800E+00
 0.246579E+00  0.133584E+01  0.107455E+00
 0.247187E+00  0.131448E+01  0.991916E-01
 0.247795E+00  0.139612E+01  0.936739E-01
 0.248403E+00  0.138131E+01  0.940666E-01
 0.249011E+00  0.126150E+01  0.103579E+00
 0.249619E+00  0.126853E+01  0.106011E+00
 0.250227E+00  0.128123E+01  0.129411E+00
 0.250835E+00  0.141607E+01  0.217084E+00
 0.251443E+00  0.141992E+01  0.314592E+00
 0.252051E+00  0.142845E+01  0.201679E+00
 0.252659E+00  0.139089E+01  0.158310E+00
 0.253267E+00  0.128516E+01  0.158911E+00
 0.253875E+00  0.125547E+01  0.110689E+00
 0.254483E+00  0.122823E+01  0.103065E+00
 0.255091E+00  0.116879E+01  0.106992E+00
 0.255699E+00  0.126456E+01  0.968533E-01
 0.256307E+00  0.126223E+01  0.958896E-01
 0.256915E+00  0.114583E+01  0.112321E+00
 0.257523E+00  0.112350E+01  0.189944E+00
 0.258131E+00  0.108225E+01  0.159282E+00
 0.258739E+00  0.111283E+01  0.112136E+00
 0.259347E+00  0.104442E+01  0.107017E+00
 0.259955E+00  0.128857E+01  0.116266E+00
 0.260563E+00  0.130348E+01  0.946253E-01
 0.261171E+00  0.123202E+01  0.950418E-01
 0.261779E+00  0.142443E+01  0.104688E+00
 0.262387E+00  0.131705E+01  0.113987E+00
 0.262995E+00  0.118259E+01  0.987490E-01
 0.263603E+00  0.113732E+01  0.903699E-01
 0.264211E+00  0.122270E+01  0.880538E-01
 0.264819E+00  0.112860E+01  0.944682E-01
 0.265427E+00  0.977512E+00  0.921605E-01
 0.266035E+00  0.110170E+01  0.963726E-01
 0.266643E+00  0.105933E+01  0.102829E+00
 0.267251E+00  0.105117E+01  0.101480E+00
 0.267859E+00  0.101697E+01  0.116075E+00
 0.268467E+00  0.113761E+01  0.975202E-01
 0.269075E+00  0.111990E+01  0.959010E-01
 0.269683E+00  0.114320E+01  0.904033E-01
 0.270291E+00  0.107209E+01  0.932664E-01
 0.270899E+00  0.101555E+01  0.871637E-01
 0.271507E+00  0.954526E+00  0.965267E-01
 0.272115E+00  0.105862E+01  0.119454E+00
 0.272723E+00  0.979513E+00  0.929075E-01
 0.273331E+00  0.890461E+00  0.869995E-01
 0.273939E+00  0.851753E+00  0.103686E+00
 0.274547E+00  0.906364E+00  0.156367E+00
 0.275155E+00  0.103232E+01  0.165921E+00
 0.275763E+00  0.109738E+01  0.111920E+00
 0.276371E+00  0.993626E+00  0.983584E-01
 0.276979E+00  0.115318E+01  0.936164E-01
 0.277587E+00  0.103793E+01  0.107594E+00
 0.278195E+00  0.998490E+00  0.129447E+00
 0.278803E+00  0.963398E+00  0.192701E+00
 0.279411E+00  0.878864E+00  0.156781E+00
 0.280019E+00  0.865249E+00  0.100643E+00
 0.280626E+00  0.892620E+00  0.105671E+00
 0.281234E+00  0.827767E+00  0.160798E+00
 0.281842E+00  0.807008E+00  0.192620E+00
 0.282450E+00  0.767414E+00  0.180991E+00
 0.283058E+00  0.893503E+00  0.134245E+00
 0.283666E+00  0.889074E+00  0.141403E+00
 0.284274E+00  0.825547E+00  0.120443E+00
 0.284882E+00  0.885263E+00  0.191137E+00
 0.285490E+00  0.829875E+00  0.109952E+00
 0.286098E+00  0.813706E+00  0.877048E-01
 0.286706E+00  0.866407E+00  0.954301E-01
 0.287314E+00  0.954580E+00  0.110580E+00
 0.287922E+00  0.955596E+00  0.125402E+00
 0.288530E+00  0.873051E+00  0.971742E-01
 0.289138E+00  0.892020E+00  0.863038E-01
 0.289746E+00  0.902475E+00  0.801610E-01
 0.290354E+00  0.876548E+00  0.836906E-01
 0.290962E+00  0.903950E+00  0.814196E-01
 0.291570E+00  0.839753E+00  0.796688E-01
 0.292178E+00  0.838036E+00  0.842985E-01
 0.292786E+00  0.811292E+00  0.104329E+00
 0.293394E+00  0.778810E+00  0.150740E+00
 0.294002E+00  0.820000E+00  0.127900E+00
 0.294610E+00  0.772130E+00  0.132524E+00
 0.295217E+00  0.756541E+00  0.121876E+00
 0.295825E+00  0.758018E+00  0.101068E+00
 0.296433E+00  0.788956E+00  0.927491E-01
 0.297041E+00  0.705660E+00  0.132996E+00
 0.297649E+00  0.766893E+00  0.159788E+00
 0.298257E+00  0.745028E+00  0.103406E+00
 0.298865E+00  0.645429E+00  0.102076E+00
 0.299473E+00  0.643451E+00  0.901084E-01
 0.300081E+00  0.533563E+00  0.876743E-01
 0.300689E+00  0.655852E+00  0.834513E-01
 0.301297E+00  0.682692E+00  0.105342E+00
 0.301905E+00  0.726146E+00  0.111127E+00
 0.302513E+00  0.743439E+00  0.178057E+00
 0.303121E+00  0.842238E+00  0.218407E+00
 0.303729E+00  0.743102E+00  0.136324E+00
 0.304337E+00  0.671703E+00  0.178380E+00
 0.304945E+00  0.738451E+00  0.101981E+00
 0.305553E+00  0.658754E+00  0.786121E-01
 0.306160E+00  0.800576E+00  0.872717E-01
 0.306768E+00  0.798916E+00  0.137018E+00
 0.307376E+00  0.726643E+00  0.919936E-01
 0.307984E+00  0.736546E+00  0.918900E-01
 0.308592E+00  0.681007E+00  0.110060E+00
 0.309200E+00  0.734601E+00  0.923389E-01
 0.309808E+00  0.747129E+00  0.847483E-01
 0.310416E+00  0.784246E+00  0.795244E-01
 0.311024E+00  0.621899E+00  0.734134E-01
 0.311632E+00  0.634945E+00  0.814383E-01
 0.312240E+00  0.579968E+00  0.116491E+00
 0.312848E+00  0.668819E+00  0.150947E+00
 0.313456E+00  0.681356E+00  0.966366E-01
 0.314064E+00  0.641120E+00  0.946790E-01
 0.314671E+00  0.679205E+00  0.772190E-01
 0.315279E+00  0.626737E+00  0.719897E-01
 0.315887E+00  0.590569E+00  0.780874E-01

# Following corresponds to: sam_3.dat

0.2281E-01 0.8859E+02 0.2617E+01
0.2341E-01 0.8665E+02 0.2311E+01
0.2402E-01 0.8601E+02 0.2574E+01
0.2463E-01 0.8298E+02 0.2986E+01
0.2524E-01 0.8450E+02 0.2775E+01
0.2585E-01 0.8516E+02 0.2779E+01
0.2645E-01 0.8266E+02 0.2799E+01
0.2706E-01 0.8153E+02 0.2537E+01
0.2767E-01 0.8117E+02 0.2874E+01
0.2828E-01 0.7938E+02 0.2501E+01
0.2889E-01 0.7961E+02 0.2226E+01
0.2949E-01 0.8301E+02 0.2136E+01
0.3010E-01 0.8107E+02 0.1954E+01
0.3071E-01 0.8155E+02 0.1883E+01
0.3132E-01 0.7997E+02 0.2058E+01
0.3193E-01 0.7524E+02 0.1902E+01
0.3254E-01 0.7252E+02 0.1899E+01
0.3314E-01 0.7377E+02 0.2029E+01
0.3375E-01 0.7513E+02 0.2781E+01
0.3436E-01 0.7510E+02 0.5222E+01
0.3497E-01 0.7599E+02 0.2834E+01
0.3558E-01 0.7532E+02 0.2669E+01
0.3618E-01 0.7693E+02 0.1689E+01
0.3679E-01 0.7480E+02 0.1454E+01
0.3740E-01 0.7353E+02 0.1662E+01
0.3801E-01 0.7407E+02 0.1517E+01
0.3862E-01 0.7131E+02 0.1666E+01
0.3922E-01 0.7245E+02 0.1751E+01
0.3983E-01 0.7115E+02 0.1601E+01
0.4044E-01 0.7174E+02 0.1411E+01
0.4105E-01 0.7124E+02 0.1475E+01
0.4166E-01 0.7200E+02 0.1381E+01
0.4227E-01 0.6960E+02 0.1359E+01
0.4287E-01 0.6802E+02 0.1414E+01
0.4348E-01 0.6666E+02 0.1486E+01
0.4409E-01 0.6613E+02 0.1416E+01
0.4470E-01 0.6605E+02 0.1383E+01
0.4531E-01 0.6531E+02 0.1224E+01
0.4591E-01 0.6654E+02 0.1245E+01
0.4652E-01 0.6498E+02 0.1175E+01
0.4713E-01 0.6419E+02 0.1210E+01
0.4774E-01 0.6327E+02 0.1146E+01
0.4835E-01 0.6147E+02 0.1094E+01
0.4895E-01 0.6093E+02 0.1041E+01
0.4956E-01 0.5989E+02 0.1144E+01
0.5017E-01 0.5744E+02 0.1206E+01
0.5078E-01 0.5879E+02 0.1128E+01
0.5139E-01 0.5721E+02 0.1238E+01
0.5200E-01 0.5739E+02 0.1114E+01
0.5260E-01 0.5655E+02 0.1161E+01
0.5321E-01 0.5610E+02 0.1149E+01
0.5382E-01 0.5719E+02 0.1199E+01
0.5443E-01 0.5631E+02 0.1158E+01
0.5504E-01 0.5750E+02 0.1149E+01
0.5564E-01 0.5556E+02 0.1041E+01
0.5625E-01 0.5514E+02 0.1093E+01
0.5686E-01 0.5484E+02 0.1074E+01
0.5747E-01 0.5345E+02 0.1104E+01
0.5808E-01 0.5316E+02 0.1052E+01
0.5868E-01 0.5252E+02 0.1021E+01
0.5929E-01 0.5096E+02 0.1105E+01
0.5990E-01 0.5031E+02 0.9871E+00
0.6051E-01 0.4923E+02 0.9947E+00
0.6112E-01 0.4861E+02 0.9698E+00
0.6173E-01 0.4951E+02 0.9429E+00
0.6233E-01 0.4748E+02 0.9549E+00
0.6294E-01 0.4819E+02 0.9542E+00
0.6355E-01 0.4716E+02 0.1052E+01
0.6416E-01 0.4717E+02 0.1034E+01
0.6477E-01 0.4594E+02 0.9278E+00
0.6537E-01 0.4558E+02 0.8992E+00
0.6598E-01 0.4465E+02 0.9048E+00
0.6659E-01 0.4396E+02 0.8639E+00
0.6720E-01 0.4163E+02 0.8876E+00
0.6781E-01 0.4195E+02 0.8671E+00
0.6841E-01 0.4128E+02 0.8557E+00
0.6902E-01 0.4063E+02 0.9024E+00
0.6963E-01 0.4003E+02 0.8420E+00
0.7024E-01 0.3915E+02 0.8684E+00
0.7085E-01 0.3806E+02 0.9345E+00
0.7146E-01 0.3794E+02 0.8994E+00
0.7206E-01 0.3836E+02 0.8385E+00
0.7267E-01 0.3816E+02 0.8893E+00
0.7328E-01 0.3749E+02 0.8627E+00
0.7389E-01 0.3649E+02 0.8612E+00
0.7450E-01 0.3517E+02 0.7935E+00
0.7510E-01 0.3596E+02 0.4218E+00
0.7571E-01 0.3516E+02 0.4044E+00
0.7632E-01 0.3538E+02 0.4053E+00
0.7693E-01 0.3462E+02 0.5199E+00
0.7754E-01 0.3430E+02 0.5193E+00
0.7814E-01 0.3324E+02 0.6968E+00
0.7875E-01 0.3327E+02 0.6764E+00
0.7936E-01 0.3276E+02 0.3870E+00
0.7997E-01 0.3234E+02 0.6090E+00
0.8058E-01 0.3181E+02 0.3300E+00
0.8119E-01 0.3132E+02 0.2545E+00
0.8179E-01 0.3080E+02 0.2537E+00
0.8240E-01 0.3028E+02 0.2592E+00
0.8301E-01 0.2974E+02 0.2523E+00
0.8362E-01 0.2943E+02 0.2474E+00
0.8423E-01 0.2870E+02 0.2231E+00
0.8483E-01 0.2855E+02 0.2336E+00
0.8544E-01 0.2795E+02 0.2353E+00
0.8605E-01 0.2754E+02 0.2338E+00
0.8666E-01 0.2719E+02 0.2240E+00
0.8727E-01 0.2647E+02 0.2318E+00
0.8787E-01 0.2622E+02 0.2191E+00
0.8848E-01 0.2611E+02 0.2214E+00
0.8909E-01 0.2563E+02 0.2500E+00
0.8970E-01 0.2540E+02 0.2277E+00
0.9031E-01 0.2476E+02 0.2442E+00
0.9091E-01 0.2439E+02 0.2305E+00
0.9152E-01 0.2394E+02 0.2140E+00
0.9213E-01 0.2364E+02 0.2141E+00
0.9274E-01 0.2314E+02 0.2144E+00
0.9335E-01 0.2272E+02 0.2205E+00
0.9396E-01 0.2260E+02 0.2175E+00
0.9456E-01 0.2239E+02 0.2278E+00
0.9517E-01 0.2180E+02 0.2295E+00
0.9578E-01 0.2137E+02 0.2286E+00
0.9639E-01 0.2107E+02 0.2226E+00
0.9700E-01 0.2062E+02 0.2559E+00
0.9760E-01 0.2043E+02 0.2179E+00
0.9821E-01 0.2003E+02 0.1949E+00
0.9882E-01 0.1972E+02 0.1957E+00
0.9943E-01 0.1916E+02 0.1946E+00
0.1000E+00 0.1879E+02 0.2098E+00
0.1006E+00 0.1803E+02 0.2045E+00
0.1013E+00 0.1803E+02 0.1932E+00
0.1019E+00 0.1780E+02 0.1933E+00
0.1025E+00 0.1739E+02 0.1952E+00
0.1031E+00 0.1724E+02 0.1929E+00
0.1037E+00 0.1683E+02 0.1957E+00
0.1043E+00 0.1636E+02 0.1886E+00
0.1049E+00 0.1638E+02 0.1975E+00
0.1055E+00 0.1611E+02 0.2341E+00
0.1061E+00 0.1586E+02 0.1969E+00
0.1067E+00 0.1534E+02 0.1940E+00
0.1073E+00 0.1522E+02 0.2082E+00
0.1079E+00 0.1484E+02 0.1987E+00
0.1086E+00 0.1479E+02 0.1957E+00
0.1092E+00 0.1451E+02 0.1912E+00
0.1098E+00 0.1423E+02 0.1941E+00
0.1104E+00 0.1396E+02 0.1824E+00
0.1110E+00 0.1363E+02 0.1786E+00
0.1116E+00 0.1337E+02 0.1682E+00
0.1122E+00 0.1325E+02 0.1799E+00
0.1128E+00 0.1301E+02 0.1728E+00
0.1134E+00 0.1285E+02 0.1701E+00
0.1140E+00 0.1280E+02 0.1578E+00
0.1146E+00 0.1249E+02 0.1603E+00
0.1152E+00 0.1224E+02 0.1624E+00
0.1158E+00 0.1199E+02 0.1649E+00
0.1165E+00 0.1172E+02 0.1679E+00
0.1171E+00 0.1142E+02 0.1749E+00
0.1177E+00 0.1140E+02 0.1706E+00
0.1183E+00 0.1122E+02 0.1758E+00
0.1189E+00 0.1087E+02 0.1799E+00
0.1195E+00 0.1077E+02 0.1723E+00
0.1201E+00 0.1081E+02 0.1721E+00
0.1207E+00 0.1077E+02 0.1596E+00
0.1213E+00 0.1038E+02 0.1601E+00
0.1219E+00 0.1005E+02 0.1611E+00
0.1225E+00 0.9716E+01 0.1603E+00
0.1231E+00 0.9346E+01 0.1673E+00
0.1238E+00 0.9140E+01 0.1577E+00
0.1244E+00 0.9131E+01 0.1585E+00
0.1250E+00 0.9064E+01 0.1515E+00
0.1256E+00 0.8931E+01 0.1598E+00
0.1262E+00 0.8939E+01 0.1635E+00
0.1268E+00 0.8994E+01 0.1532E+00
0.1274E+00 0.8640E+01 0.1506E+00
0.1280E+00 0.8652E+01 0.1473E+00
0.1286E+00 0.8305E+01 0.1574E+00
0.1292E+00 0.8142E+01 0.1574E+00
0.1298E+00 0.7772E+01 0.1500E+00
0.1304E+00 0.7683E+01 0.1541E+00
0.1310E+00 0.7450E+01 0.1561E+00
0.1317E+00 0.7435E+01 0.1652E+00
0.1323E+00 0.7481E+01 0.1665E+00
0.1329E+00 0.7355E+01 0.1706E+00
0.1335E+00 0.7282E+01 0.1563E+00
0.1341E+00 0.7251E+01 0.1619E+00
0.1347E+00 0.6979E+01 0.1490E+00
0.1353E+00 0.6753E+01 0.1555E+00
0.1359E+00 0.6784E+01 0.1562E+00
0.1365E+00 0.6431E+01 0.1815E+00
0.1371E+00 0.6641E+01 0.2143E+00
0.1377E+00 0.6518E+01 0.1699E+00
0.1383E+00 0.6438E+01 0.1952E+00
0.1390E+00 0.6412E+01 0.1647E+00
0.1396E+00 0.6083E+01 0.1635E+00
0.1402E+00 0.6072E+01 0.1759E+00
0.1408E+00 0.5997E+01 0.1529E+00
0.1414E+00 0.5851E+01 0.1699E+00
0.1420E+00 0.5698E+01 0.1435E+00
0.1426E+00 0.5688E+01 0.1371E+00
0.1432E+00 0.5459E+01 0.1334E+00
0.1438E+00 0.5476E+01 0.1356E+00
0.1444E+00 0.5437E+01 0.1409E+00
0.1450E+00 0.5331E+01 0.1440E+00
0.1456E+00 0.5112E+01 0.1485E+00
0.1463E+00 0.5047E+01 0.1468E+00
0.1469E+00 0.4963E+01 0.1483E+00
0.1475E+00 0.5035E+01 0.1395E+00
0.1481E+00 0.5012E+01 0.1353E+00
0.1487E+00 0.5162E+01 0.1348E+00
0.1493E+00 0.4913E+01 0.1328E+00
0.1499E+00 0.5049E+01 0.1399E+00
0.1505E+00 0.4953E+01 0.1414E+00
0.1511E+00 0.4843E+01 0.1483E+00
0.1517E+00 0.4777E+01 0.1781E+00
0.1523E+00 0.4704E+01 0.1499E+00
0.1529E+00 0.4344E+01 0.1572E+00
0.1535E+00 0.4371E+01 0.1458E+00
0.1542E+00 0.4325E+01 0.2018E+00
0.1548E+00 0.4329E+01 0.2986E+00
0.1554E+00 0.4282E+01 0.6436E+00
0.1560E+00 0.4170E+01 0.7948E+00
0.1566E+00 0.4141E+01 0.3717E+00
0.1572E+00 0.3805E+01 0.2334E+00
0.1578E+00 0.3787E+01 0.1500E+00
0.1584E+00 0.3631E+01 0.1310E+00
0.1590E+00 0.3610E+01 0.1271E+00
0.1596E+00 0.3662E+01 0.1269E+00
0.1602E+00 0.3663E+01 0.1282E+00
0.1608E+00 0.3615E+01 0.1285E+00
0.1615E+00 0.3737E+01 0.1281E+00
0.1621E+00 0.3672E+01 0.1233E+00
0.1627E+00 0.3562E+01 0.1289E+00
0.1633E+00 0.3491E+01 0.1284E+00
0.1639E+00 0.3425E+01 0.1270E+00
0.1645E+00 0.3509E+01 0.1270E+00
0.1651E+00 0.3441E+01 0.1252E+00
0.1657E+00 0.3479E+01 0.1279E+00
0.1663E+00 0.3466E+01 0.1310E+00
0.1669E+00 0.3377E+01 0.1371E+00
0.1675E+00 0.3115E+01 0.1341E+00
0.1681E+00 0.3075E+01 0.1267E+00
0.1688E+00 0.2967E+01 0.1226E+00
0.1694E+00 0.3003E+01 0.1282E+00
0.1700E+00 0.2887E+01 0.1271E+00
0.1706E+00 0.2917E+01 0.1357E+00
0.1712E+00 0.2915E+01 0.1344E+00
0.1718E+00 0.3079E+01 0.1371E+00
0.1724E+00 0.2943E+01 0.1328E+00
0.1730E+00 0.2844E+01 0.1313E+00
0.1736E+00 0.2845E+01 0.1289E+00
0.1742E+00 0.2787E+01 0.1415E+00
0.1748E+00 0.2703E+01 0.1285E+00
0.1754E+00 0.2688E+01 0.1383E+00
0.1760E+00 0.2668E+01 0.1288E+00
0.1767E+00 0.2637E+01 0.1279E+00
0.1773E+00 0.2612E+01 0.1293E+00
0.1779E+00 0.2579E+01 0.1320E+00
0.1785E+00 0.2698E+01 0.1277E+00
0.1791E+00 0.2571E+01 0.1213E+00
0.1797E+00 0.2576E+01 0.1275E+00
0.1803E+00 0.2348E+01 0.1275E+00
0.1809E+00 0.2522E+01 0.1317E+00
0.1815E+00 0.2443E+01 0.1278E+00
0.1821E+00 0.2463E+01 0.1216E+00
0.1827E+00 0.2332E+01 0.1255E+00
0.1833E+00 0.2371E+01 0.1271E+00
0.1840E+00 0.2298E+01 0.1238E+00
0.1846E+00 0.2310E+01 0.1175E+00
0.1852E+00 0.2192E+01 0.1383E+00
0.1858E+00 0.2160E+01 0.2355E+00
0.1864E+00 0.2159E+01 0.3687E+00
0.1870E+00 0.2264E+01 0.1852E+00
0.1876E+00 0.2149E+01 0.1260E+00
0.1882E+00 0.2202E+01 0.1286E+00
0.1888E+00 0.1980E+01 0.1300E+00
0.1894E+00 0.2038E+01 0.1468E+00
0.1900E+00 0.2003E+01 0.1418E+00
0.1906E+00 0.2058E+01 0.1270E+00
0.1912E+00 0.1847E+01 0.1440E+00
0.1919E+00 0.1860E+01 0.1613E+00
0.1925E+00 0.1819E+01 0.3951E+00
0.1931E+00 0.1969E+01 0.7110E+00
0.1937E+00 0.2035E+01 0.3133E+00
0.1943E+00 0.1872E+01 0.1977E+00
0.1949E+00 0.1984E+01 0.1318E+00
0.1955E+00 0.1951E+01 0.1157E+00
0.1961E+00 0.1889E+01 0.1152E+00
0.1967E+00 0.1968E+01 0.1256E+00
0.1973E+00 0.1839E+01 0.1796E+00
0.1979E+00 0.2053E+01 0.1937E+00
0.1985E+00 0.1962E+01 0.1337E+00
0.1992E+00 0.1921E+01 0.1255E+00
0.1998E+00 0.1941E+01 0.1161E+00
0.2004E+00 0.1902E+01 0.1178E+00
0.2010E+00 0.1907E+01 0.1116E+00
0.2016E+00 0.1946E+01 0.1158E+00
0.2022E+00 0.1713E+01 0.1144E+00
0.2028E+00 0.1694E+01 0.1102E+00
0.2034E+00 0.1677E+01 0.1194E+00
0.2040E+00 0.1523E+01 0.1140E+00
0.2046E+00 0.1547E+01 0.1152E+00
0.2052E+00 0.1463E+01 0.1185E+00
0.2058E+00 0.1574E+01 0.1135E+00
0.2065E+00 0.1728E+01 0.1176E+00
0.2071E+00 0.1781E+01 0.1157E+00
0.2077E+00 0.1631E+01 0.1173E+00
0.2083E+00 0.1672E+01 0.1643E+00
0.2089E+00 0.1568E+01 0.3099E+00
0.2095E+00 0.1746E+01 0.2628E+00
0.2101E+00 0.1597E+01 0.4907E+00
0.2107E+00 0.1499E+01 0.2329E+00
0.2113E+00 0.1540E+01 0.1295E+00
0.2119E+00 0.1544E+01 0.1242E+00
0.2125E+00 0.1487E+01 0.1249E+00
0.2131E+00 0.1429E+01 0.1413E+00
0.2137E+00 0.1362E+01 0.1945E+00
0.2144E+00 0.1455E+01 0.1348E+00
0.2150E+00 0.1309E+01 0.1363E+00
0.2156E+00 0.1438E+01 0.1151E+00
0.2162E+00 0.1317E+01 0.1102E+00
0.2168E+00 0.1260E+01 0.1080E+00
0.2174E+00 0.1258E+01 0.1081E+00
0.2180E+00 0.1139E+01 0.1077E+00
0.2186E+00 0.1173E+01 0.1037E+00
0.2192E+00 0.1326E+01 0.1125E+00
0.2198E+00 0.1267E+01 0.1093E+00
0.2204E+00 0.1356E+01 0.1125E+00
0.2210E+00 0.1259E+01 0.1131E+00
0.2217E+00 0.1348E+01 0.1071E+00
0.2223E+00 0.1273E+01 0.1168E+00
0.2229E+00 0.1318E+01 0.1181E+00
0.2235E+00 0.1270E+01 0.1149E+00
0.2241E+00 0.1309E+01 0.1135E+00
0.2247E+00 0.1181E+01 0.1327E+00
0.2253E+00 0.1233E+01 0.1323E+00
0.2259E+00 0.1159E+01 0.2073E+00
0.2265E+00 0.1256E+01 0.1268E+00
0.2271E+00 0.1316E+01 0.1170E+00
0.2277E+00 0.1258E+01 0.2502E+00
0.2283E+00 0.1280E+01 0.4782E+00
0.2289E+00 0.1246E+01 0.2188E+00
0.2296E+00 0.1214E+01 0.1145E+00
0.2302E+00 0.1272E+01 0.1140E+00
0.2308E+00 0.1199E+01 0.9833E-01
0.2314E+00 0.1127E+01 0.9961E-01
0.2320E+00 0.1119E+01 0.1012E+00
0.2326E+00 0.1178E+01 0.1053E+00
0.2332E+00 0.1101E+01 0.9894E-01
0.2338E+00 0.1169E+01 0.1017E+00
0.2344E+00 0.1068E+01 0.1056E+00
0.2350E+00 0.9351E+00 0.1016E+00
0.2356E+00 0.9028E+00 0.1024E+00
0.2362E+00 0.1047E+01 0.1006E+00
0.2369E+00 0.1054E+01 0.1016E+00
0.2375E+00 0.1008E+01 0.1104E+00
0.2381E+00 0.9681E+00 0.1037E+00
0.2387E+00 0.9857E+00 0.9951E-01
0.2393E+00 0.1012E+01 0.1031E+00
0.2399E+00 0.1019E+01 0.9850E-01
0.2405E+00 0.9398E+00 0.1001E+00
0.2411E+00 0.9114E+00 0.1012E+00
0.2417E+00 0.9849E+00 0.1037E+00
0.2423E+00 0.1009E+01 0.1012E+00
0.2429E+00 0.9102E+00 0.1016E+00
0.2435E+00 0.9375E+00 0.1061E+00
0.2441E+00 0.8098E+00 0.9578E-01
0.2448E+00 0.1023E+01 0.9814E-01
0.2454E+00 0.8344E+00 0.9638E-01
0.2460E+00 0.8231E+00 0.9986E-01
0.2466E+00 0.8109E+00 0.1051E+00
0.2472E+00 0.9183E+00 0.1184E+00
0.2478E+00 0.9097E+00 0.1003E+00
0.2484E+00 0.9003E+00 0.9512E-01
0.2490E+00 0.9304E+00 0.1029E+00
0.2496E+00 0.1013E+01 0.1051E+00
0.2502E+00 0.9829E+00 0.1138E+00
0.2508E+00 0.8919E+00 0.1362E+00
0.2514E+00 0.7938E+00 0.1795E+00
0.2521E+00 0.8683E+00 0.2471E+00
0.2527E+00 0.9056E+00 0.2023E+00
0.2533E+00 0.9677E+00 0.1210E+00
0.2539E+00 0.9918E+00 0.9942E-01
0.2545E+00 0.9217E+00 0.9938E-01
0.2551E+00 0.8819E+00 0.9808E-01
0.2557E+00 0.9074E+00 0.9648E-01
0.2563E+00 0.9499E+00 0.1057E+00
0.2569E+00 0.9305E+00 0.1106E+00
0.2575E+00 0.8628E+00 0.1626E+00
0.2581E+00 0.8254E+00 0.1154E+00
0.2587E+00 0.9300E+00 0.1377E+00
0.2593E+00 0.8084E+00 0.2258E+00
0.2600E+00 0.7580E+00 0.1407E+00
0.2606E+00 0.7958E+00 0.1574E+00
0.2612E+00 0.6794E+00 0.1506E+00
0.2618E+00 0.8433E+00 0.2913E+00
0.2624E+00 0.9016E+00 0.3824E+00
0.2630E+00 0.8051E+00 0.2606E+00
0.2636E+00 0.8932E+00 0.1245E+00
0.2642E+00 0.8455E+00 0.9489E-01
0.2648E+00 0.9103E+00 0.9932E-01
0.2654E+00 0.7047E+00 0.1067E+00
0.2660E+00 0.6867E+00 0.9454E-01
0.2666E+00 0.6859E+00 0.9496E-01
0.2673E+00 0.6762E+00 0.1007E+00
0.2679E+00 0.7085E+00 0.1251E+00
0.2685E+00 0.6726E+00 0.1044E+00
0.2691E+00 0.7228E+00 0.1262E+00
0.2697E+00 0.6988E+00 0.1964E+00
0.2703E+00 0.5644E+00 0.1169E+00
0.2709E+00 0.5152E+00 0.9251E-01
0.2715E+00 0.5003E+00 0.1005E+00
0.2721E+00 0.6157E+00 0.1473E+00
0.2727E+00 0.7219E+00 0.2262E+00
0.2733E+00 0.7235E+00 0.1255E+00
0.2739E+00 0.7782E+00 0.9260E-01
0.2745E+00 0.7589E+00 0.8809E-01
0.2752E+00 0.6072E+00 0.8852E-01
0.2758E+00 0.5651E+00 0.9241E-01
0.2764E+00 0.6261E+00 0.9114E-01
0.2770E+00 0.6026E+00 0.9176E-01
0.2776E+00 0.6445E+00 0.9099E-01
0.2782E+00 0.5297E+00 0.9024E-01
0.2788E+00 0.7304E+00 0.9908E-01
0.2794E+00 0.7364E+00 0.1302E+00
0.2800E+00 0.6571E+00 0.9624E-01
0.2806E+00 0.7082E+00 0.9105E-01
0.2812E+00 0.6299E+00 0.8957E-01
0.2818E+00 0.5950E+00 0.8485E-01
0.2825E+00 0.6457E+00 0.1343E+00
0.2831E+00 0.6331E+00 0.2635E+00
0.2837E+00 0.5731E+00 0.1419E+00
0.2843E+00 0.5285E+00 0.1168E+00
0.2849E+00 0.6935E+00 0.1570E+00
0.2855E+00 0.6481E+00 0.1020E+00
0.2861E+00 0.6161E+00 0.9073E-01
0.2867E+00 0.7030E+00 0.8992E-01
0.2873E+00 0.6976E+00 0.9191E-01
0.2879E+00 0.7101E+00 0.9344E-01
0.2885E+00 0.7110E+00 0.1099E+00
0.2891E+00 0.7158E+00 0.1846E+00
0.2897E+00 0.7340E+00 0.4011E+00
0.2904E+00 0.6753E+00 0.1921E+00
0.2910E+00 0.5361E+00 0.1788E+00
0.2916E+00 0.4990E+00 0.1188E+00
0.2922E+00 0.6108E+00 0.9206E-01
0.2928E+00 0.5706E+00 0.1040E+00
0.2934E+00 0.4748E+00 0.9692E-01
0.2940E+00 0.2921E+00 0.1149E+00
0.2946E+00 0.4757E+00 0.9596E-01
0.2952E+00 0.5136E+00 0.9361E-01
0.2958E+00 0.5675E+00 0.9846E-01
0.2964E+00 0.5212E+00 0.8581E-01
0.2970E+00 0.5691E+00 0.8281E-01
0.2976E+00 0.5105E+00 0.8324E-01
0.2983E+00 0.5917E+00 0.8218E-01
0.2989E+00 0.3970E+00 0.8227E-01
0.2995E+00 0.5574E+00 0.8435E-01
0.3001E+00 0.4738E+00 0.8841E-01
0.3007E+00 0.5994E+00 0.8456E-01
0.3013E+00 0.5555E+00 0.8994E-01
0.3019E+00 0.5188E+00 0.8061E-01
0.3025E+00 0.5194E+00 0.8036E-01
0.3031E+00 0.4138E+00 0.7991E-01
0.3037E+00 0.4672E+00 0.8027E-01
0.3043E+00 0.5954E+00 0.7964E-01
0.3049E+00 0.5861E+00 0.7751E-01
0.3056E+00 0.5067E+00 0.9576E-01
0.3062E+00 0.5219E+00 0.1525E+00
0.3068E+00 0.4676E+00 0.9599E-01
0.3074E+00 0.4413E+00 0.8974E-01
0.3080E+00 0.5359E+00 0.7616E-01
0.3086E+00 0.4290E+00 0.7486E-01
0.3092E+00 0.5840E+00 0.7477E-01
0.3098E+00 0.5734E+00 0.7922E-01
0.3104E+00 0.4961E+00 0.8083E-01
0.3110E+00 0.5328E+00 0.7899E-01
0.3116E+00 0.5413E+00 0.7797E-01
0.3122E+00 0.5334E+00 0.8080E-01
0.3128E+00 0.5505E+00 0.9498E-01
0.3135E+00 0.5320E+00 0.1507E+00
0.3141E+00 0.4656E+00 0.1757E+00
0.3147E+00 0.5050E+00 0.1395E+00
0.3153E+00 0.4385E+00 0.1069E+00
0.3159E+00 0.5525E+00 0.1211E+00

# Following corresponds to: sam_3_merged.dat

 0.183000E-01  0.325742E+03  0.535469E+01
 0.188630E-01  0.329665E+03  0.428761E+01
 0.194260E-01  0.329115E+03  0.351103E+01
 0.199890E-01  0.326724E+03  0.335893E+01
 0.205520E-01  0.328161E+03  0.350947E+01
 0.211150E-01  0.328002E+03  0.340082E+01
 0.216780E-01  0.325108E+03  0.334834E+01
 0.222410E-01  0.324430E+03  0.317816E+01
 0.228050E-01  0.319865E+03  0.309831E+01
 0.233680E-01  0.321136E+03  0.318387E+01
 0.239310E-01  0.317173E+03  0.291516E+01
 0.244940E-01  0.315914E+03  0.341723E+01
 0.250570E-01  0.315704E+03  0.353940E+01
 0.256200E-01  0.315437E+03  0.348167E+01
 0.261830E-01  0.313068E+03  0.478980E+01
 0.267460E-01  0.313318E+03  0.345434E+01
 0.273090E-01  0.312578E+03  0.273027E+01
 0.278720E-01  0.309941E+03  0.332679E+01
 0.284350E-01  0.307034E+03  0.273401E+01
 0.289980E-01  0.305937E+03  0.299002E+01
 0.295610E-01  0.303144E+03  0.260532E+01
 0.301250E-01  0.303548E+03  0.335327E+01
 0.306880E-01  0.300524E+03  0.253405E+01
 0.312510E-01  0.301798E+03  0.303414E+01
 0.318140E-01  0.299984E+03  0.269359E+01
 0.323770E-01  0.297297E+03  0.261713E+01
 0.329400E-01  0.295431E+03  0.229778E+01
 0.335030E-01  0.294226E+03  0.284125E+01
 0.340660E-01  0.290589E+03  0.215540E+01
 0.346290E-01  0.288629E+03  0.261532E+01
 0.351920E-01  0.284945E+03  0.219449E+01
 0.357550E-01  0.283513E+03  0.250165E+01
 0.363180E-01  0.283879E+03  0.198673E+01
 0.368810E-01  0.278572E+03  0.247621E+01
 0.374440E-01  0.275382E+03  0.207331E+01
 0.380080E-01  0.275287E+03  0.237799E+01
 0.385710E-01  0.272165E+03  0.205337E+01
 0.391340E-01  0.271283E+03  0.237582E+01
 0.396970E-01  0.267332E+03  0.182872E+01
 0.402600E-01  0.266182E+03  0.175950E+01
 0.408230E-01  0.264858E+03  0.242392E+01
 0.413860E-01  0.265271E+03  0.193673E+01
 0.419490E-01  0.261942E+03  0.220238E+01
 0.425120E-01  0.259286E+03  0.187753E+01
 0.430750E-01  0.256608E+03  0.215360E+01
 0.436380E-01  0.255948E+03  0.174766E+01
 0.442010E-01  0.253380E+03  0.219294E+01
 0.447640E-01  0.250162E+03  0.170179E+01
 0.453270E-01  0.246988E+03  0.205137E+01
 0.458910E-01  0.245720E+03  0.169728E+01
 0.464540E-01  0.246539E+03  0.197240E+01
 0.470170E-01  0.243930E+03  0.177651E+01
 0.475800E-01  0.239821E+03  0.199082E+01
 0.481430E-01  0.237534E+03  0.173057E+01
 0.487060E-01  0.235549E+03  0.195893E+01
 0.492690E-01  0.231655E+03  0.164853E+01
 0.498320E-01  0.231060E+03  0.200143E+01
 0.503950E-01  0.229174E+03  0.153154E+01
 0.509580E-01  0.226496E+03  0.184513E+01
 0.515210E-01  0.223713E+03  0.161227E+01
 0.520840E-01  0.220975E+03  0.192271E+01
 0.526470E-01  0.220014E+03  0.161977E+01
 0.532100E-01  0.216874E+03  0.205963E+01
 0.537740E-01  0.215964E+03  0.163093E+01
 0.543370E-01  0.214365E+03  0.155770E+01
 0.549000E-01  0.210763E+03  0.205094E+01
 0.554630E-01  0.209649E+03  0.161538E+01
 0.560260E-01  0.207660E+03  0.210291E+01
 0.565890E-01  0.206328E+03  0.164377E+01
 0.571520E-01  0.203481E+03  0.212511E+01
 0.577150E-01  0.200402E+03  0.168151E+01
 0.582780E-01  0.197630E+03  0.202460E+01
 0.588410E-01  0.195576E+03  0.156859E+01
 0.594040E-01  0.194449E+03  0.204728E+01
 0.599670E-01  0.192433E+03  0.150100E+01
 0.605300E-01  0.190318E+03  0.185450E+01
 0.610930E-01  0.186083E+03  0.140565E+01
 0.616560E-01  0.183931E+03  0.160188E+01
 0.622200E-01  0.182503E+03  0.146325E+01
 0.627830E-01  0.181003E+03  0.151197E+01
 0.633460E-01  0.178868E+03  0.129439E+01
 0.639090E-01  0.176659E+03  0.154975E+01
 0.644720E-01  0.174851E+03  0.141029E+01
 0.650350E-01  0.172729E+03  0.152661E+01
 0.655980E-01  0.171009E+03  0.130931E+01
 0.661610E-01  0.168625E+03  0.130397E+01
 0.667240E-01  0.167255E+03  0.162466E+01
 0.672870E-01  0.166526E+03  0.120373E+01
 0.678500E-01  0.163361E+03  0.151165E+01
 0.684130E-01  0.162524E+03  0.120389E+01
 0.689760E-01  0.159261E+03  0.136890E+01
 0.695390E-01  0.156612E+03  0.118520E+01
 0.701020E-01  0.155709E+03  0.151653E+01
 0.706660E-01  0.152653E+03  0.114126E+01
 0.712290E-01  0.151512E+03  0.144832E+01
 0.717920E-01  0.149396E+03  0.119668E+01
 0.723550E-01  0.147374E+03  0.143704E+01
 0.729180E-01  0.145423E+03  0.112697E+01
 0.734810E-01  0.143389E+03  0.131771E+01
 0.740440E-01  0.142245E+03  0.122546E+01
 0.746070E-01  0.139481E+03  0.119682E+01
 0.751700E-01  0.138264E+03  0.114132E+01
 0.757330E-01  0.136597E+03  0.102903E+01
 0.762960E-01  0.134350E+03  0.131785E+01
 0.768590E-01  0.133176E+03  0.107867E+01
 0.774220E-01  0.130599E+03  0.124875E+01
 0.779850E-01  0.128397E+03  0.103159E+01
 0.785480E-01  0.127598E+03  0.126550E+01
 0.791110E-01  0.125372E+03  0.985123E+00
 0.796750E-01  0.123280E+03  0.117080E+01
 0.802380E-01  0.122024E+03  0.978804E+00
 0.808010E-01  0.119578E+03  0.758835E+00
 0.813640E-01  0.118413E+03  0.522720E+00
 0.819270E-01  0.117361E+03  0.707218E+00
 0.824900E-01  0.115652E+03  0.556455E+00
 0.830530E-01  0.113953E+03  0.652950E+00
 0.836160E-01  0.112368E+03  0.620245E+00
 0.841790E-01  0.110690E+03  0.626121E+00
 0.847420E-01  0.109187E+03  0.571523E+00
 0.853050E-01  0.107017E+03  0.647292E+00
 0.858680E-01  0.105574E+03  0.691158E+00
 0.864310E-01  0.104170E+03  0.525933E+00
 0.869940E-01  0.102376E+03  0.650343E+00
 0.875570E-01  0.101013E+03  0.497076E+00
 0.881200E-01  0.997239E+02  0.587288E+00
 0.886830E-01  0.983156E+02  0.484134E+00
 0.892470E-01  0.963918E+02  0.562030E+00
 0.898100E-01  0.946528E+02  0.460325E+00
 0.903730E-01  0.938053E+02  0.575331E+00
 0.909360E-01  0.921804E+02  0.486714E+00
 0.914990E-01  0.903590E+02  0.575262E+00
 0.920620E-01  0.891747E+02  0.469352E+00
 0.926250E-01  0.877922E+02  0.588439E+00
 0.931880E-01  0.863410E+02  0.544467E+00
 0.937510E-01  0.847077E+02  0.851716E+00
 0.943140E-01  0.835085E+02  0.860536E+00
 0.948770E-01  0.825842E+02  0.541847E+00
 0.954400E-01  0.819821E+02  0.447973E+00
 0.960030E-01  0.806022E+02  0.425236E+00
 0.965660E-01  0.789002E+02  0.466531E+00
 0.971290E-01  0.776800E+02  0.441861E+00
 0.976920E-01  0.765119E+02  0.455989E+00
 0.982550E-01  0.752501E+02  0.329535E+00
 0.988180E-01  0.739634E+02  0.463772E+00
 0.993820E-01  0.726098E+02  0.333842E+00
 0.999450E-01  0.715839E+02  0.446608E+00
 0.100508E+00  0.701834E+02  0.319686E+00
 0.101071E+00  0.690211E+02  0.437742E+00
 0.101634E+00  0.678640E+02  0.304493E+00
 0.102197E+00  0.665873E+02  0.388417E+00
 0.102760E+00  0.656466E+02  0.284517E+00
 0.103323E+00  0.646808E+02  0.336836E+00
 0.103886E+00  0.634579E+02  0.314760E+00
 0.104449E+00  0.624286E+02  0.344688E+00
 0.105012E+00  0.612449E+02  0.313195E+00
 0.105575E+00  0.601321E+02  0.265086E+00
 0.106138E+00  0.590745E+02  0.384885E+00
 0.106701E+00  0.584781E+02  0.282538E+00
 0.107264E+00  0.573997E+02  0.342068E+00
 0.107827E+00  0.566015E+02  0.271228E+00
 0.108390E+00  0.557836E+02  0.329959E+00
 0.108953E+00  0.548125E+02  0.248824E+00
 0.109516E+00  0.536885E+02  0.293916E+00
 0.110080E+00  0.526731E+02  0.246417E+00
 0.110643E+00  0.517708E+02  0.278356E+00
 0.111206E+00  0.506559E+02  0.232693E+00
 0.111769E+00  0.500603E+02  0.253285E+00
 0.112332E+00  0.491016E+02  0.233307E+00
 0.112895E+00  0.482863E+02  0.251791E+00
 0.113458E+00  0.475508E+02  0.221283E+00
 0.114021E+00  0.465999E+02  0.249942E+00
 0.114584E+00  0.458122E+02  0.241041E+00
 0.115147E+00  0.454679E+02  0.219427E+00
 0.115710E+00  0.443416E+02  0.268458E+00
 0.116273E+00  0.438480E+02  0.231758E+00
 0.116836E+00  0.431236E+02  0.270247E+00
 0.117399E+00  0.425192E+02  0.222010E+00
 0.117962E+00  0.416605E+02  0.262892E+00
 0.118525E+00  0.407423E+02  0.229149E+00
 0.119088E+00  0.399450E+02  0.255937E+00
 0.119651E+00  0.392158E+02  0.229738E+00
 0.120214E+00  0.388637E+02  0.241854E+00
 0.120777E+00  0.381201E+02  0.217404E+00
 0.121340E+00  0.376426E+02  0.236775E+00
 0.121903E+00  0.367475E+02  0.222303E+00
 0.122467E+00  0.363643E+02  0.234985E+00
 0.123030E+00  0.357684E+02  0.203919E+00
 0.123593E+00  0.349593E+02  0.202134E+00
 0.124156E+00  0.343255E+02  0.231766E+00
 0.124719E+00  0.336033E+02  0.201196E+00
 0.125282E+00  0.329139E+02  0.221470E+00
 0.125845E+00  0.326414E+02  0.194276E+00
 0.126408E+00  0.319711E+02  0.224096E+00
 0.126971E+00  0.315310E+02  0.211647E+00
 0.127534E+00  0.310563E+02  0.221664E+00
 0.128097E+00  0.306688E+02  0.189962E+00
 0.128660E+00  0.299516E+02  0.210534E+00
 0.129223E+00  0.296269E+02  0.192502E+00
 0.129786E+00  0.291037E+02  0.205617E+00
 0.130349E+00  0.284332E+02  0.198171E+00
 0.130912E+00  0.277721E+02  0.210173E+00
 0.131475E+00  0.274717E+02  0.199904E+00
 0.132038E+00  0.270504E+02  0.207873E+00
 0.132601E+00  0.265676E+02  0.196882E+00
 0.133164E+00  0.262125E+02  0.191871E+00
 0.133727E+00  0.258008E+02  0.206228E+00
 0.134290E+00  0.251492E+02  0.200021E+00
 0.134853E+00  0.250450E+02  0.206475E+00
 0.135416E+00  0.245947E+02  0.180857E+00
 0.135979E+00  0.243046E+02  0.203914E+00
 0.136542E+00  0.240351E+02  0.192685E+00
 0.137106E+00  0.234927E+02  0.197188E+00
 0.137669E+00  0.229670E+02  0.189879E+00
 0.138232E+00  0.226066E+02  0.251647E+00
 0.138795E+00  0.223046E+02  0.241510E+00
 0.139358E+00  0.218461E+02  0.379099E+00
 0.139921E+00  0.215053E+02  0.256412E+00
 0.140484E+00  0.213732E+02  0.192893E+00
 0.141047E+00  0.209050E+02  0.187760E+00
 0.141610E+00  0.205461E+02  0.182508E+00
 0.142173E+00  0.203760E+02  0.167730E+00
 0.142736E+00  0.200828E+02  0.170605E+00
 0.143299E+00  0.199408E+02  0.174033E+00
 0.143862E+00  0.196357E+02  0.166893E+00
 0.144425E+00  0.192437E+02  0.183778E+00
 0.144988E+00  0.190557E+02  0.164193E+00
 0.145551E+00  0.187853E+02  0.188558E+00
 0.146114E+00  0.183339E+02  0.223240E+00
 0.146677E+00  0.180928E+02  0.202930E+00
 0.147240E+00  0.177601E+02  0.198598E+00
 0.147803E+00  0.175926E+02  0.173086E+00
 0.148366E+00  0.173600E+02  0.169881E+00
 0.148929E+00  0.168503E+02  0.171849E+00
 0.149492E+00  0.165543E+02  0.161147E+00
 0.150055E+00  0.162485E+02  0.154551E+00
 0.150618E+00  0.160947E+02  0.161577E+00
 0.151181E+00  0.160556E+02  0.160062E+00
 0.151744E+00  0.158637E+02  0.162909E+00
 0.152307E+00  0.157267E+02  0.164613E+00
 0.152870E+00  0.155070E+02  0.169285E+00
 0.153433E+00  0.153665E+02  0.151843E+00
 0.153996E+00  0.151330E+02  0.167544E+00
 0.154559E+00  0.148574E+02  0.158111E+00
 0.155122E+00  0.146301E+02  0.171344E+00
 0.155685E+00  0.142795E+02  0.174469E+00
 0.156248E+00  0.141704E+02  0.179609E+00
 0.156811E+00  0.139741E+02  0.163478E+00
 0.157375E+00  0.136720E+02  0.165928E+00
 0.157938E+00  0.135281E+02  0.199930E+00
 0.158501E+00  0.135036E+02  0.175072E+00
 0.159064E+00  0.132882E+02  0.183631E+00
 0.159627E+00  0.132506E+02  0.163228E+00
 0.160190E+00  0.130361E+02  0.162469E+00
 0.160753E+00  0.128317E+02  0.153256E+00
 0.161316E+00  0.125066E+02  0.167493E+00
 0.161879E+00  0.123166E+02  0.199513E+00
 0.162442E+00  0.120745E+02  0.226484E+00
 0.163005E+00  0.118287E+02  0.277093E+00
 0.163568E+00  0.119318E+02  0.243908E+00
 0.164131E+00  0.116910E+02  0.169387E+00
 0.164694E+00  0.116602E+02  0.162272E+00
 0.165257E+00  0.115748E+02  0.178989E+00
 0.165820E+00  0.115447E+02  0.174399E+00
 0.166383E+00  0.114189E+02  0.156510E+00
 0.166946E+00  0.112145E+02  0.155390E+00
 0.167509E+00  0.109284E+02  0.162163E+00
 0.168072E+00  0.109882E+02  0.171521E+00
 0.168635E+00  0.109413E+02  0.164642E+00
 0.169198E+00  0.109412E+02  0.168106E+00
 0.169761E+00  0.106777E+02  0.169800E+00
 0.170324E+00  0.105629E+02  0.162599E+00
 0.170887E+00  0.102374E+02  0.162305E+00
 0.171450E+00  0.101505E+02  0.152243E+00
 0.172013E+00  0.100539E+02  0.163054E+00
 0.172576E+00  0.996256E+01  0.215030E+00
 0.173139E+00  0.101571E+02  0.161597E+00
 0.173702E+00  0.998888E+01  0.142001E+00
 0.174265E+00  0.997690E+01  0.149320E+00
 0.174828E+00  0.972523E+01  0.138522E+00
 0.175391E+00  0.942915E+01  0.134470E+00
 0.175954E+00  0.957044E+01  0.143269E+00
 0.176517E+00  0.945004E+01  0.153508E+00
 0.177080E+00  0.935780E+01  0.174585E+00
 0.177643E+00  0.908163E+01  0.276292E+00
 0.178206E+00  0.906255E+01  0.176839E+00
 0.178769E+00  0.890167E+01  0.175520E+00
 0.179332E+00  0.884112E+01  0.180878E+00
 0.179895E+00  0.857418E+01  0.258619E+00
 0.180458E+00  0.860033E+01  0.198486E+00
 0.181021E+00  0.844262E+01  0.261170E+00
 0.181584E+00  0.829646E+01  0.272818E+00
 0.182147E+00  0.831178E+01  0.215804E+00
 0.182710E+00  0.836345E+01  0.206910E+00
 0.183273E+00  0.821420E+01  0.224386E+00
 0.183836E+00  0.810413E+01  0.181758E+00
 0.184399E+00  0.808033E+01  0.230396E+00
 0.184962E+00  0.809559E+01  0.157731E+00
 0.185525E+00  0.783731E+01  0.144009E+00
 0.186088E+00  0.788715E+01  0.138219E+00
 0.186651E+00  0.768955E+01  0.143198E+00
 0.187214E+00  0.769771E+01  0.150424E+00
 0.187777E+00  0.757386E+01  0.188735E+00
 0.188340E+00  0.746979E+01  0.145608E+00
 0.188903E+00  0.725368E+01  0.140847E+00
 0.189466E+00  0.701700E+01  0.140416E+00
 0.190029E+00  0.711516E+01  0.139373E+00
 0.190592E+00  0.714815E+01  0.132457E+00
 0.191155E+00  0.712174E+01  0.130449E+00
 0.191718E+00  0.712018E+01  0.130640E+00
 0.192281E+00  0.713215E+01  0.134111E+00
 0.192844E+00  0.708859E+01  0.134456E+00
 0.193407E+00  0.692734E+01  0.156469E+00
 0.193970E+00  0.694443E+01  0.264873E+00
 0.194533E+00  0.686505E+01  0.321045E+00
 0.195096E+00  0.686306E+01  0.333274E+00
 0.195659E+00  0.679068E+01  0.321812E+00
 0.196222E+00  0.673173E+01  0.348574E+00
 0.196785E+00  0.671985E+01  0.186658E+00
 0.197348E+00  0.654665E+01  0.130864E+00
 0.197911E+00  0.655673E+01  0.133477E+00
 0.198474E+00  0.630324E+01  0.128972E+00
 0.199037E+00  0.634965E+01  0.129738E+00
 0.199600E+00  0.610492E+01  0.134450E+00
 0.200163E+00  0.610586E+01  0.128100E+00
 0.200726E+00  0.617782E+01  0.131550E+00
 0.201289E+00  0.602961E+01  0.133043E+00
 0.201852E+00  0.595978E+01  0.130827E+00
 0.202415E+00  0.600247E+01  0.127872E+00
 0.202978E+00  0.581773E+01  0.129835E+00
 0.203541E+00  0.563354E+01  0.128331E+00
 0.204104E+00  0.554893E+01  0.129989E+00
 0.204667E+00  0.568676E+01  0.128420E+00
 0.205230E+00  0.562631E+01  0.134719E+00
 0.205793E+00  0.563473E+01  0.140997E+00
 0.206356E+00  0.559315E+01  0.141726E+00
 0.206919E+00  0.547743E+01  0.152446E+00
 0.207482E+00  0.539768E+01  0.144122E+00
 0.208045E+00  0.511623E+01  0.135730E+00
 0.208608E+00  0.522668E+01  0.129560E+00
 0.209171E+00  0.516932E+01  0.126846E+00
 0.209734E+00  0.521329E+01  0.126296E+00
 0.210297E+00  0.508975E+01  0.146455E+00
 0.210859E+00  0.502381E+01  0.134316E+00
 0.211422E+00  0.508465E+01  0.159455E+00
 0.211985E+00  0.498093E+01  0.157434E+00
 0.212548E+00  0.491009E+01  0.230608E+00
 0.213111E+00  0.501552E+01  0.223868E+00
 0.213674E+00  0.495886E+01  0.199585E+00
 0.214237E+00  0.486822E+01  0.151694E+00
 0.214800E+00  0.494844E+01  0.134076E+00
 0.215363E+00  0.474457E+01  0.130143E+00
 0.215926E+00  0.479378E+01  0.122341E+00
 0.216489E+00  0.472835E+01  0.122760E+00
 0.217052E+00  0.470348E+01  0.130498E+00
 0.217615E+00  0.471801E+01  0.175017E+00
 0.218178E+00  0.456771E+01  0.160041E+00
 0.218741E+00  0.459538E+01  0.134920E+00
 0.219304E+00  0.451523E+01  0.140572E+00
 0.219867E+00  0.459588E+01  0.128108E+00
 0.220430E+00  0.469350E+01  0.141525E+00
 0.220993E+00  0.451188E+01  0.137841E+00
 0.221556E+00  0.464471E+01  0.128516E+00
 0.222119E+00  0.440251E+01  0.138087E+00
 0.222682E+00  0.448341E+01  0.189474E+00
 0.223245E+00  0.430001E+01  0.155837E+00
 0.223808E+00  0.429132E+01  0.122517E+00
 0.224371E+00  0.412358E+01  0.122515E+00
 0.224934E+00  0.414531E+01  0.124844E+00
 0.225497E+00  0.410639E+01  0.156172E+00
 0.226060E+00  0.408695E+01  0.127822E+00
 0.226623E+00  0.426435E+01  0.120274E+00
 0.227186E+00  0.400666E+01  0.120588E+00
 0.227749E+00  0.389160E+01  0.123278E+00
 0.228312E+00  0.398097E+01  0.125368E+00
 0.228874E+00  0.411471E+01  0.116125E+00
 0.229437E+00  0.405324E+01  0.117852E+00
 0.230000E+00  0.388085E+01  0.124796E+00
 0.230563E+00  0.370844E+01  0.142555E+00
 0.231126E+00  0.381605E+01  0.170237E+00
 0.231689E+00  0.377112E+01  0.125762E+00
 0.232252E+00  0.383573E+01  0.116235E+00
 0.232815E+00  0.371868E+01  0.124647E+00
 0.233378E+00  0.374661E+01  0.137272E+00
 0.233941E+00  0.375114E+01  0.237245E+00
 0.234504E+00  0.370987E+01  0.346943E+00
 0.235067E+00  0.363414E+01  0.187044E+00
 0.235630E+00  0.360052E+01  0.208827E+00
 0.236193E+00  0.366720E+01  0.178216E+00
 0.236756E+00  0.362281E+01  0.134323E+00
 0.237319E+00  0.339864E+01  0.118204E+00
 0.237882E+00  0.344152E+01  0.131753E+00
 0.238445E+00  0.348602E+01  0.128392E+00
 0.239008E+00  0.361163E+01  0.120985E+00
 0.239571E+00  0.353551E+01  0.130699E+00
 0.240134E+00  0.350345E+01  0.144389E+00
 0.240696E+00  0.348776E+01  0.249911E+00
 0.241259E+00  0.332519E+01  0.147627E+00
 0.241822E+00  0.319830E+01  0.117988E+00
 0.242385E+00  0.318332E+01  0.116564E+00
 0.242948E+00  0.310877E+01  0.128732E+00
 0.243511E+00  0.319216E+01  0.145567E+00
 0.244074E+00  0.317821E+01  0.125333E+00
 0.244637E+00  0.315507E+01  0.116257E+00
 0.245200E+00  0.328761E+01  0.126289E+00
 0.245763E+00  0.313489E+01  0.113773E+00
 0.246326E+00  0.317535E+01  0.114588E+00
 0.246889E+00  0.311659E+01  0.119232E+00
 0.247452E+00  0.318336E+01  0.139088E+00
 0.248015E+00  0.312005E+01  0.138050E+00
 0.248578E+00  0.319286E+01  0.152098E+00
 0.249141E+00  0.312858E+01  0.119378E+00
 0.249704E+00  0.316396E+01  0.112188E+00
 0.250266E+00  0.310736E+01  0.121044E+00
 0.250829E+00  0.321070E+01  0.114945E+00
 0.251392E+00  0.322100E+01  0.109816E+00
 0.251955E+00  0.307382E+01  0.109495E+00
 0.252518E+00  0.291874E+01  0.110323E+00
 0.253081E+00  0.304978E+01  0.106865E+00
 0.253644E+00  0.285607E+01  0.110972E+00
 0.254207E+00  0.288540E+01  0.113029E+00
 0.254770E+00  0.292170E+01  0.106907E+00
 0.255333E+00  0.304301E+01  0.106037E+00
 0.255896E+00  0.295105E+01  0.113097E+00
 0.256459E+00  0.289869E+01  0.113844E+00
 0.257022E+00  0.280058E+01  0.113042E+00
 0.257585E+00  0.286784E+01  0.113167E+00
 0.258148E+00  0.266997E+01  0.146688E+00
 0.258710E+00  0.273324E+01  0.119158E+00
 0.259273E+00  0.272802E+01  0.108895E+00
 0.259836E+00  0.276946E+01  0.110264E+00
 0.260399E+00  0.282763E+01  0.108766E+00
 0.260962E+00  0.269122E+01  0.112686E+00
 0.261525E+00  0.274100E+01  0.104757E+00
 0.262088E+00  0.272211E+01  0.106060E+00
 0.262651E+00  0.271071E+01  0.138323E+00
 0.263214E+00  0.268281E+01  0.234808E+00
 0.263777E+00  0.278833E+01  0.155122E+00
 0.264340E+00  0.264430E+01  0.209410E+00
 0.264903E+00  0.266233E+01  0.132730E+00
 0.265466E+00  0.249118E+01  0.106766E+00
 0.266028E+00  0.237933E+01  0.104548E+00
 0.266591E+00  0.228442E+01  0.101133E+00
 0.267154E+00  0.235435E+01  0.108858E+00
 0.267717E+00  0.235217E+01  0.124220E+00
 0.268280E+00  0.234263E+01  0.135595E+00
 0.268843E+00  0.232038E+01  0.111269E+00
 0.269406E+00  0.233776E+01  0.107987E+00
 0.269969E+00  0.222671E+01  0.103523E+00
 0.270532E+00  0.226779E+01  0.106941E+00
 0.271095E+00  0.233500E+01  0.104340E+00
 0.271658E+00  0.229168E+01  0.104595E+00
 0.272221E+00  0.240460E+01  0.104455E+00
 0.272783E+00  0.239297E+01  0.104428E+00
 0.273346E+00  0.234383E+01  0.117798E+00
 0.273909E+00  0.232053E+01  0.105713E+00
 0.274472E+00  0.214285E+01  0.106374E+00
 0.275035E+00  0.222365E+01  0.121293E+00
 0.275598E+00  0.217252E+01  0.987568E-01
 0.276161E+00  0.219656E+01  0.975964E-01
 0.276724E+00  0.224435E+01  0.969770E-01
 0.277287E+00  0.228338E+01  0.102744E+00
 0.277850E+00  0.229486E+01  0.104170E+00
 0.278413E+00  0.216825E+01  0.100421E+00
 0.278975E+00  0.203204E+01  0.999938E-01
 0.279538E+00  0.223162E+01  0.971030E-01
 0.280101E+00  0.206514E+01  0.951997E-01
 0.280664E+00  0.203664E+01  0.101397E+00
 0.281227E+00  0.200671E+01  0.104589E+00
 0.281790E+00  0.212598E+01  0.103127E+00
 0.282353E+00  0.214320E+01  0.100242E+00
 0.282916E+00  0.213732E+01  0.996089E-01
 0.283479E+00  0.203709E+01  0.974967E-01
 0.284042E+00  0.210398E+01  0.108773E+00
 0.284604E+00  0.205679E+01  0.100255E+00
 0.285167E+00  0.216384E+01  0.113861E+00
 0.285730E+00  0.211020E+01  0.127944E+00
 0.286293E+00  0.215050E+01  0.204526E+00
 0.286856E+00  0.216040E+01  0.122663E+00
 0.287419E+00  0.216728E+01  0.958915E-01
 0.287982E+00  0.203125E+01  0.936903E-01
 0.288545E+00  0.199398E+01  0.133189E+00
 0.289108E+00  0.193195E+01  0.203260E+00
 0.289670E+00  0.193764E+01  0.138275E+00
 0.290233E+00  0.191791E+01  0.205345E+00
 0.290796E+00  0.190475E+01  0.123125E+00
 0.291359E+00  0.184217E+01  0.940891E-01
 0.291922E+00  0.177770E+01  0.911160E-01
 0.292485E+00  0.186629E+01  0.978012E-01
 0.293048E+00  0.194913E+01  0.127614E+00
 0.293611E+00  0.204660E+01  0.138117E+00
 0.294174E+00  0.201264E+01  0.235602E+00
 0.294736E+00  0.185535E+01  0.192781E+00
 0.295299E+00  0.194922E+01  0.186048E+00
 0.295862E+00  0.167710E+01  0.189101E+00

# Following corresponds to: SAM_4.dat

 0.118590E-01  0.572692E+02  0.166391E+02
 0.124670E-01  0.600208E+02  0.830375E+01
 0.130750E-01  0.606962E+02  0.671118E+01
 0.136830E-01  0.622538E+02  0.614601E+01
 0.142910E-01  0.628068E+02  0.544186E+01
 0.148990E-01  0.626604E+02  0.615846E+01
 0.155070E-01  0.578876E+02  0.557360E+01
 0.161150E-01  0.572350E+02  0.410221E+01
 0.167240E-01  0.578742E+02  0.400669E+01
 0.173320E-01  0.591086E+02  0.347940E+01
 0.179400E-01  0.592369E+02  0.378039E+01
 0.185480E-01  0.584014E+02  0.401495E+01
 0.191560E-01  0.591569E+02  0.317503E+01
 0.197640E-01  0.644238E+02  0.301563E+01
 0.203720E-01  0.598912E+02  0.333770E+01
 0.209800E-01  0.620721E+02  0.297330E+01
 0.215890E-01  0.605262E+02  0.255956E+01
 0.221970E-01  0.597756E+02  0.254972E+01
 0.228050E-01  0.577072E+02  0.243218E+01
 0.234130E-01  0.605745E+02  0.275801E+01
 0.240210E-01  0.555379E+02  0.259429E+01
 0.246290E-01  0.557609E+02  0.287975E+01
 0.252370E-01  0.567915E+02  0.244241E+01
 0.258450E-01  0.554753E+02  0.259022E+01
 0.264540E-01  0.591776E+02  0.237645E+01
 0.270620E-01  0.564122E+02  0.226127E+01
 0.276700E-01  0.544383E+02  0.233383E+01
 0.282780E-01  0.536187E+02  0.193455E+01
 0.288860E-01  0.511536E+02  0.186217E+01
 0.294940E-01  0.503139E+02  0.205548E+01
 0.301020E-01  0.517328E+02  0.264057E+01
 0.307100E-01  0.537826E+02  0.213889E+01
 0.313190E-01  0.519109E+02  0.188641E+01
 0.319270E-01  0.532282E+02  0.184310E+01
 0.325350E-01  0.498345E+02  0.181623E+01
 0.331430E-01  0.496867E+02  0.175951E+01
 0.337510E-01  0.479707E+02  0.195416E+01
 0.343590E-01  0.512523E+02  0.174446E+01
 0.349670E-01  0.523872E+02  0.165527E+01
 0.355750E-01  0.537784E+02  0.162573E+01
 0.361840E-01  0.538013E+02  0.149407E+01
 0.367920E-01  0.505618E+02  0.148091E+01
 0.374000E-01  0.490370E+02  0.147634E+01
 0.380080E-01  0.500385E+02  0.153492E+01
 0.386160E-01  0.489126E+02  0.147517E+01
 0.392240E-01  0.495242E+02  0.141977E+01
 0.398320E-01  0.487351E+02  0.151659E+01
 0.404400E-01  0.489237E+02  0.146202E+01
 0.410490E-01  0.481273E+02  0.147045E+01
 0.416570E-01  0.473087E+02  0.121933E+01
 0.422650E-01  0.463859E+02  0.134627E+01
 0.428730E-01  0.460779E+02  0.130809E+01
 0.434810E-01  0.456751E+02  0.116034E+01
 0.440890E-01  0.464804E+02  0.119161E+01
 0.446970E-01  0.431699E+02  0.123349E+01
 0.453050E-01  0.441591E+02  0.120433E+01
 0.459140E-01  0.439384E+02  0.654919E+00
 0.465220E-01  0.441324E+02  0.619829E+00
 0.471300E-01  0.424896E+02  0.630581E+00
 0.477380E-01  0.426338E+02  0.670702E+00
 0.483460E-01  0.425940E+02  0.663640E+00
 0.489540E-01  0.423014E+02  0.641457E+00
 0.495620E-01  0.413038E+02  0.737982E+00
 0.501700E-01  0.405237E+02  0.742740E+00
 0.507790E-01  0.399340E+02  0.122391E+01
 0.513870E-01  0.401187E+02  0.810100E+00
 0.519950E-01  0.395174E+02  0.588550E+00
 0.526030E-01  0.388359E+02  0.595551E+00
 0.532110E-01  0.392247E+02  0.584971E+00
 0.538190E-01  0.380554E+02  0.530722E+00
 0.544270E-01  0.378895E+02  0.524206E+00
 0.550350E-01  0.374721E+02  0.544360E+00
 0.556440E-01  0.369524E+02  0.573793E+00
 0.562520E-01  0.366010E+02  0.662382E+00
 0.568600E-01  0.361568E+02  0.914591E+00
 0.574680E-01  0.354275E+02  0.788582E+00
 0.580760E-01  0.352367E+02  0.479970E+00
 0.586840E-01  0.345575E+02  0.556646E+00
 0.592920E-01  0.341482E+02  0.405939E+00
 0.599000E-01  0.338679E+02  0.402053E+00
 0.605090E-01  0.329163E+02  0.374531E+00
 0.611170E-01  0.332827E+02  0.367256E+00
 0.617250E-01  0.329716E+02  0.367929E+00
 0.623330E-01  0.326087E+02  0.412566E+00
 0.629410E-01  0.323427E+02  0.361027E+00
 0.635490E-01  0.321052E+02  0.534936E+00
 0.641570E-01  0.312408E+02  0.348530E+00
 0.647650E-01  0.310829E+02  0.319164E+00
 0.653740E-01  0.307629E+02  0.338479E+00
 0.659820E-01  0.300286E+02  0.331246E+00
 0.665900E-01  0.296053E+02  0.311536E+00
 0.671980E-01  0.290266E+02  0.320015E+00
 0.678060E-01  0.286100E+02  0.295467E+00
 0.684140E-01  0.281119E+02  0.288150E+00
 0.690220E-01  0.277449E+02  0.281994E+00
 0.696300E-01  0.277094E+02  0.284516E+00
 0.702380E-01  0.272209E+02  0.266515E+00
 0.708470E-01  0.268682E+02  0.258208E+00
 0.714550E-01  0.265679E+02  0.270215E+00
 0.720630E-01  0.260622E+02  0.280464E+00
 0.726710E-01  0.260022E+02  0.394735E+00
 0.732790E-01  0.257526E+02  0.290747E+00
 0.738870E-01  0.252910E+02  0.309179E+00
 0.744950E-01  0.246861E+02  0.304857E+00
 0.751030E-01  0.245064E+02  0.413278E+00
 0.757120E-01  0.239406E+02  0.361457E+00
 0.763200E-01  0.233771E+02  0.636625E+00
 0.769280E-01  0.230833E+02  0.369197E+00
 0.775360E-01  0.229591E+02  0.388475E+00
 0.781440E-01  0.223832E+02  0.273940E+00
 0.787520E-01  0.221109E+02  0.255267E+00
 0.793600E-01  0.216898E+02  0.278643E+00
 0.799680E-01  0.213079E+02  0.264915E+00
 0.805760E-01  0.212098E+02  0.372363E+00
 0.811850E-01  0.205297E+02  0.251338E+00
 0.817930E-01  0.202560E+02  0.227021E+00
 0.824010E-01  0.200118E+02  0.234982E+00
 0.830090E-01  0.197599E+02  0.221132E+00
 0.836170E-01  0.196000E+02  0.230245E+00
 0.842250E-01  0.191284E+02  0.223764E+00
 0.848330E-01  0.187283E+02  0.217943E+00
 0.854410E-01  0.181753E+02  0.219285E+00
 0.860490E-01  0.181761E+02  0.204761E+00
 0.866580E-01  0.178212E+02  0.218836E+00
 0.872660E-01  0.175990E+02  0.231616E+00
 0.878740E-01  0.175762E+02  0.222747E+00
 0.884820E-01  0.173525E+02  0.219168E+00
 0.890900E-01  0.170438E+02  0.229984E+00
 0.896980E-01  0.168794E+02  0.204584E+00
 0.903060E-01  0.164111E+02  0.212445E+00
 0.909140E-01  0.162542E+02  0.216774E+00
 0.915220E-01  0.158419E+02  0.202056E+00
 0.921310E-01  0.156847E+02  0.192594E+00
 0.927390E-01  0.153598E+02  0.203122E+00
 0.933470E-01  0.151505E+02  0.207972E+00
 0.939550E-01  0.150756E+02  0.206639E+00
 0.945630E-01  0.148587E+02  0.188495E+00
 0.951710E-01  0.143783E+02  0.199496E+00
 0.957790E-01  0.140102E+02  0.218143E+00
 0.963870E-01  0.134518E+02  0.203613E+00
 0.969950E-01  0.132543E+02  0.272004E+00
 0.976040E-01  0.128860E+02  0.270715E+00
 0.982120E-01  0.129791E+02  0.216123E+00
 0.988200E-01  0.128123E+02  0.227836E+00
 0.994280E-01  0.126964E+02  0.204861E+00
 0.100036E+00  0.124858E+02  0.194517E+00
 0.100644E+00  0.120480E+02  0.187289E+00
 0.101252E+00  0.119530E+02  0.183945E+00
 0.101860E+00  0.119454E+02  0.178876E+00
 0.102468E+00  0.119532E+02  0.204945E+00
 0.103077E+00  0.116027E+02  0.188983E+00
 0.103685E+00  0.115388E+02  0.196052E+00
 0.104293E+00  0.111992E+02  0.200210E+00
 0.104901E+00  0.106909E+02  0.191296E+00
 0.105509E+00  0.105211E+02  0.187029E+00
 0.106117E+00  0.103288E+02  0.179138E+00
 0.106725E+00  0.102779E+02  0.211543E+00
 0.107333E+00  0.100715E+02  0.186036E+00
 0.107941E+00  0.990295E+01  0.180946E+00
 0.108550E+00  0.971356E+01  0.178944E+00
 0.109158E+00  0.987549E+01  0.195213E+00
 0.109766E+00  0.948552E+01  0.174950E+00
 0.110374E+00  0.926288E+01  0.179044E+00
 0.110982E+00  0.900251E+01  0.174587E+00
 0.111590E+00  0.875515E+01  0.175308E+00
 0.112198E+00  0.859678E+01  0.174713E+00
 0.112806E+00  0.846525E+01  0.174971E+00
 0.113414E+00  0.845717E+01  0.171360E+00
 0.114022E+00  0.831319E+01  0.167449E+00
 0.114631E+00  0.803676E+01  0.165244E+00
 0.115239E+00  0.798005E+01  0.154038E+00
 0.115847E+00  0.799023E+01  0.163267E+00
 0.116455E+00  0.770413E+01  0.164806E+00
 0.117063E+00  0.772786E+01  0.168783E+00
 0.117671E+00  0.755468E+01  0.174409E+00
 0.118279E+00  0.733801E+01  0.157489E+00
 0.118887E+00  0.737819E+01  0.154673E+00
 0.119495E+00  0.712270E+01  0.161394E+00
 0.120103E+00  0.686540E+01  0.160300E+00
 0.120712E+00  0.687591E+01  0.148349E+00
 0.121320E+00  0.675165E+01  0.154194E+00
 0.121928E+00  0.679586E+01  0.160569E+00
 0.122536E+00  0.646775E+01  0.154062E+00
 0.123144E+00  0.661972E+01  0.158738E+00
 0.123752E+00  0.646378E+01  0.156583E+00
 0.124360E+00  0.608988E+01  0.159272E+00
 0.124968E+00  0.592828E+01  0.152844E+00
 0.125576E+00  0.582747E+01  0.180448E+00
 0.126184E+00  0.585156E+01  0.278252E+00
 0.126793E+00  0.560746E+01  0.181081E+00
 0.127401E+00  0.566440E+01  0.150610E+00
 0.128009E+00  0.554578E+01  0.148834E+00
 0.128617E+00  0.550767E+01  0.142296E+00
 0.129225E+00  0.544466E+01  0.145310E+00
 0.129833E+00  0.522835E+01  0.148524E+00
 0.130441E+00  0.521709E+01  0.141767E+00
 0.131049E+00  0.503552E+01  0.151707E+00
 0.131657E+00  0.501390E+01  0.150000E+00
 0.132265E+00  0.504848E+01  0.151985E+00
 0.132873E+00  0.489526E+01  0.151013E+00
 0.133482E+00  0.501459E+01  0.166249E+00
 0.134090E+00  0.477106E+01  0.183339E+00
 0.134698E+00  0.465470E+01  0.184168E+00
 0.135306E+00  0.470265E+01  0.189576E+00
 0.135914E+00  0.423754E+01  0.154266E+00
 0.136522E+00  0.443443E+01  0.154053E+00
 0.137130E+00  0.423111E+01  0.152754E+00
 0.137738E+00  0.412107E+01  0.150822E+00
 0.138346E+00  0.403269E+01  0.144791E+00
 0.138954E+00  0.394771E+01  0.156067E+00
 0.139562E+00  0.400555E+01  0.188490E+00
 0.140171E+00  0.389759E+01  0.158307E+00
 0.140779E+00  0.375257E+01  0.145915E+00
 0.141387E+00  0.361744E+01  0.136068E+00
 0.141995E+00  0.381830E+01  0.247284E+00
 0.142603E+00  0.383189E+01  0.502674E+00
 0.143211E+00  0.381575E+01  0.279842E+00
 0.143819E+00  0.367915E+01  0.382391E+00
 0.144427E+00  0.379877E+01  0.231250E+00
 0.145035E+00  0.368440E+01  0.150330E+00
 0.145643E+00  0.335569E+01  0.184464E+00
 0.146251E+00  0.338753E+01  0.316593E+00
 0.146860E+00  0.316738E+01  0.270781E+00
 0.147468E+00  0.334360E+01  0.505442E+00
 0.148076E+00  0.337698E+01  0.247006E+00
 0.148684E+00  0.325667E+01  0.192046E+00
 0.149292E+00  0.326051E+01  0.234597E+00
 0.149900E+00  0.311426E+01  0.160754E+00
 0.150508E+00  0.300454E+01  0.144115E+00
 0.151116E+00  0.304373E+01  0.144492E+00
 0.151724E+00  0.293389E+01  0.131430E+00
 0.152332E+00  0.295186E+01  0.136902E+00
 0.152940E+00  0.297819E+01  0.141843E+00
 0.153548E+00  0.293043E+01  0.136100E+00
 0.154156E+00  0.277966E+01  0.139720E+00
 0.154765E+00  0.274976E+01  0.141295E+00
 0.155373E+00  0.268527E+01  0.134215E+00
 0.155981E+00  0.280456E+01  0.135604E+00
 0.156589E+00  0.275492E+01  0.132532E+00
 0.157197E+00  0.272996E+01  0.134365E+00
 0.157805E+00  0.262020E+01  0.133028E+00
 0.158413E+00  0.266985E+01  0.138804E+00
 0.159021E+00  0.273469E+01  0.186564E+00
 0.159629E+00  0.277131E+01  0.163931E+00
 0.160237E+00  0.261274E+01  0.255946E+00
 0.160845E+00  0.259345E+01  0.163308E+00
 0.161453E+00  0.263332E+01  0.206049E+00
 0.162061E+00  0.253781E+01  0.145926E+00
 0.162670E+00  0.240387E+01  0.157266E+00
 0.163278E+00  0.224420E+01  0.129339E+00
 0.163886E+00  0.226463E+01  0.126719E+00
 0.164494E+00  0.207087E+01  0.130533E+00
 0.165102E+00  0.230804E+01  0.122608E+00
 0.165710E+00  0.215248E+01  0.126637E+00
 0.166318E+00  0.209967E+01  0.128858E+00
 0.166926E+00  0.199166E+01  0.134102E+00
 0.167534E+00  0.190089E+01  0.131299E+00
 0.168142E+00  0.180876E+01  0.129037E+00
 0.168750E+00  0.202876E+01  0.133159E+00
 0.169358E+00  0.193481E+01  0.127255E+00
 0.169966E+00  0.196509E+01  0.129718E+00
 0.170574E+00  0.204638E+01  0.129015E+00
 0.171183E+00  0.215471E+01  0.131396E+00
 0.171791E+00  0.205457E+01  0.116993E+00
 0.172399E+00  0.198147E+01  0.113232E+00
 0.173007E+00  0.196841E+01  0.132362E+00
 0.173615E+00  0.201592E+01  0.130477E+00
 0.174223E+00  0.190934E+01  0.142516E+00
 0.174831E+00  0.197433E+01  0.128012E+00
 0.175439E+00  0.173479E+01  0.124799E+00
 0.176047E+00  0.179562E+01  0.128186E+00
 0.176655E+00  0.171803E+01  0.121677E+00
 0.177263E+00  0.172122E+01  0.126205E+00
 0.177871E+00  0.172266E+01  0.132457E+00
 0.178479E+00  0.182282E+01  0.122683E+00
 0.179087E+00  0.178882E+01  0.126825E+00
 0.179695E+00  0.196552E+01  0.121311E+00
 0.180304E+00  0.187588E+01  0.116244E+00
 0.180912E+00  0.189909E+01  0.122926E+00
 0.181520E+00  0.177740E+01  0.138465E+00
 0.182128E+00  0.179644E+01  0.126494E+00
 0.182736E+00  0.187315E+01  0.117950E+00
 0.183344E+00  0.186679E+01  0.120726E+00
 0.183952E+00  0.167660E+01  0.125863E+00
 0.184560E+00  0.176825E+01  0.136945E+00
 0.185168E+00  0.160785E+01  0.196967E+00
 0.185776E+00  0.163623E+01  0.183603E+00
 0.186384E+00  0.152985E+01  0.333886E+00
 0.186992E+00  0.163679E+01  0.253468E+00
 0.187600E+00  0.169563E+01  0.140513E+00
 0.188208E+00  0.158202E+01  0.120807E+00
 0.188816E+00  0.149265E+01  0.117197E+00
 0.189424E+00  0.141357E+01  0.117473E+00
 0.190032E+00  0.136843E+01  0.120379E+00
 0.190641E+00  0.132776E+01  0.137246E+00
 0.191249E+00  0.145014E+01  0.113008E+00
 0.191857E+00  0.152715E+01  0.110777E+00
 0.192465E+00  0.152944E+01  0.117590E+00
 0.193073E+00  0.152988E+01  0.114704E+00
 0.193681E+00  0.150684E+01  0.114411E+00
 0.194289E+00  0.135089E+01  0.118149E+00
 0.194897E+00  0.133771E+01  0.117399E+00
 0.195505E+00  0.121301E+01  0.118626E+00
 0.196113E+00  0.122431E+01  0.119501E+00
 0.196721E+00  0.121256E+01  0.117577E+00
 0.197329E+00  0.132021E+01  0.119122E+00
 0.197937E+00  0.124517E+01  0.140848E+00
 0.198545E+00  0.121280E+01  0.151751E+00
 0.199153E+00  0.119396E+01  0.259059E+00
 0.199761E+00  0.122133E+01  0.185841E+00
 0.200369E+00  0.127985E+01  0.271622E+00
 0.200977E+00  0.127129E+01  0.156211E+00
 0.201585E+00  0.111629E+01  0.115626E+00
 0.202193E+00  0.126812E+01  0.106114E+00
 0.202802E+00  0.113624E+01  0.104250E+00
 0.203410E+00  0.121774E+01  0.103405E+00
 0.204018E+00  0.121057E+01  0.107509E+00
 0.204626E+00  0.112878E+01  0.111669E+00
 0.205234E+00  0.118329E+01  0.116639E+00
 0.205842E+00  0.115989E+01  0.112831E+00
 0.206450E+00  0.118157E+01  0.116956E+00
 0.207058E+00  0.113956E+01  0.133967E+00
 0.207666E+00  0.118706E+01  0.116150E+00
 0.208274E+00  0.105710E+01  0.112268E+00
 0.208882E+00  0.116208E+01  0.111071E+00
 0.209490E+00  0.116233E+01  0.115293E+00
 0.210098E+00  0.103157E+01  0.116960E+00
 0.210706E+00  0.918912E+00  0.107924E+00
 0.211314E+00  0.952632E+00  0.109771E+00
 0.211922E+00  0.100095E+01  0.126661E+00
 0.212530E+00  0.102058E+01  0.198397E+00
 0.213138E+00  0.111768E+01  0.188506E+00
 0.213746E+00  0.110463E+01  0.156416E+00
 0.214354E+00  0.111732E+01  0.143859E+00
 0.214962E+00  0.104079E+01  0.114292E+00
 0.215570E+00  0.942823E+00  0.106494E+00
 0.216178E+00  0.949743E+00  0.102180E+00
 0.216786E+00  0.103975E+01  0.106514E+00
 0.217394E+00  0.929475E+00  0.103098E+00
 0.218002E+00  0.922705E+00  0.107725E+00
 0.218610E+00  0.100118E+01  0.108269E+00
 0.219219E+00  0.934826E+00  0.114174E+00
 0.219827E+00  0.102570E+01  0.108866E+00
 0.220435E+00  0.110343E+01  0.110689E+00
 0.221043E+00  0.108785E+01  0.108486E+00
 0.221651E+00  0.100736E+01  0.106540E+00
 0.222259E+00  0.873809E+00  0.105618E+00
 0.222867E+00  0.822384E+00  0.104900E+00
 0.223475E+00  0.781967E+00  0.102405E+00
 0.224083E+00  0.810181E+00  0.102115E+00
 0.224691E+00  0.849959E+00  0.104715E+00
 0.225299E+00  0.866317E+00  0.119325E+00
 0.225907E+00  0.772707E+00  0.166695E+00
 0.226515E+00  0.861098E+00  0.181058E+00
 0.227123E+00  0.813783E+00  0.339099E+00
 0.227731E+00  0.808110E+00  0.171441E+00
 0.228339E+00  0.668088E+00  0.102877E+00
 0.228947E+00  0.727221E+00  0.106412E+00
 0.229555E+00  0.699371E+00  0.115081E+00
 0.230163E+00  0.908494E+00  0.136255E+00
 0.230771E+00  0.830348E+00  0.241104E+00
 0.231379E+00  0.861157E+00  0.301307E+00
 0.231987E+00  0.763807E+00  0.411523E+00
 0.232595E+00  0.802933E+00  0.190343E+00
 0.233203E+00  0.676978E+00  0.100972E+00
 0.233811E+00  0.641155E+00  0.999198E-01
 0.234419E+00  0.669198E+00  0.102180E+00
 0.235027E+00  0.718166E+00  0.990316E-01
 0.235635E+00  0.786842E+00  0.100645E+00
 0.236243E+00  0.595194E+00  0.101226E+00
 0.236851E+00  0.648280E+00  0.110005E+00
 0.237459E+00  0.564888E+00  0.140358E+00
 0.238067E+00  0.458332E+00  0.236679E+00
 0.238675E+00  0.555118E+00  0.152072E+00
 0.239283E+00  0.591675E+00  0.132667E+00
 0.239891E+00  0.549979E+00  0.110092E+00
 0.240499E+00  0.479794E+00  0.121655E+00
 0.241107E+00  0.606995E+00  0.111222E+00
 0.241715E+00  0.535014E+00  0.109834E+00
 0.242323E+00  0.626923E+00  0.117623E+00
 0.242931E+00  0.649112E+00  0.106061E+00
 0.243539E+00  0.644515E+00  0.107940E+00
 0.244147E+00  0.416480E+00  0.106870E+00
 0.244755E+00  0.577909E+00  0.104024E+00
 0.245363E+00  0.591690E+00  0.102544E+00
 0.245971E+00  0.577992E+00  0.104435E+00
 0.246579E+00  0.610309E+00  0.105491E+00
 0.247187E+00  0.449351E+00  0.103500E+00
 0.247795E+00  0.561662E+00  0.945839E-01
 0.248403E+00  0.527237E+00  0.978453E-01
 0.249011E+00  0.634617E+00  0.952350E-01
 0.249619E+00  0.711015E+00  0.973196E-01
 0.250227E+00  0.589857E+00  0.101089E+00
 0.250835E+00  0.605892E+00  0.110709E+00
 0.251443E+00  0.521461E+00  0.145938E+00
 0.252051E+00  0.496886E+00  0.266572E+00
 0.252659E+00  0.582783E+00  0.160389E+00
 0.253267E+00  0.692369E+00  0.178539E+00
 0.253875E+00  0.724518E+00  0.116772E+00
 0.254483E+00  0.653826E+00  0.975871E-01
 0.255091E+00  0.644409E+00  0.985725E-01
 0.255699E+00  0.548040E+00  0.109498E+00
 0.256307E+00  0.530450E+00  0.104278E+00
 0.256915E+00  0.629601E+00  0.100285E+00
 0.257523E+00  0.710639E+00  0.104495E+00
 0.258131E+00  0.801007E+00  0.121571E+00
 0.258739E+00  0.713491E+00  0.136313E+00
 0.259347E+00  0.560476E+00  0.109477E+00
 0.259955E+00  0.667004E+00  0.961191E-01
 0.260563E+00  0.552099E+00  0.974869E-01
 0.261171E+00  0.767116E+00  0.100476E+00
 0.261779E+00  0.623565E+00  0.938405E-01
 0.262387E+00  0.693809E+00  0.899561E-01
 0.262995E+00  0.638968E+00  0.997149E-01
 0.263603E+00  0.630408E+00  0.133555E+00
 0.264211E+00  0.506531E+00  0.103535E+00
 0.264819E+00  0.350177E+00  0.107643E+00
 0.265427E+00  0.324512E+00  0.923975E-01
 0.266035E+00  0.349944E+00  0.913834E-01
 0.266643E+00  0.446585E+00  0.948546E-01
 0.267251E+00  0.441139E+00  0.932631E-01
 0.267859E+00  0.322455E+00  0.909190E-01
 0.268467E+00  0.410938E+00  0.931134E-01
 0.269075E+00  0.445622E+00  0.916400E-01
 0.269683E+00  0.542766E+00  0.956294E-01
 0.270291E+00  0.566857E+00  0.120337E+00
 0.270899E+00  0.466657E+00  0.103278E+00
 0.271507E+00  0.490789E+00  0.131792E+00
 0.272115E+00  0.528292E+00  0.113831E+00
 0.272723E+00  0.382216E+00  0.996670E-01
 0.273331E+00  0.533025E+00  0.108097E+00
 0.273939E+00  0.490973E+00  0.150728E+00
 0.274547E+00  0.469177E+00  0.105115E+00
 0.275155E+00  0.508350E+00  0.952452E-01
 0.275763E+00  0.426669E+00  0.936927E-01
 0.276371E+00  0.465993E+00  0.929400E-01
 0.276979E+00  0.376170E+00  0.102663E+00
 0.277587E+00  0.351332E+00  0.104571E+00
 0.278195E+00  0.414809E+00  0.121956E+00
 0.278803E+00  0.460733E+00  0.101742E+00
 0.279411E+00  0.336067E+00  0.971188E-01
 0.280019E+00  0.409463E+00  0.915860E-01
 0.280626E+00  0.399626E+00  0.876174E-01
 0.281234E+00  0.423653E+00  0.887542E-01
 0.281842E+00  0.446376E+00  0.857357E-01
 0.282450E+00  0.493204E+00  0.868519E-01
 0.283058E+00  0.481300E+00  0.885009E-01
 0.283666E+00  0.445868E+00  0.874670E-01
 0.284274E+00  0.508581E+00  0.874139E-01
 0.284882E+00  0.529727E+00  0.891794E-01
 0.285490E+00  0.521057E+00  0.840926E-01
 0.286098E+00  0.507707E+00  0.888173E-01
 0.286706E+00  0.519027E+00  0.889144E-01
 0.287314E+00  0.561796E+00  0.843252E-01
 0.287922E+00  0.537959E+00  0.837554E-01
 0.288530E+00  0.428744E+00  0.876487E-01
 0.289138E+00  0.429242E+00  0.853440E-01
 0.289746E+00  0.404053E+00  0.874422E-01
 0.290354E+00  0.457694E+00  0.874466E-01
 0.290962E+00  0.460922E+00  0.930749E-01
 0.291570E+00  0.393487E+00  0.120458E+00
 0.292178E+00  0.585680E+00  0.937219E-01
 0.292786E+00  0.537444E+00  0.209158E+00
 0.293394E+00  0.538308E+00  0.479760E+00
 0.294002E+00  0.457220E+00  0.242847E+00
 0.294610E+00  0.404181E+00  0.986746E-01
 0.295217E+00  0.388581E+00  0.828139E-01
 0.295825E+00  0.455656E+00  0.829221E-01
 0.296433E+00  0.423217E+00  0.827066E-01
 0.297041E+00  0.462858E+00  0.826171E-01
 0.297649E+00  0.433342E+00  0.847345E-01
 0.298257E+00  0.428036E+00  0.846195E-01
 0.298865E+00  0.350743E+00  0.827482E-01
 0.299473E+00  0.308273E+00  0.101042E+00
 0.300081E+00  0.445051E+00  0.156231E+00
 0.300689E+00  0.454833E+00  0.135229E+00
 0.301297E+00  0.478442E+00  0.939889E-01
 0.301905E+00  0.538692E+00  0.826673E-01
 0.302513E+00  0.552082E+00  0.801310E-01
 0.303121E+00  0.505366E+00  0.818845E-01
 0.303729E+00  0.424783E+00  0.804052E-01
 0.304337E+00  0.495039E+00  0.819900E-01
 0.304945E+00  0.324832E+00  0.761290E-01
 0.305553E+00  0.416172E+00  0.776523E-01
 0.306160E+00  0.445745E+00  0.942759E-01
 0.306768E+00  0.567321E+00  0.106326E+00
 0.307376E+00  0.525030E+00  0.948573E-01
 0.307984E+00  0.394925E+00  0.808105E-01
 0.308592E+00  0.334731E+00  0.790781E-01
 0.309200E+00  0.461690E+00  0.762726E-01
 0.309808E+00  0.392851E+00  0.771321E-01
 0.310416E+00  0.296905E+00  0.794706E-01
 0.311024E+00  0.383536E+00  0.770847E-01
 0.311632E+00  0.377727E+00  0.788497E-01
 0.312240E+00  0.427295E+00  0.973408E-01
 0.312848E+00  0.378222E+00  0.803756E-01
 0.313456E+00  0.494759E+00  0.900852E-01
 0.314064E+00  0.285472E+00  0.802811E-01
 0.314671E+00  0.353701E+00  0.807821E-01
 0.315279E+00  0.376013E+00  0.787860E-01
 0.315887E+00  0.298794E+00  0.766726E-01

# Following corresponds to: sam_176.dat

0.1733E-01 0.1938E+03 0.4852E+01
0.1794E-01 0.1885E+03 0.5117E+01
0.1855E-01 0.1877E+03 0.4983E+01
0.1916E-01 0.1926E+03 0.4008E+01
0.1976E-01 0.1961E+03 0.3539E+01
0.2037E-01 0.1930E+03 0.3175E+01
0.2098E-01 0.1982E+03 0.3285E+01
0.2159E-01 0.1959E+03 0.2961E+01
0.2220E-01 0.1908E+03 0.3282E+01
0.2281E-01 0.1864E+03 0.2878E+01
0.2341E-01 0.1861E+03 0.3441E+01
0.2402E-01 0.1813E+03 0.3511E+01
0.2463E-01 0.1821E+03 0.3323E+01
0.2524E-01 0.1829E+03 0.4141E+01
0.2585E-01 0.1793E+03 0.4236E+01
0.2645E-01 0.1819E+03 0.3615E+01
0.2706E-01 0.1831E+03 0.2812E+01
0.2767E-01 0.1801E+03 0.2820E+01
0.2828E-01 0.1769E+03 0.2696E+01
0.2889E-01 0.1771E+03 0.2703E+01
0.2949E-01 0.1756E+03 0.2556E+01
0.3010E-01 0.1761E+03 0.2482E+01
0.3071E-01 0.1749E+03 0.2152E+01
0.3132E-01 0.1742E+03 0.2293E+01
0.3193E-01 0.1705E+03 0.2063E+01
0.3254E-01 0.1693E+03 0.1977E+01
0.3314E-01 0.1670E+03 0.2095E+01
0.3375E-01 0.1669E+03 0.2281E+01
0.3436E-01 0.1634E+03 0.2135E+01
0.3497E-01 0.1640E+03 0.2009E+01
0.3558E-01 0.1635E+03 0.1864E+01
0.3618E-01 0.1626E+03 0.2032E+01
0.3679E-01 0.1627E+03 0.1888E+01
0.3740E-01 0.1621E+03 0.1888E+01
0.3801E-01 0.1622E+03 0.1807E+01
0.3862E-01 0.1591E+03 0.1743E+01
0.3922E-01 0.1574E+03 0.1651E+01
0.3983E-01 0.1577E+03 0.1690E+01
0.4044E-01 0.1561E+03 0.1760E+01
0.4105E-01 0.1537E+03 0.1594E+01
0.4166E-01 0.1521E+03 0.1835E+01
0.4227E-01 0.1488E+03 0.1715E+01
0.4287E-01 0.1486E+03 0.1749E+01
0.4348E-01 0.1480E+03 0.1737E+01
0.4409E-01 0.1469E+03 0.1565E+01
0.4470E-01 0.1453E+03 0.1557E+01
0.4531E-01 0.1439E+03 0.1565E+01
0.4591E-01 0.1436E+03 0.1548E+01
0.4652E-01 0.1411E+03 0.1579E+01
0.4713E-01 0.1389E+03 0.1610E+01
0.4774E-01 0.1370E+03 0.1566E+01
0.4835E-01 0.1363E+03 0.1530E+01
0.4895E-01 0.1347E+03 0.1429E+01
0.4956E-01 0.1368E+03 0.1385E+01
0.5017E-01 0.1337E+03 0.1445E+01
0.5078E-01 0.1326E+03 0.1377E+01
0.5139E-01 0.1305E+03 0.1431E+01
0.5200E-01 0.1292E+03 0.1401E+01
0.5260E-01 0.1287E+03 0.1344E+01
0.5321E-01 0.1259E+03 0.1290E+01
0.5382E-01 0.1239E+03 0.1394E+01
0.5443E-01 0.1229E+03 0.1314E+01
0.5504E-01 0.1226E+03 0.1284E+01
0.5564E-01 0.1233E+03 0.1190E+01
0.5625E-01 0.1202E+03 0.1250E+01
0.5686E-01 0.1205E+03 0.1214E+01
0.5747E-01 0.1185E+03 0.1267E+01
0.5808E-01 0.1160E+03 0.1255E+01
0.5868E-01 0.1131E+03 0.1137E+01
0.5929E-01 0.1118E+03 0.1065E+01
0.5990E-01 0.1107E+03 0.1233E+01
0.6051E-01 0.1096E+03 0.1189E+01
0.6112E-01 0.1091E+03 0.1162E+01
0.6173E-01 0.1068E+03 0.1167E+01
0.6233E-01 0.1057E+03 0.1098E+01
0.6294E-01 0.1030E+03 0.1159E+01
0.6355E-01 0.1020E+03 0.1124E+01
0.6416E-01 0.1005E+03 0.1082E+01
0.6477E-01 0.9940E+02 0.1087E+01
0.6537E-01 0.9864E+02 0.1063E+01
0.6598E-01 0.9867E+02 0.1124E+01
0.6659E-01 0.9733E+02 0.1108E+01
0.6720E-01 0.9624E+02 0.1028E+01
0.6781E-01 0.9342E+02 0.1005E+01
0.6841E-01 0.9303E+02 0.1098E+01
0.6902E-01 0.9257E+02 0.1054E+01
0.6963E-01 0.8997E+02 0.1098E+01
0.7024E-01 0.9009E+02 0.1017E+01
0.7085E-01 0.8773E+02 0.1133E+01
0.7146E-01 0.8574E+02 0.1043E+01
0.7206E-01 0.8467E+02 0.1048E+01
0.7267E-01 0.8448E+02 0.1026E+01
0.7328E-01 0.8332E+02 0.9655E+00
0.7389E-01 0.8235E+02 0.9972E+00
0.7450E-01 0.8094E+02 0.9124E+00
0.7510E-01 0.7959E+02 0.9442E+00
0.7571E-01 0.7790E+02 0.9821E+00
0.7632E-01 0.7595E+02 0.9086E+00
0.7693E-01 0.7512E+02 0.9287E+00
0.7754E-01 0.7404E+02 0.9076E+00
0.7814E-01 0.7343E+02 0.9341E+00
0.7875E-01 0.7221E+02 0.8633E+00
0.7936E-01 0.7000E+02 0.8895E+00
0.7997E-01 0.6875E+02 0.8502E+00
0.8058E-01 0.6903E+02 0.8948E+00
0.8119E-01 0.6807E+02 0.1232E+01
0.8179E-01 0.6672E+02 0.1845E+01
0.8240E-01 0.6644E+02 0.3214E+01
0.8301E-01 0.6613E+02 0.1530E+01
0.8362E-01 0.6429E+02 0.9099E+00
0.8423E-01 0.6381E+02 0.8608E+00
0.8483E-01 0.6347E+02 0.8225E+00
0.8544E-01 0.6212E+02 0.7719E+00
0.8605E-01 0.6067E+02 0.8688E+00
0.8666E-01 0.6019E+02 0.7590E+00
0.8727E-01 0.5781E+02 0.4234E+00
0.8787E-01 0.5694E+02 0.4180E+00
0.8848E-01 0.5579E+02 0.4263E+00
0.8909E-01 0.5518E+02 0.4182E+00
0.8970E-01 0.5429E+02 0.3986E+00
0.9031E-01 0.5322E+02 0.3985E+00
0.9091E-01 0.5268E+02 0.3782E+00
0.9152E-01 0.5217E+02 0.4162E+00
0.9213E-01 0.5089E+02 0.3771E+00
0.9274E-01 0.5029E+02 0.3735E+00
0.9335E-01 0.4894E+02 0.3786E+00
0.9396E-01 0.4842E+02 0.4037E+00
0.9456E-01 0.4782E+02 0.4574E+00
0.9517E-01 0.4704E+02 0.3888E+00
0.9578E-01 0.4628E+02 0.3673E+00
0.9639E-01 0.4513E+02 0.3739E+00
0.9700E-01 0.4460E+02 0.3907E+00
0.9760E-01 0.4331E+02 0.3835E+00
0.9821E-01 0.4263E+02 0.3787E+00
0.9882E-01 0.4169E+02 0.3835E+00
0.9943E-01 0.4098E+02 0.3614E+00
0.1000E+00 0.4049E+02 0.3575E+00
0.1006E+00 0.3999E+02 0.3730E+00
0.1013E+00 0.3944E+02 0.6393E+00
0.1019E+00 0.3831E+02 0.1267E+01
0.1025E+00 0.3772E+02 0.6731E+00
0.1031E+00 0.3743E+02 0.2378E+00
0.1037E+00 0.3669E+02 0.2274E+00
0.1043E+00 0.3608E+02 0.2161E+00
0.1049E+00 0.3520E+02 0.2137E+00
0.1055E+00 0.3482E+02 0.2273E+00
0.1061E+00 0.3425E+02 0.2282E+00
0.1067E+00 0.3361E+02 0.2116E+00
0.1073E+00 0.3285E+02 0.2113E+00
0.1079E+00 0.3236E+02 0.2207E+00
0.1086E+00 0.3161E+02 0.2208E+00
0.1092E+00 0.3096E+02 0.2213E+00
0.1098E+00 0.3033E+02 0.2183E+00
0.1104E+00 0.3015E+02 0.2062E+00
0.1110E+00 0.2971E+02 0.1999E+00
0.1116E+00 0.2942E+02 0.1979E+00
0.1122E+00 0.2855E+02 0.1939E+00
0.1128E+00 0.2822E+02 0.1869E+00
0.1134E+00 0.2755E+02 0.1937E+00
0.1140E+00 0.2708E+02 0.1862E+00
0.1146E+00 0.2668E+02 0.1870E+00
0.1152E+00 0.2616E+02 0.1820E+00
0.1158E+00 0.2573E+02 0.1781E+00
0.1165E+00 0.2540E+02 0.1750E+00
0.1171E+00 0.2506E+02 0.1835E+00
0.1177E+00 0.2472E+02 0.1830E+00
0.1183E+00 0.2417E+02 0.1813E+00
0.1189E+00 0.2395E+02 0.1975E+00
0.1195E+00 0.2315E+02 0.2613E+00
0.1201E+00 0.2283E+02 0.2050E+00
0.1207E+00 0.2255E+02 0.2692E+00
0.1213E+00 0.2204E+02 0.2084E+00
0.1219E+00 0.2193E+02 0.1844E+00
0.1225E+00 0.2152E+02 0.1802E+00
0.1231E+00 0.2090E+02 0.1763E+00
0.1238E+00 0.2040E+02 0.1965E+00
0.1244E+00 0.2018E+02 0.1752E+00
0.1250E+00 0.1985E+02 0.1685E+00
0.1256E+00 0.1963E+02 0.1601E+00
0.1262E+00 0.1941E+02 0.1689E+00
0.1268E+00 0.1888E+02 0.1677E+00
0.1274E+00 0.1875E+02 0.1634E+00
0.1280E+00 0.1828E+02 0.1805E+00
0.1286E+00 0.1796E+02 0.2139E+00
0.1292E+00 0.1748E+02 0.1689E+00
0.1298E+00 0.1723E+02 0.1598E+00
0.1304E+00 0.1700E+02 0.1836E+00
0.1310E+00 0.1677E+02 0.4129E+00
0.1317E+00 0.1676E+02 0.9622E+00
0.1323E+00 0.1621E+02 0.6751E+00
0.1329E+00 0.1578E+02 0.3856E+00
0.1335E+00 0.1564E+02 0.2414E+00
0.1341E+00 0.1542E+02 0.1876E+00
0.1347E+00 0.1535E+02 0.1682E+00
0.1353E+00 0.1508E+02 0.2230E+00
0.1359E+00 0.1476E+02 0.1705E+00
0.1365E+00 0.1441E+02 0.1553E+00
0.1371E+00 0.1416E+02 0.1497E+00
0.1377E+00 0.1401E+02 0.1516E+00
0.1383E+00 0.1349E+02 0.1490E+00
0.1390E+00 0.1333E+02 0.1604E+00
0.1396E+00 0.1321E+02 0.1606E+00
0.1402E+00 0.1302E+02 0.1482E+00
0.1408E+00 0.1290E+02 0.1413E+00
0.1414E+00 0.1271E+02 0.1444E+00
0.1420E+00 0.1237E+02 0.1511E+00
0.1426E+00 0.1225E+02 0.1425E+00
0.1432E+00 0.1213E+02 0.1397E+00
0.1438E+00 0.1190E+02 0.1504E+00
0.1444E+00 0.1175E+02 0.1427E+00
0.1450E+00 0.1187E+02 0.1468E+00
0.1456E+00 0.1139E+02 0.1519E+00
0.1463E+00 0.1126E+02 0.1660E+00
0.1469E+00 0.1107E+02 0.1483E+00
0.1475E+00 0.1077E+02 0.1391E+00
0.1481E+00 0.1060E+02 0.1458E+00
0.1487E+00 0.1065E+02 0.1394E+00
0.1493E+00 0.1034E+02 0.1377E+00
0.1499E+00 0.1012E+02 0.1347E+00
0.1505E+00 0.9972E+01 0.1357E+00
0.1511E+00 0.9664E+01 0.1424E+00
0.1517E+00 0.9717E+01 0.1367E+00
0.1523E+00 0.9606E+01 0.1444E+00
0.1529E+00 0.9564E+01 0.1584E+00
0.1535E+00 0.9579E+01 0.1418E+00
0.1542E+00 0.9538E+01 0.1396E+00
0.1548E+00 0.9472E+01 0.1365E+00
0.1554E+00 0.9231E+01 0.1347E+00
0.1560E+00 0.8964E+01 0.1322E+00
0.1566E+00 0.8787E+01 0.1322E+00
0.1572E+00 0.8710E+01 0.1251E+00
0.1578E+00 0.8488E+01 0.1316E+00
0.1584E+00 0.8365E+01 0.1338E+00
0.1590E+00 0.8357E+01 0.1513E+00
0.1596E+00 0.8289E+01 0.1601E+00
0.1602E+00 0.8195E+01 0.1712E+00
0.1608E+00 0.8178E+01 0.1298E+00
0.1615E+00 0.7945E+01 0.1360E+00
0.1621E+00 0.7940E+01 0.1309E+00
0.1627E+00 0.7962E+01 0.1317E+00
0.1633E+00 0.7778E+01 0.1336E+00
0.1639E+00 0.7586E+01 0.1345E+00
0.1645E+00 0.7551E+01 0.1338E+00
0.1651E+00 0.7380E+01 0.1324E+00
0.1657E+00 0.7412E+01 0.1252E+00
0.1663E+00 0.7349E+01 0.1302E+00
0.1669E+00 0.7097E+01 0.2044E+00
0.1675E+00 0.7182E+01 0.4109E+00
0.1681E+00 0.7157E+01 0.3880E+00
0.1688E+00 0.6971E+01 0.7257E+00
0.1694E+00 0.6961E+01 0.3619E+00
0.1700E+00 0.6725E+01 0.1607E+00
0.1706E+00 0.6614E+01 0.1262E+00
0.1712E+00 0.6620E+01 0.1295E+00
0.1718E+00 0.6524E+01 0.1195E+00
0.1724E+00 0.6453E+01 0.1255E+00
0.1730E+00 0.6340E+01 0.1143E+00
0.1736E+00 0.6089E+01 0.1200E+00
0.1742E+00 0.6041E+01 0.1273E+00
0.1748E+00 0.5888E+01 0.1292E+00
0.1754E+00 0.5915E+01 0.1222E+00
0.1760E+00 0.6039E+01 0.1244E+00
0.1767E+00 0.6026E+01 0.1185E+00
0.1773E+00 0.5934E+01 0.1136E+00
0.1779E+00 0.5898E+01 0.1161E+00
0.1785E+00 0.5880E+01 0.1152E+00
0.1791E+00 0.5726E+01 0.1143E+00
0.1797E+00 0.5793E+01 0.1238E+00
0.1803E+00 0.5576E+01 0.1221E+00
0.1809E+00 0.5431E+01 0.2776E+00
0.1815E+00 0.5339E+01 0.6217E+00
0.1821E+00 0.5362E+01 0.3376E+00
0.1827E+00 0.5336E+01 0.2634E+00
0.1833E+00 0.5146E+01 0.1603E+00
0.1840E+00 0.5078E+01 0.1263E+00
0.1846E+00 0.5059E+01 0.1192E+00
0.1852E+00 0.4875E+01 0.1185E+00
0.1858E+00 0.4828E+01 0.1160E+00
0.1864E+00 0.4918E+01 0.1134E+00
0.1870E+00 0.4876E+01 0.1134E+00
0.1876E+00 0.4923E+01 0.1125E+00
0.1882E+00 0.4834E+01 0.1136E+00
0.1888E+00 0.4794E+01 0.1196E+00
0.1894E+00 0.4786E+01 0.1163E+00
0.1900E+00 0.4608E+01 0.1279E+00
0.1906E+00 0.4511E+01 0.1254E+00
0.1912E+00 0.4393E+01 0.1944E+00
0.1919E+00 0.4430E+01 0.1969E+00
0.1925E+00 0.4386E+01 0.1348E+00
0.1931E+00 0.4442E+01 0.1211E+00
0.1937E+00 0.4578E+01 0.1202E+00
0.1943E+00 0.4387E+01 0.1246E+00
0.1949E+00 0.4266E+01 0.1482E+00
0.1955E+00 0.4229E+01 0.1526E+00
0.1961E+00 0.4217E+01 0.1916E+00
0.1967E+00 0.4212E+01 0.1522E+00
0.1973E+00 0.4165E+01 0.1806E+00
0.1979E+00 0.4094E+01 0.1246E+00
0.1985E+00 0.4151E+01 0.1082E+00
0.1992E+00 0.4041E+01 0.1071E+00
0.1998E+00 0.4063E+01 0.1047E+00
0.2004E+00 0.4085E+01 0.1076E+00
0.2010E+00 0.3957E+01 0.1062E+00
0.2016E+00 0.3894E+01 0.1169E+00
0.2022E+00 0.3899E+01 0.1394E+00
0.2028E+00 0.3736E+01 0.1870E+00
0.2034E+00 0.3841E+01 0.2289E+00
0.2040E+00 0.3737E+01 0.1621E+00
0.2046E+00 0.3776E+01 0.1605E+00
0.2052E+00 0.3733E+01 0.1774E+00
0.2058E+00 0.3748E+01 0.1215E+00
0.2065E+00 0.3657E+01 0.1112E+00
0.2071E+00 0.3667E+01 0.1217E+00
0.2077E+00 0.3661E+01 0.1635E+00
0.2083E+00 0.3565E+01 0.1233E+00
0.2089E+00 0.3449E+01 0.1153E+00
0.2095E+00 0.3702E+01 0.1111E+00
0.2101E+00 0.3505E+01 0.1029E+00
0.2107E+00 0.3531E+01 0.1038E+00
0.2113E+00 0.3393E+01 0.1075E+00
0.2119E+00 0.3418E+01 0.1122E+00
0.2125E+00 0.3219E+01 0.1211E+00
0.2131E+00 0.3156E+01 0.1347E+00
0.2137E+00 0.3215E+01 0.2165E+00
0.2144E+00 0.3236E+01 0.1484E+00
0.2150E+00 0.3116E+01 0.1417E+00
0.2156E+00 0.3171E+01 0.1099E+00
0.2162E+00 0.3153E+01 0.9994E-01
0.2168E+00 0.3153E+01 0.1012E+00
0.2174E+00 0.3126E+01 0.9955E-01
0.2180E+00 0.3021E+01 0.1053E+00
0.2186E+00 0.2984E+01 0.1034E+00
0.2192E+00 0.2987E+01 0.1084E+00
0.2198E+00 0.2902E+01 0.1051E+00
0.2204E+00 0.2822E+01 0.1006E+00
0.2210E+00 0.2839E+01 0.1179E+00
0.2217E+00 0.2907E+01 0.1574E+00
0.2223E+00 0.2912E+01 0.1487E+00
0.2229E+00 0.2792E+01 0.1299E+00
0.2235E+00 0.2703E+01 0.1419E+00
0.2241E+00 0.2684E+01 0.2533E+00
0.2247E+00 0.2573E+01 0.1463E+00
0.2253E+00 0.2612E+01 0.1529E+00
0.2259E+00 0.2781E+01 0.1119E+00
0.2265E+00 0.2760E+01 0.1017E+00
0.2271E+00 0.2920E+01 0.1021E+00
0.2277E+00 0.2930E+01 0.1011E+00
0.2283E+00 0.2965E+01 0.1009E+00
0.2289E+00 0.2899E+01 0.1051E+00
0.2296E+00 0.2767E+01 0.1043E+00
0.2302E+00 0.2756E+01 0.9934E-01
0.2308E+00 0.2761E+01 0.1039E+00
0.2314E+00 0.2577E+01 0.1061E+00
0.2320E+00 0.2465E+01 0.1021E+00
0.2326E+00 0.2527E+01 0.1042E+00
0.2332E+00 0.2434E+01 0.1017E+00
0.2338E+00 0.2308E+01 0.1053E+00
0.2344E+00 0.2310E+01 0.1178E+00
0.2350E+00 0.2322E+01 0.1229E+00
0.2356E+00 0.2358E+01 0.2267E+00
0.2362E+00 0.2317E+01 0.3180E+00
0.2369E+00 0.2391E+01 0.2639E+00
0.2375E+00 0.2272E+01 0.1450E+00
0.2381E+00 0.2390E+01 0.1065E+00
0.2387E+00 0.2229E+01 0.9777E-01
0.2393E+00 0.2313E+01 0.9437E-01
0.2399E+00 0.2312E+01 0.9830E-01
0.2405E+00 0.2351E+01 0.9797E-01
0.2411E+00 0.2360E+01 0.9771E-01
0.2417E+00 0.2324E+01 0.1005E+00
0.2423E+00 0.2316E+01 0.9879E-01
0.2429E+00 0.2216E+01 0.1061E+00
0.2435E+00 0.2118E+01 0.1050E+00
0.2441E+00 0.2299E+01 0.1000E+00
0.2448E+00 0.2268E+01 0.1098E+00
0.2454E+00 0.2271E+01 0.9759E-01
0.2460E+00 0.2212E+01 0.9526E-01
0.2466E+00 0.2130E+01 0.1010E+00
0.2472E+00 0.2133E+01 0.9829E-01
0.2478E+00 0.2037E+01 0.9714E-01
0.2484E+00 0.2039E+01 0.9691E-01
0.2490E+00 0.2126E+01 0.9767E-01
0.2496E+00 0.2080E+01 0.9541E-01
0.2502E+00 0.1968E+01 0.9947E-01
0.2508E+00 0.2056E+01 0.9747E-01
0.2514E+00 0.2110E+01 0.9216E-01
0.2521E+00 0.2104E+01 0.9765E-01
0.2527E+00 0.2106E+01 0.9047E-01
0.2533E+00 0.1967E+01 0.9273E-01
0.2539E+00 0.1844E+01 0.9857E-01
0.2545E+00 0.1796E+01 0.1037E+00
0.2551E+00 0.1889E+01 0.9688E-01
0.2557E+00 0.1797E+01 0.9334E-01
0.2563E+00 0.1755E+01 0.9265E-01
0.2569E+00 0.1673E+01 0.9392E-01
0.2575E+00 0.1677E+01 0.9647E-01
0.2581E+00 0.1690E+01 0.1308E+00
0.2587E+00 0.1719E+01 0.2229E+00
0.2593E+00 0.1707E+01 0.1385E+00
0.2600E+00 0.1662E+01 0.9379E-01
0.2606E+00 0.1836E+01 0.9360E-01
0.2612E+00 0.1720E+01 0.9464E-01
0.2618E+00 0.1705E+01 0.9105E-01
0.2624E+00 0.1887E+01 0.9346E-01
0.2630E+00 0.1837E+01 0.9352E-01
0.2636E+00 0.1634E+01 0.9095E-01
0.2642E+00 0.1612E+01 0.8926E-01
0.2648E+00 0.1599E+01 0.9303E-01
0.2654E+00 0.1635E+01 0.9215E-01
0.2660E+00 0.1604E+01 0.9194E-01
0.2666E+00 0.1767E+01 0.9165E-01
0.2673E+00 0.1737E+01 0.9310E-01
0.2679E+00 0.1829E+01 0.8695E-01
0.2685E+00 0.1721E+01 0.8734E-01
0.2691E+00 0.1695E+01 0.8588E-01
0.2697E+00 0.1572E+01 0.8557E-01
0.2703E+00 0.1609E+01 0.8775E-01
0.2709E+00 0.1688E+01 0.8782E-01
0.2715E+00 0.1546E+01 0.9065E-01
0.2721E+00 0.1518E+01 0.9325E-01
0.2727E+00 0.1443E+01 0.9262E-01
0.2733E+00 0.1475E+01 0.8847E-01
0.2739E+00 0.1546E+01 0.8564E-01
0.2745E+00 0.1440E+01 0.8307E-01
0.2752E+00 0.1476E+01 0.8499E-01
0.2758E+00 0.1556E+01 0.8597E-01
0.2764E+00 0.1505E+01 0.9633E-01
0.2770E+00 0.1538E+01 0.1035E+00
0.2776E+00 0.1644E+01 0.9134E-01
0.2782E+00 0.1522E+01 0.8709E-01
0.2788E+00 0.1618E+01 0.8816E-01
0.2794E+00 0.1559E+01 0.8907E-01
0.2800E+00 0.1571E+01 0.9875E-01
0.2806E+00 0.1500E+01 0.1132E+00
0.2812E+00 0.1478E+01 0.9000E-01
0.2818E+00 0.1534E+01 0.8114E-01
0.2825E+00 0.1609E+01 0.8544E-01
0.2831E+00 0.1572E+01 0.8923E-01
0.2837E+00 0.1514E+01 0.1008E+00
0.2843E+00 0.1419E+01 0.1622E+00
0.2849E+00 0.1450E+01 0.1702E+00
0.2855E+00 0.1411E+01 0.1545E+00
0.2861E+00 0.1486E+01 0.2776E+00
0.2867E+00 0.1518E+01 0.1525E+00
0.2873E+00 0.1344E+01 0.8724E-01
0.2879E+00 0.1378E+01 0.8396E-01
0.2885E+00 0.1354E+01 0.8427E-01
0.2891E+00 0.1332E+01 0.8405E-01
0.2897E+00 0.1390E+01 0.8318E-01
0.2904E+00 0.1401E+01 0.8696E-01
0.2910E+00 0.1310E+01 0.8445E-01
0.2916E+00 0.1277E+01 0.8752E-01
0.2922E+00 0.1299E+01 0.8420E-01
0.2928E+00 0.1161E+01 0.8755E-01
0.2934E+00 0.1260E+01 0.8244E-01
0.2940E+00 0.1197E+01 0.8088E-01
0.2946E+00 0.1266E+01 0.8110E-01
0.2952E+00 0.1315E+01 0.7965E-01
0.2958E+00 0.1303E+01 0.7894E-01
0.2964E+00 0.1325E+01 0.8068E-01
0.2970E+00 0.1257E+01 0.8133E-01
0.2976E+00 0.1266E+01 0.7988E-01
0.2983E+00 0.1197E+01 0.8181E-01
0.2989E+00 0.1147E+01 0.8198E-01
0.2995E+00 0.1223E+01 0.8421E-01
0.3001E+00 0.1266E+01 0.8485E-01
0.3007E+00 0.1257E+01 0.9765E-01
0.3013E+00 0.1199E+01 0.1014E+00
0.3019E+00 0.1153E+01 0.1178E+00
0.3025E+00 0.1108E+01 0.1039E+00
0.3031E+00 0.1172E+01 0.8730E-01
0.3037E+00 0.1185E+01 0.8663E-01
0.3043E+00 0.1188E+01 0.8479E-01
0.3049E+00 0.1160E+01 0.9071E-01
0.3056E+00 0.1163E+01 0.7918E-01
0.3062E+00 0.1171E+01 0.9383E-01
0.3068E+00 0.1156E+01 0.1495E+00
0.3074E+00 0.1175E+01 0.1139E+00
0.3080E+00 0.1184E+01 0.1662E+00
0.3086E+00 0.1183E+01 0.1356E+00
0.3092E+00 0.1172E+01 0.1034E+00
0.3098E+00 0.1134E+01 0.7828E-01
0.3104E+00 0.1053E+01 0.7381E-01
0.3110E+00 0.1112E+01 0.7657E-01
0.3116E+00 0.1136E+01 0.7371E-01
0.3122E+00 0.1030E+01 0.7687E-01
0.3128E+00 0.1155E+01 0.7937E-01
0.3135E+00 0.1066E+01 0.9697E-01
0.3141E+00 0.1062E+01 0.8615E-01
0.3147E+00 0.1144E+01 0.1197E+00
0.3153E+00 0.1144E+01 0.9635E-01
0.3159E+00 0.1160E+01 0.8493E-01
0.3165E+00 0.1151E+01 0.8494E-01
