0.11447E-01  0.63338E+03  0.14340E+02

0.11720E-01  0.63203E+03  0.13101E+02

0.11993E-01  0.62686E+03  0.12140E+02

0.12267E-01  0.64138E+03  0.11236E+02

0.12540E-01  0.61687E+03  0.10593E+02

0.12814E-01  0.62227E+03  0.10232E+02

0.13087E-01  0.62145E+03  0.93898E+01

0.13360E-01  0.62500E+03  0.90852E+01

0.13634E-01  0.61788E+03  0.83532E+01

0.13907E-01  0.61126E+03  0.80013E+01

0.14181E-01  0.61238E+03  0.75610E+01

0.14454E-01  0.61582E+03  0.73308E+01

0.14727E-01  0.60946E+03  0.70965E+01

0.15001E-01  0.60816E+03  0.66107E+01

0.15274E-01  0.61177E+03  0.64596E+01

0.15548E-01  0.60674E+03  0.60543E+01

0.15821E-01  0.60450E+03  0.59573E+01

0.16094E-01  0.59847E+03  0.56399E+01

0.16368E-01  0.59222E+03  0.54848E+01

0.16641E-01  0.59670E+03  0.52790E+01

0.16915E-01  0.58738E+03  0.50615E+01

0.17188E-01  0.59276E+03  0.49798E+01

0.17461E-01  0.59079E+03  0.48091E+01

0.17735E-01  0.58331E+03  0.46637E+01

0.18008E-01  0.57526E+03  0.44508E+01

0.18282E-01  0.58137E+03  0.44365E+01

0.18555E-01  0.57724E+03  0.43334E+01

0.18829E-01  0.56862E+03  0.41403E+01

0.19102E-01  0.57033E+03  0.40511E+01

0.19375E-01  0.56955E+03  0.40123E+01

0.19649E-01  0.56763E+03  0.39182E+01

0.19922E-01  0.56197E+03  0.38751E+01

0.20195E-01  0.56093E+03  0.36754E+01

0.20469E-01  0.55753E+03  0.36855E+01

0.20742E-01  0.55336E+03  0.35869E+01

0.21016E-01  0.55634E+03  0.35820E+01

0.21289E-01  0.54676E+03  0.34610E+01

0.21563E-01  0.54672E+03  0.33826E+01

0.21836E-01  0.54735E+03  0.34140E+01

0.22109E-01  0.53903E+03  0.32853E+01

0.22383E-01  0.53859E+03  0.32456E+01

0.22656E-01  0.53401E+03  0.32093E+01

0.22929E-01  0.53044E+03  0.31413E+01

0.23203E-01  0.53177E+03  0.31738E+01

0.23476E-01  0.53136E+03  0.30623E+01

0.23750E-01  0.52714E+03  0.31027E+01

0.24023E-01  0.52454E+03  0.30059E+01

0.24297E-01  0.52088E+03  0.29602E+01

0.24570E-01  0.51639E+03  0.29505E+01

0.24843E-01  0.51204E+03  0.28392E+01

0.25117E-01  0.50818E+03  0.28709E+01

0.25390E-01  0.50562E+03  0.28288E+01

0.25664E-01  0.50167E+03  0.27934E+01

0.25937E-01  0.50050E+03  0.27835E+01

0.26210E-01  0.49361E+03  0.27133E+01

0.26484E-01  0.49243E+03  0.27452E+01

0.26757E-01  0.48818E+03  0.26848E+01

0.27031E-01  0.48785E+03  0.26605E+01

0.27304E-01  0.47806E+03  0.26240E+01

0.27577E-01  0.48033E+03  0.25728E+01

0.27851E-01  0.47419E+03  0.25987E+01

0.28124E-01  0.47030E+03  0.25117E+01

0.28398E-01  0.46913E+03  0.25184E+01

0.28671E-01  0.46421E+03  0.24942E+01

0.28944E-01  0.46027E+03  0.24491E+01

0.29218E-01  0.45809E+03  0.24476E+01

0.29491E-01  0.45343E+03  0.23919E+01

0.29765E-01  0.44641E+03  0.23742E+01

0.30038E-01  0.44669E+03  0.23711E+01

0.30312E-01  0.44539E+03  0.23437E+01

0.30585E-01  0.44005E+03  0.23070E+01

0.30858E-01  0.43656E+03  0.22911E+01

0.31132E-01  0.42916E+03  0.22497E+01

0.31405E-01  0.42478E+03  0.22425E+01

0.31678E-01  0.42651E+03  0.22071E+01

0.31952E-01  0.42315E+03  0.22095E+01

0.32225E-01  0.41849E+03  0.21933E+01

0.32499E-01  0.41435E+03  0.21631E+01

0.32772E-01  0.40991E+03  0.21269E+01

0.33045E-01  0.40548E+03  0.21056E+01

0.33319E-01  0.40315E+03  0.21041E+01

0.33592E-01  0.40296E+03  0.21011E+01

0.33866E-01  0.39754E+03  0.20610E+01

0.34139E-01  0.39416E+03  0.20341E+01

0.34413E-01  0.38896E+03  0.20325E+01

0.34686E-01  0.38733E+03  0.20261E+01

0.34959E-01  0.38398E+03  0.20311E+01

0.35233E-01  0.37906E+03  0.19773E+01

0.35506E-01  0.37467E+03  0.19622E+01

0.35779E-01  0.37106E+03  0.19540E+01

0.36053E-01  0.36983E+03  0.19542E+01

0.36326E-01  0.36520E+03  0.19373E+01

0.36600E-01  0.36309E+03  0.19011E+01

0.36873E-01  0.35580E+03  0.18885E+01

0.37147E-01  0.35526E+03  0.19086E+01

0.37420E-01  0.35035E+03  0.18493E+01

0.37693E-01  0.34868E+03  0.18613E+01

0.37967E-01  0.34644E+03  0.18431E+01

0.38240E-01  0.34393E+03  0.18375E+01

0.38514E-01  0.33965E+03  0.18279E+01

0.38787E-01  0.33407E+03  0.17822E+01

0.39060E-01  0.33190E+03  0.17925E+01

0.39334E-01  0.32551E+03  0.17545E+01

0.39607E-01  0.32557E+03  0.17636E+01

0.39881E-01  0.32300E+03  0.17302E+01

0.40154E-01  0.32064E+03  0.17375E+01

0.40427E-01  0.31761E+03  0.17351E+01

0.40701E-01  0.31389E+03  0.17061E+01

0.40974E-01  0.30969E+03  0.16867E+01

0.41248E-01  0.30692E+03  0.16722E+01

0.41521E-01  0.30301E+03  0.16680E+01

0.41794E-01  0.30013E+03  0.16658E+01

0.42068E-01  0.29700E+03  0.16227E+01

0.42341E-01  0.29400E+03  0.16334E+01

0.42615E-01  0.29008E+03  0.15897E+01

0.42888E-01  0.28682E+03  0.16014E+01

0.43162E-01  0.28376E+03  0.15856E+01

0.43435E-01  0.28110E+03  0.15594E+01

0.43708E-01  0.27655E+03  0.15655E+01

0.43982E-01  0.27328E+03  0.15332E+01

0.44255E-01  0.27114E+03  0.15355E+01

0.44528E-01  0.26731E+03  0.14955E+01

0.44802E-01  0.26447E+03  0.15008E+01

0.45075E-01  0.26307E+03  0.15021E+01

0.45349E-01  0.25913E+03  0.14717E+01

0.45622E-01  0.25413E+03  0.14618E+01

0.45896E-01  0.25404E+03  0.14420E+01

0.46169E-01  0.25094E+03  0.14480E+01

0.46442E-01  0.24774E+03  0.14360E+01

0.46716E-01  0.24522E+03  0.14062E+01

0.46989E-01  0.24197E+03  0.14120E+01

0.47263E-01  0.23803E+03  0.13900E+01

0.47536E-01  0.23628E+03  0.13828E+01

0.47809E-01  0.23518E+03  0.13688E+01

0.48083E-01  0.23344E+03  0.13613E+01

0.48356E-01  0.22909E+03  0.13579E+01

0.48630E-01  0.22639E+03  0.13391E+01

0.48903E-01  0.22218E+03  0.13284E+01

0.49176E-01  0.22179E+03  0.13110E+01

0.49450E-01  0.21961E+03  0.13048E+01

0.49723E-01  0.21426E+03  0.12944E+01

0.49997E-01  0.21256E+03  0.12792E+01

0.50270E-01  0.21137E+03  0.12698E+01

0.50543E-01  0.20821E+03  0.12587E+01

0.50817E-01  0.20827E+03  0.12635E+01

0.51090E-01  0.20465E+03  0.12548E+01

0.51364E-01  0.20149E+03  0.12289E+01

0.51637E-01  0.19929E+03  0.12307E+01

0.51910E-01  0.19943E+03  0.12285E+01

0.52184E-01  0.19541E+03  0.12155E+01

0.52457E-01  0.19300E+03  0.12073E+01

0.52731E-01  0.19176E+03  0.11919E+01

0.53004E-01  0.18889E+03  0.11895E+01

0.53277E-01  0.18493E+03  0.11629E+01

0.53551E-01  0.18669E+03  0.11770E+01

0.53824E-01  0.18313E+03  0.11672E+01

0.54098E-01  0.18079E+03  0.11489E+01

0.54371E-01  0.17854E+03  0.11468E+01

0.54644E-01  0.17559E+03  0.11272E+01

0.54918E-01  0.17422E+03  0.11276E+01

0.55191E-01  0.17184E+03  0.11091E+01

0.55465E-01  0.16916E+03  0.11066E+01

0.55738E-01  0.16624E+03  0.10979E+01

0.56012E-01  0.16372E+03  0.10710E+01

0.56285E-01  0.16383E+03  0.10774E+01

0.56558E-01  0.16094E+03  0.10664E+01

0.56832E-01  0.15970E+03  0.10695E+01

0.57105E-01  0.15674E+03  0.10468E+01

0.57378E-01  0.15668E+03  0.10486E+01

0.57652E-01  0.15288E+03  0.10351E+01

0.57925E-01  0.15021E+03  0.10317E+01

0.58199E-01  0.14846E+03  0.10129E+01

0.58472E-01  0.14825E+03  0.10182E+01

0.58745E-01  0.14667E+03  0.10129E+01

0.59019E-01  0.14478E+03  0.10019E+01

0.59292E-01  0.14184E+03  0.99779E+00

0.59566E-01  0.14159E+03  0.98035E+00

0.59839E-01  0.14000E+03  0.97755E+00

0.60113E-01  0.13718E+03  0.97400E+00

0.60386E-01  0.13565E+03  0.96221E+00

0.60659E-01  0.13370E+03  0.95100E+00

0.60933E-01  0.13230E+03  0.95272E+00

0.61206E-01  0.13010E+03  0.93989E+00

0.61480E-01  0.12686E+03  0.93573E+00

0.61753E-01  0.12670E+03  0.92243E+00

0.62026E-01  0.12380E+03  0.92187E+00

0.62300E-01  0.12335E+03  0.91741E+00

0.62573E-01  0.12051E+03  0.90508E+00

0.62847E-01  0.11986E+03  0.89256E+00

0.63120E-01  0.11926E+03  0.88599E+00

0.63393E-01  0.11509E+03  0.88774E+00

0.63667E-01  0.11640E+03  0.88428E+00

0.63940E-01  0.11341E+03  0.87003E+00

0.64214E-01  0.11200E+03  0.86156E+00

0.64487E-01  0.11230E+03  0.86258E+00

0.64760E-01  0.10863E+03  0.85997E+00

0.65034E-01  0.10730E+03  0.84716E+00

0.65307E-01  0.10621E+03  0.83293E+00

0.65581E-01  0.10557E+03  0.84696E+00

0.65854E-01  0.10429E+03  0.82550E+00

0.66127E-01  0.10347E+03  0.84011E+00

0.66401E-01  0.10118E+03  0.81127E+00

0.66674E-01  0.99449E+02  0.80868E+00

0.66948E-01  0.97571E+02  0.80548E+00

0.67221E-01  0.97282E+02  0.80027E+00

0.67495E-01  0.96625E+02  0.80678E+00

0.67768E-01  0.95478E+02  0.78182E+00

0.68041E-01  0.92876E+02  0.78757E+00

0.68315E-01  0.91900E+02  0.78559E+00

0.68588E-01  0.89939E+02  0.77075E+00

0.68861E-01  0.89449E+02  0.77731E+00

0.69135E-01  0.87093E+02  0.75794E+00

0.69408E-01  0.88336E+02  0.76524E+00

0.69682E-01  0.85143E+02  0.75061E+00

0.69955E-01  0.85669E+02  0.74248E+00

0.70229E-01  0.83847E+02  0.74648E+00

0.70502E-01  0.82263E+02  0.74077E+00

0.70775E-01  0.81898E+02  0.73949E+00

0.71049E-01  0.79466E+02  0.71993E+00

0.71322E-01  0.78898E+02  0.72361E+00

0.71596E-01  0.77505E+02  0.71907E+00

0.71869E-01  0.77073E+02  0.71794E+00

0.72142E-01  0.76832E+02  0.71521E+00

0.72416E-01  0.74868E+02  0.70676E+00

0.72689E-01  0.74399E+02  0.69793E+00

0.72962E-01  0.73241E+02  0.69739E+00

0.73236E-01  0.71520E+02  0.68979E+00

0.73509E-01  0.70450E+02  0.68725E+00

0.73783E-01  0.69214E+02  0.67163E+00

0.74056E-01  0.67782E+02  0.67451E+00

0.74330E-01  0.67761E+02  0.67451E+00

0.74603E-01  0.66112E+02  0.66174E+00

0.74876E-01  0.65686E+02  0.65846E+00

0.75150E-01  0.65195E+02  0.66160E+00

0.75423E-01  0.63791E+02  0.65832E+00

0.75697E-01  0.63358E+02  0.65175E+00

0.75970E-01  0.62163E+02  0.64888E+00

0.76243E-01  0.61592E+02  0.64638E+00

0.76517E-01  0.61696E+02  0.64908E+00

0.76790E-01  0.60120E+02  0.63999E+00

0.77064E-01  0.59550E+02  0.63500E+00

0.77337E-01  0.58536E+02  0.63623E+00

0.77610E-01  0.57155E+02  0.62713E+00

0.77884E-01  0.56269E+02  0.62201E+00

0.78157E-01  0.55940E+02  0.61564E+00

0.78431E-01  0.55890E+02  0.61881E+00

0.78704E-01  0.54581E+02  0.61866E+00

0.78977E-01  0.53717E+02  0.61138E+00

0.79251E-01  0.53902E+02  0.61078E+00

0.79524E-01  0.52520E+02  0.60825E+00

0.79798E-01  0.52780E+02  0.61047E+00

0.80071E-01  0.50806E+02  0.61607E+00

0.80344E-01  0.49262E+02  0.59617E+00

0.80618E-01  0.49830E+02  0.60936E+00

0.80891E-01  0.50198E+02  0.60626E+00

0.81165E-01  0.48497E+02  0.60535E+00

0.81438E-01  0.47242E+02  0.59584E+00

0.81712E-01  0.46448E+02  0.59345E+00

0.81985E-01  0.46291E+02  0.60090E+00

0.82258E-01  0.46045E+02  0.59882E+00

0.82532E-01  0.45186E+02  0.59566E+00

0.82805E-01  0.43692E+02  0.58971E+00

0.83078E-01  0.43313E+02  0.58214E+00

0.83352E-01  0.43925E+02  0.59606E+00

0.83625E-01  0.42737E+02  0.58762E+00

0.83899E-01  0.42294E+02  0.58566E+00

0.84172E-01  0.41016E+02  0.58766E+00

0.84445E-01  0.41175E+02  0.58139E+00

0.84719E-01  0.40864E+02  0.58718E+00

0.84992E-01  0.40761E+02  0.57394E+00

0.85266E-01  0.39544E+02  0.58188E+00

0.85539E-01  0.39130E+02  0.57909E+00

0.85813E-01  0.39220E+02  0.58260E+00

0.86086E-01  0.37363E+02  0.57542E+00

0.86359E-01  0.38097E+02  0.56888E+00

0.86633E-01  0.37393E+02  0.57273E+00

0.86906E-01  0.37328E+02  0.57461E+00

0.87180E-01  0.36148E+02  0.56895E+00

0.87453E-01  0.36364E+02  0.56831E+00

0.87726E-01  0.36120E+02  0.56960E+00

0.88000E-01  0.36053E+02  0.57322E+00

0.88273E-01  0.35001E+02  0.56664E+00

0.88547E-01  0.34570E+02  0.56111E+00

0.88820E-01  0.33860E+02  0.56101E+00

0.89093E-01  0.33431E+02  0.55889E+00

0.89367E-01  0.33691E+02  0.56347E+00

0.89640E-01  0.33245E+02  0.56143E+00

0.89914E-01  0.32806E+02  0.55741E+00

0.90187E-01  0.32495E+02  0.55489E+00

0.90460E-01  0.31295E+02  0.55603E+00

0.90734E-01  0.32234E+02  0.55316E+00

0.91007E-01  0.31590E+02  0.55559E+00

0.91281E-01  0.31397E+02  0.55381E+00

0.91554E-01  0.31201E+02  0.54808E+00

0.91827E-01  0.31433E+02  0.55835E+00

0.92101E-01  0.30392E+02  0.55134E+00

0.92374E-01  0.29362E+02  0.54902E+00

0.92648E-01  0.29160E+02  0.55019E+00

0.92921E-01  0.29348E+02  0.53871E+00

0.93195E-01  0.28509E+02  0.54846E+00

0.93468E-01  0.28986E+02  0.54425E+00

0.93741E-01  0.27663E+02  0.54502E+00

0.94015E-01  0.26937E+02  0.54475E+00

0.94288E-01  0.27465E+02  0.54060E+00

0.94561E-01  0.27556E+02  0.54587E+00

0.94835E-01  0.26973E+02  0.53584E+00

0.95108E-01  0.26512E+02  0.53915E+00

0.95382E-01  0.26881E+02  0.54053E+00

0.95655E-01  0.26114E+02  0.53899E+00

0.95929E-01  0.26639E+02  0.54521E+00

0.96202E-01  0.26787E+02  0.53441E+00

0.96475E-01  0.26281E+02  0.53907E+00

0.96749E-01  0.25181E+02  0.53206E+00

0.97022E-01  0.26300E+02  0.53547E+00

0.97296E-01  0.25077E+02  0.53659E+00

0.97569E-01  0.26011E+02  0.53399E+00

0.97842E-01  0.25815E+02  0.54346E+00

0.98116E-01  0.24750E+02  0.52929E+00

0.98389E-01  0.24275E+02  0.53969E+00

0.98663E-01  0.24526E+02  0.53575E+00

0.98936E-01  0.24003E+02  0.53161E+00

0.99209E-01  0.24219E+02  0.53581E+00

0.99483E-01  0.24866E+02  0.52716E+00

0.99756E-01  0.23559E+02  0.52977E+00

0.10003E+00  0.22881E+02  0.52083E+00

0.10030E+00  0.23205E+02  0.52810E+00

0.10058E+00  0.22746E+02  0.52534E+00

0.10085E+00  0.23332E+02  0.52976E+00

0.10112E+00  0.23004E+02  0.52857E+00

0.10140E+00  0.22767E+02  0.52219E+00

0.10167E+00  0.23242E+02  0.53259E+00

0.10194E+00  0.22089E+02  0.52973E+00

0.10222E+00  0.22433E+02  0.52653E+00

0.10249E+00  0.21190E+02  0.52743E+00

0.10276E+00  0.21792E+02  0.51763E+00

0.10304E+00  0.22255E+02  0.52913E+00

0.10331E+00  0.21375E+02  0.52078E+00

0.10358E+00  0.22337E+02  0.52819E+00

0.10386E+00  0.21701E+02  0.52732E+00

0.10413E+00  0.21828E+02  0.52379E+00

0.10440E+00  0.21287E+02  0.52917E+00

0.10468E+00  0.21349E+02  0.51893E+00

0.10495E+00  0.21386E+02  0.52222E+00

0.10522E+00  0.20898E+02  0.52312E+00

0.10550E+00  0.21668E+02  0.52053E+00

0.10577E+00  0.21004E+02  0.52433E+00

0.10604E+00  0.21149E+02  0.51911E+00

0.10632E+00  0.20986E+02  0.52061E+00

0.10659E+00  0.20014E+02  0.51535E+00

0.10687E+00  0.20390E+02  0.51644E+00

0.10714E+00  0.20177E+02  0.52192E+00

0.10741E+00  0.20223E+02  0.51445E+00

0.10769E+00  0.20386E+02  0.52435E+00

0.10796E+00  0.20083E+02  0.51522E+00

0.10823E+00  0.19761E+02  0.51427E+00

0.10851E+00  0.19944E+02  0.52162E+00

0.10878E+00  0.19565E+02  0.51388E+00

0.10905E+00  0.19979E+02  0.52309E+00

0.10933E+00  0.19867E+02  0.51044E+00

0.10960E+00  0.19573E+02  0.51686E+00

0.10987E+00  0.20159E+02  0.51770E+00

0.11015E+00  0.19475E+02  0.51545E+00

0.11042E+00  0.18504E+02  0.51597E+00

0.11069E+00  0.19212E+02  0.51332E+00

0.11097E+00  0.18913E+02  0.51525E+00

0.11124E+00  0.18648E+02  0.51416E+00

0.11151E+00  0.18669E+02  0.50924E+00

0.11179E+00  0.18813E+02  0.51545E+00

0.11206E+00  0.18965E+02  0.51140E+00

0.11233E+00  0.18552E+02  0.51195E+00

0.11261E+00  0.18227E+02  0.51707E+00

0.11288E+00  0.18188E+02  0.50686E+00

0.11315E+00  0.18472E+02  0.51383E+00

0.11343E+00  0.19512E+02  0.51458E+00

0.11370E+00  0.18762E+02  0.51171E+00

0.11397E+00  0.18460E+02  0.51010E+00

0.11425E+00  0.17607E+02  0.51146E+00

0.11452E+00  0.17589E+02  0.50957E+00

0.11479E+00  0.18102E+02  0.51310E+00

0.11507E+00  0.17713E+02  0.50960E+00

0.11534E+00  0.18109E+02  0.51203E+00

0.11561E+00  0.18681E+02  0.51131E+00

0.11589E+00  0.17818E+02  0.50818E+00

0.11616E+00  0.17751E+02  0.50900E+00

0.11643E+00  0.18205E+02  0.50815E+00

0.11671E+00  0.17908E+02  0.51222E+00

0.11698E+00  0.17622E+02  0.50793E+00

0.11725E+00  0.17547E+02  0.50578E+00

0.11753E+00  0.17542E+02  0.50699E+00

0.11780E+00  0.17231E+02  0.50933E+00

0.11807E+00  0.16824E+02  0.51105E+00

0.11835E+00  0.15757E+02  0.50284E+00

0.11862E+00  0.17844E+02  0.50661E+00

0.11889E+00  0.17277E+02  0.50994E+00

0.11917E+00  0.17927E+02  0.50991E+00

0.11944E+00  0.17698E+02  0.51370E+00

0.11971E+00  0.16705E+02  0.50340E+00

0.11999E+00  0.17348E+02  0.50874E+00

0.12026E+00  0.16359E+02  0.50547E+00

0.12053E+00  0.16761E+02  0.50260E+00

0.12081E+00  0.16120E+02  0.49934E+00

0.12108E+00  0.16393E+02  0.50458E+00

0.12135E+00  0.16372E+02  0.50841E+00

0.12163E+00  0.16284E+02  0.50569E+00

0.12190E+00  0.17058E+02  0.50128E+00

0.12217E+00  0.16682E+02  0.50616E+00

0.12245E+00  0.17529E+02  0.50426E+00

0.12272E+00  0.16067E+02  0.50240E+00

0.12300E+00  0.15898E+02  0.53803E+00

0.12327E+00  0.15669E+02  0.55062E+00

0.12382E+00  0.16869E+02  0.56585E+00

0.12409E+00  0.16168E+02  0.58146E+00

0.12436E+00  0.16726E+02  0.59945E+00

0.12464E+00  0.16588E+02  0.60568E+00

0.12491E+00  0.16131E+02  0.61286E+00

0.12518E+00  0.16972E+02  0.63027E+00

0.12546E+00  0.15994E+02  0.61758E+00

0.12573E+00  0.15355E+02  0.63002E+00

0.12600E+00  0.16647E+02  0.65130E+00

0.12628E+00  0.16569E+02  0.66145E+00

0.12655E+00  0.15674E+02  0.59566E+00

0.12682E+00  0.16189E+02  0.57905E+00

0.12710E+00  0.15731E+02  0.56700E+00

0.12737E+00  0.15759E+02  0.55775E+00

0.12764E+00  0.16113E+02  0.54567E+00

0.12792E+00  0.16358E+02  0.54702E+00

0.12819E+00  0.15411E+02  0.53791E+00

0.12846E+00  0.15398E+02  0.54059E+00

0.12874E+00  0.14859E+02  0.53347E+00

0.12901E+00  0.15815E+02  0.52642E+00

0.12928E+00  0.16106E+02  0.52516E+00

0.12956E+00  0.15418E+02  0.52286E+00

0.12983E+00  0.15137E+02  0.51601E+00

0.13010E+00  0.15062E+02  0.51909E+00

0.13038E+00  0.14746E+02  0.50857E+00

0.13065E+00  0.14177E+02  0.50686E+00

0.13092E+00  0.14882E+02  0.51498E+00

0.13120E+00  0.15932E+02  0.51679E+00

0.13147E+00  0.15853E+02  0.51101E+00

0.13174E+00  0.14112E+02  0.50307E+00

0.13202E+00  0.14277E+02  0.50442E+00

0.13229E+00  0.15337E+02  0.51365E+00

0.13256E+00  0.14056E+02  0.50222E+00

0.13284E+00  0.14085E+02  0.50094E+00

0.13311E+00  0.14891E+02  0.50437E+00

0.13338E+00  0.13982E+02  0.50500E+00

0.13366E+00  0.15322E+02  0.51269E+00

0.13393E+00  0.14710E+02  0.49832E+00

0.13420E+00  0.14353E+02  0.50330E+00

0.13448E+00  0.13667E+02  0.50233E+00

0.13475E+00  0.12959E+02  0.50299E+00

0.13502E+00  0.14016E+02  0.50082E+00

0.13530E+00  0.13574E+02  0.50168E+00

0.13557E+00  0.13896E+02  0.50364E+00

0.13585E+00  0.14017E+02  0.50061E+00

0.13612E+00  0.13860E+02  0.49552E+00

0.13639E+00  0.13162E+02  0.49852E+00

0.13667E+00  0.13330E+02  0.49648E+00

0.13694E+00  0.12872E+02  0.49633E+00

0.13721E+00  0.13554E+02  0.49402E+00

0.13749E+00  0.13013E+02  0.49562E+00

0.13776E+00  0.13059E+02  0.49673E+00

0.13803E+00  0.13894E+02  0.49945E+00

0.13831E+00  0.12760E+02  0.49612E+00

0.13858E+00  0.12726E+02  0.49144E+00

0.13885E+00  0.12830E+02  0.49323E+00

0.13913E+00  0.13609E+02  0.49497E+00

0.13940E+00  0.12610E+02  0.48861E+00

0.13967E+00  0.13696E+02  0.50016E+00

0.13995E+00  0.12679E+02  0.49627E+00

0.14022E+00  0.13231E+02  0.49716E+00

0.14049E+00  0.12996E+02  0.49463E+00

0.14077E+00  0.12119E+02  0.49005E+00

0.14104E+00  0.13580E+02  0.49461E+00

0.14131E+00  0.12889E+02  0.49807E+00

0.14159E+00  0.12119E+02  0.49014E+00

0.14186E+00  0.12226E+02  0.49399E+00

0.14213E+00  0.11863E+02  0.48701E+00

0.14241E+00  0.12025E+02  0.48960E+00

0.14268E+00  0.12263E+02  0.49141E+00

0.14295E+00  0.11976E+02  0.48915E+00

0.14323E+00  0.11453E+02  0.48491E+00

0.14350E+00  0.12004E+02  0.48859E+00

0.14377E+00  0.11650E+02  0.48733E+00

0.14405E+00  0.11503E+02  0.48724E+00

0.14432E+00  0.12333E+02  0.48234E+00

0.14459E+00  0.11425E+02  0.49054E+00

0.14487E+00  0.11966E+02  0.48811E+00

0.14514E+00  0.12005E+02  0.49071E+00

0.14542E+00  0.11898E+02  0.48571E+00

0.14569E+00  0.10976E+02  0.48464E+00

0.14596E+00  0.10684E+02  0.48411E+00

0.14624E+00  0.10847E+02  0.47843E+00

0.14651E+00  0.11270E+02  0.48451E+00

0.14678E+00  0.10666E+02  0.48289E+00

0.14706E+00  0.10393E+02  0.47485E+00

0.14733E+00  0.10521E+02  0.47515E+00

0.14760E+00  0.10797E+02  0.47595E+00

0.14788E+00  0.10858E+02  0.47149E+00

0.14815E+00  0.10948E+02  0.47246E+00

0.14842E+00  0.10734E+02  0.46931E+00

0.14870E+00  0.10829E+02  0.47601E+00

0.14897E+00  0.10852E+02  0.46428E+00

0.14924E+00  0.10619E+02  0.46921E+00

0.14952E+00  0.10330E+02  0.47055E+00

0.14979E+00  0.10515E+02  0.46958E+00

0.15006E+00  0.10480E+02  0.47320E+00

0.15034E+00  0.10647E+02  0.46872E+00

0.15061E+00  0.94739E+01  0.46955E+00

0.15088E+00  0.97282E+01  0.46641E+00

0.15116E+00  0.97560E+01  0.46788E+00

0.15143E+00  0.99354E+01  0.46882E+00

0.15170E+00  0.10639E+02  0.47442E+00

0.15198E+00  0.93764E+01  0.46290E+00

0.15225E+00  0.97485E+01  0.46685E+00

0.15252E+00  0.96784E+01  0.46628E+00

0.15280E+00  0.88160E+01  0.46349E+00

0.15307E+00  0.87286E+01  0.46425E+00

0.15334E+00  0.90027E+01  0.46533E+00

0.15362E+00  0.92149E+01  0.46323E+00

0.15389E+00  0.88058E+01  0.46013E+00

0.15416E+00  0.90955E+01  0.46829E+00

0.15444E+00  0.89308E+01  0.46287E+00

0.15471E+00  0.99642E+01  0.46417E+00

0.15498E+00  0.82863E+01  0.46369E+00

0.15526E+00  0.90897E+01  0.46468E+00

0.15553E+00  0.92233E+01  0.46121E+00

0.15580E+00  0.91227E+01  0.46664E+00

0.15608E+00  0.90379E+01  0.46103E+00

0.15635E+00  0.79700E+01  0.46462E+00

0.15662E+00  0.83919E+01  0.46303E+00

0.15690E+00  0.81702E+01  0.46093E+00

0.15717E+00  0.81851E+01  0.45870E+00

0.15744E+00  0.89677E+01  0.46507E+00

0.15772E+00  0.86518E+01  0.46614E+00

0.15799E+00  0.75921E+01  0.46231E+00

0.15826E+00  0.87849E+01  0.45929E+00

0.15854E+00  0.81357E+01  0.45967E+00

0.15881E+00  0.81652E+01  0.46024E+00

0.15909E+00  0.75121E+01  0.45625E+00

0.15936E+00  0.81420E+01  0.45735E+00

0.15963E+00  0.67506E+01  0.45552E+00

0.15991E+00  0.79244E+01  0.46017E+00

0.16018E+00  0.88002E+01  0.46371E+00

0.16045E+00  0.77401E+01  0.45714E+00

0.16073E+00  0.74943E+01  0.45511E+00

0.16100E+00  0.78034E+01  0.45644E+00

0.16127E+00  0.72446E+01  0.45952E+00

0.16155E+00  0.68507E+01  0.45470E+00

0.16182E+00  0.80174E+01  0.45507E+00

0.16209E+00  0.77897E+01  0.45890E+00

0.16237E+00  0.73782E+01  0.45706E+00

0.16264E+00  0.59099E+01  0.45419E+00

0.16291E+00  0.67976E+01  0.45235E+00

0.16319E+00  0.70385E+01  0.45439E+00

0.16346E+00  0.69747E+01  0.45702E+00

0.16373E+00  0.69287E+01  0.45698E+00

0.16401E+00  0.68859E+01  0.45098E+00

0.16428E+00  0.67332E+01  0.45413E+00

0.16455E+00  0.74107E+01  0.45529E+00

0.16483E+00  0.69685E+01  0.45556E+00

0.16510E+00  0.65550E+01  0.44881E+00

0.16537E+00  0.63590E+01  0.45391E+00

0.16565E+00  0.72665E+01  0.46091E+00

0.16592E+00  0.59899E+01  0.44977E+00

0.16619E+00  0.75131E+01  0.45301E+00

0.16647E+00  0.69550E+01  0.45217E+00

0.16674E+00  0.62997E+01  0.45154E+00

0.16701E+00  0.59921E+01  0.45543E+00

0.16729E+00  0.67804E+01  0.45325E+00

0.16756E+00  0.65273E+01  0.44709E+00

0.16783E+00  0.62639E+01  0.45208E+00

0.16811E+00  0.55221E+01  0.45223E+00

0.16838E+00  0.60860E+01  0.45633E+00

0.16865E+00  0.61462E+01  0.44556E+00

0.16893E+00  0.47512E+01  0.44667E+00

0.16920E+00  0.61609E+01  0.44622E+00

0.16947E+00  0.58540E+01  0.44926E+00

0.16975E+00  0.58881E+01  0.44304E+00

0.17002E+00  0.59999E+01  0.45128E+00

0.17029E+00  0.53942E+01  0.44728E+00

0.17057E+00  0.55740E+01  0.44968E+00

0.17084E+00  0.54080E+01  0.44460E+00

0.17111E+00  0.54888E+01  0.44597E+00

0.17139E+00  0.52806E+01  0.44868E+00

0.17166E+00  0.60065E+01  0.44713E+00

0.17193E+00  0.56334E+01  0.44760E+00

0.17221E+00  0.55555E+01  0.44546E+00

0.17248E+00  0.55089E+01  0.44528E+00

0.17275E+00  0.56437E+01  0.44968E+00

0.17303E+00  0.49525E+01  0.44817E+00

0.17330E+00  0.50587E+01  0.44560E+00

0.17357E+00  0.44655E+01  0.44276E+00

0.17385E+00  0.49799E+01  0.44307E+00

0.17412E+00  0.41343E+01  0.44427E+00

0.17440E+00  0.49765E+01  0.44380E+00

0.17467E+00  0.45517E+01  0.44304E+00

0.17494E+00  0.47247E+01  0.44726E+00

0.17522E+00  0.47052E+01  0.44400E+00

0.17549E+00  0.47747E+01  0.44246E+00

0.17576E+00  0.44967E+01  0.44454E+00

0.17604E+00  0.46853E+01  0.44382E+00

0.17631E+00  0.40808E+01  0.43977E+00

0.17658E+00  0.42397E+01  0.44132E+00

0.17686E+00  0.50101E+01  0.44678E+00

0.17713E+00  0.41999E+01  0.44289E+00

0.17740E+00  0.38182E+01  0.44025E+00

0.17768E+00  0.43532E+01  0.44235E+00

0.17795E+00  0.44669E+01  0.43932E+00

0.17822E+00  0.43300E+01  0.44041E+00

0.17850E+00  0.42977E+01  0.44002E+00

0.17877E+00  0.36440E+01  0.44094E+00

0.17904E+00  0.44111E+01  0.44123E+00

0.17932E+00  0.37297E+01  0.44143E+00

0.17959E+00  0.35238E+01  0.43490E+00

0.17986E+00  0.45609E+01  0.44549E+00

0.18014E+00  0.43611E+01  0.44449E+00

0.18041E+00  0.40436E+01  0.44076E+00

0.18068E+00  0.36947E+01  0.43994E+00

0.18096E+00  0.40366E+01  0.44303E+00

0.18123E+00  0.33486E+01  0.43919E+00

0.18150E+00  0.45689E+01  0.44224E+00

0.18178E+00  0.41432E+01  0.43491E+00

0.18205E+00  0.43851E+01  0.44765E+00

0.18232E+00  0.44545E+01  0.44014E+00

0.18260E+00  0.33610E+01  0.43752E+00

0.18287E+00  0.44323E+01  0.44145E+00

0.18315E+00  0.34803E+01  0.43145E+00

0.18342E+00  0.36095E+01  0.44496E+00

0.18369E+00  0.40390E+01  0.44333E+00

0.18397E+00  0.35271E+01  0.44309E+00

0.18424E+00  0.31204E+01  0.43633E+00

0.18451E+00  0.39976E+01  0.43617E+00

0.18478E+00  0.35772E+01  0.43732E+00

0.18506E+00  0.37764E+01  0.43724E+00

0.18533E+00  0.32802E+01  0.43736E+00

0.18560E+00  0.34729E+01  0.43752E+00

0.18588E+00  0.33548E+01  0.43699E+00

0.18615E+00  0.38155E+01  0.43923E+00

0.18642E+00  0.29244E+01  0.43582E+00

0.18670E+00  0.29202E+01  0.43813E+00

0.18697E+00  0.35263E+01  0.44131E+00

0.18725E+00  0.35646E+01  0.43350E+00

0.18752E+00  0.28587E+01  0.43477E+00

0.18779E+00  0.36720E+01  0.43379E+00

0.18807E+00  0.27692E+01  0.43488E+00

0.18834E+00  0.25955E+01  0.43344E+00

0.18861E+00  0.38911E+01  0.44028E+00

0.18889E+00  0.27838E+01  0.43401E+00

0.18916E+00  0.29077E+01  0.43316E+00

0.18943E+00  0.30520E+01  0.43586E+00

0.18971E+00  0.35465E+01  0.43454E+00

0.18998E+00  0.30434E+01  0.43466E+00

0.19025E+00  0.34054E+01  0.43087E+00

0.19053E+00  0.27454E+01  0.43732E+00

0.19080E+00  0.30730E+01  0.43340E+00

0.19107E+00  0.31649E+01  0.43054E+00

0.19135E+00  0.27550E+01  0.43807E+00

0.19162E+00  0.29597E+01  0.43307E+00

0.19189E+00  0.28428E+01  0.43036E+00

0.19217E+00  0.31046E+01  0.43712E+00

0.19244E+00  0.33589E+01  0.43260E+00

0.19271E+00  0.32469E+01  0.43281E+00

0.19299E+00  0.33524E+01  0.43270E+00

0.19326E+00  0.34328E+01  0.43383E+00

0.19353E+00  0.27224E+01  0.43343E+00

0.19381E+00  0.37117E+01  0.43376E+00

0.19408E+00  0.30974E+01  0.43198E+00

0.19435E+00  0.24797E+01  0.42697E+00

0.19463E+00  0.37007E+01  0.43497E+00

0.19490E+00  0.21923E+01  0.43008E+00

0.19517E+00  0.28126E+01  0.42835E+00

0.19545E+00  0.29761E+01  0.43513E+00

0.19572E+00  0.25172E+01  0.43375E+00

0.19600E+00  0.28510E+01  0.43043E+00

0.19627E+00  0.33343E+01  0.43524E+00

0.19654E+00  0.32009E+01  0.43296E+00

0.19682E+00  0.26404E+01  0.42916E+00

0.19709E+00  0.36230E+01  0.43358E+00

0.19736E+00  0.29944E+01  0.43443E+00

0.19764E+00  0.22846E+01  0.43170E+00

0.19791E+00  0.26395E+01  0.43285E+00

0.19818E+00  0.27511E+01  0.42922E+00

0.19846E+00  0.24517E+01  0.42973E+00

0.19873E+00  0.28689E+01  0.43067E+00

0.19900E+00  0.22680E+01  0.43532E+00

0.19928E+00  0.25563E+01  0.43379E+00

0.19955E+00  0.29468E+01  0.42912E+00

0.19982E+00  0.33017E+01  0.43069E+00

0.20010E+00  0.26269E+01  0.43189E+00

0.20037E+00  0.23044E+01  0.43294E+00

0.20064E+00  0.23359E+01  0.42833E+00

0.20092E+00  0.23103E+01  0.42882E+00

0.20119E+00  0.31737E+01  0.43245E+00

0.20146E+00  0.29987E+01  0.43185E+00

0.20174E+00  0.23979E+01  0.43120E+00

0.20201E+00  0.24455E+01  0.42954E+00

0.20228E+00  0.32891E+01  0.43216E+00

0.20256E+00  0.24142E+01  0.43291E+00

0.20283E+00  0.23557E+01  0.42587E+00

0.20310E+00  0.18012E+01  0.43136E+00

0.20338E+00  0.21930E+01  0.43470E+00

0.20365E+00  0.26719E+01  0.42840E+00

0.20392E+00  0.26331E+01  0.42909E+00

0.20420E+00  0.24935E+01  0.43375E+00

0.20447E+00  0.21340E+01  0.43269E+00

0.20474E+00  0.27928E+01  0.42803E+00

0.20502E+00  0.22078E+01  0.42791E+00

0.20529E+00  0.25174E+01  0.43073E+00

0.20556E+00  0.22588E+01  0.43198E+00

0.20584E+00  0.29360E+01  0.43171E+00

0.20611E+00  0.28068E+01  0.43189E+00

0.20638E+00  0.25660E+01  0.43022E+00

0.20666E+00  0.21763E+01  0.42991E+00

0.20693E+00  0.25473E+01  0.43192E+00

0.20720E+00  0.24050E+01  0.43286E+00

0.20748E+00  0.30247E+01  0.43324E+00

0.20775E+00  0.24482E+01  0.42822E+00

0.20802E+00  0.22135E+01  0.42897E+00

0.20830E+00  0.23372E+01  0.42913E+00

0.20857E+00  0.19668E+01  0.42919E+00

0.20884E+00  0.17170E+01  0.42783E+00

0.20912E+00  0.25130E+01  0.43076E+00

0.20939E+00  0.21601E+01  0.42863E+00

0.20966E+00  0.20270E+01  0.42875E+00

0.20994E+00  0.25021E+01  0.42990E+00

0.21021E+00  0.23835E+01  0.42473E+00

0.21048E+00  0.22715E+01  0.43375E+00

0.21076E+00  0.23636E+01  0.42797E+00

0.21103E+00  0.18409E+01  0.42643E+00

0.21130E+00  0.13851E+01  0.42507E+00

0.21158E+00  0.23562E+01  0.42841E+00

0.21185E+00  0.20215E+01  0.42661E+00

0.21212E+00  0.19388E+01  0.42613E+00

0.21240E+00  0.18504E+01  0.42724E+00

0.21267E+00  0.20471E+01  0.43084E+00

0.21295E+00  0.24049E+01  0.42590E+00

0.21322E+00  0.18896E+01  0.42915E+00

0.21349E+00  0.19891E+01  0.42700E+00

0.21377E+00  0.24675E+01  0.42690E+00

0.21404E+00  0.27406E+01  0.42967E+00

0.21431E+00  0.24755E+01  0.42906E+00

0.21459E+00  0.16419E+01  0.42823E+00

0.21486E+00  0.17347E+01  0.42403E+00

0.21513E+00  0.19639E+01  0.43022E+00

0.21541E+00  0.14423E+01  0.42645E+00

0.21568E+00  0.23458E+01  0.42825E+00

0.21595E+00  0.15032E+01  0.42652E+00

0.21623E+00  0.17437E+01  0.42538E+00

0.21650E+00  0.21319E+01  0.42258E+00

0.21677E+00  0.19792E+01  0.42762E+00

0.21705E+00  0.18907E+01  0.42633E+00

0.21732E+00  0.20117E+01  0.42694E+00

0.21759E+00  0.21304E+01  0.42560E+00

0.21787E+00  0.21750E+01  0.42652E+00

0.21814E+00  0.23160E+01  0.42624E+00

0.21841E+00  0.19824E+01  0.42304E+00

0.21869E+00  0.22586E+01  0.42727E+00

0.21896E+00  0.22718E+01  0.42587E+00

0.21923E+00  0.24526E+01  0.42388E+00

0.21951E+00  0.18063E+01  0.42721E+00

0.21978E+00  0.18360E+01  0.42269E+00

0.22005E+00  0.18383E+01  0.42891E+00

0.22033E+00  0.20911E+01  0.42937E+00

0.22060E+00  0.12850E+01  0.42149E+00

0.22087E+00  0.19952E+01  0.42695E+00

0.22115E+00  0.29104E+01  0.42784E+00

0.22142E+00  0.15227E+01  0.42196E+00

0.22170E+00  0.22832E+01  0.42808E+00

0.22197E+00  0.15037E+01  0.42203E+00

0.22224E+00  0.11336E+01  0.42657E+00

0.22252E+00  0.20893E+01  0.42375E+00

0.22279E+00  0.23122E+01  0.42844E+00

0.22306E+00  0.18118E+01  0.42353E+00

0.22334E+00  0.26350E+01  0.42727E+00

0.22361E+00  0.18159E+01  0.42453E+00

0.22388E+00  0.22646E+01  0.42264E+00

0.22416E+00  0.91880E+00  0.42803E+00

0.22443E+00  0.19362E+01  0.42409E+00

0.22470E+00  0.21201E+01  0.42533E+00

0.22498E+00  0.17499E+01  0.42200E+00

0.22525E+00  0.18162E+01  0.41906E+00

0.22552E+00  0.16798E+01  0.42076E+00

0.22580E+00  0.18885E+01  0.42197E+00

0.22607E+00  0.20145E+01  0.42430E+00

0.22634E+00  0.22838E+01  0.42636E+00

0.22662E+00  0.24936E+01  0.42503E+00

0.22689E+00  0.16760E+01  0.42363E+00

0.22716E+00  0.15610E+01  0.42225E+00

0.22744E+00  0.16757E+01  0.41976E+00

0.22771E+00  0.25985E+01  0.42667E+00

0.22798E+00  0.15415E+01  0.42573E+00

0.22826E+00  0.23650E+01  0.42440E+00

0.22853E+00  0.18866E+01  0.42271E+00

0.22880E+00  0.20280E+01  0.42296E+00

0.22908E+00  0.14142E+01  0.42291E+00

0.22935E+00  0.21709E+01  0.42518E+00

0.22962E+00  0.14642E+01  0.42267E+00

0.22990E+00  0.20050E+01  0.42126E+00

0.23017E+00  0.24289E+01  0.42271E+00

0.23044E+00  0.12223E+01  0.42183E+00

0.23072E+00  0.19478E+01  0.42234E+00

0.23099E+00  0.17293E+01  0.42427E+00

0.23126E+00  0.22215E+01  0.42398E+00

0.23154E+00  0.16682E+01  0.41700E+00

0.23181E+00  0.14451E+01  0.41977E+00

0.23208E+00  0.14349E+01  0.41806E+00

0.23236E+00  0.17586E+01  0.42113E+00

0.23263E+00  0.18348E+01  0.41745E+00

0.23290E+00  0.15351E+01  0.41504E+00

0.23318E+00  0.14628E+01  0.41739E+00

0.23345E+00  0.22628E+01  0.42242E+00

0.23372E+00  0.12998E+01  0.41728E+00

0.23400E+00  0.17975E+01  0.41997E+00

0.23427E+00  0.18951E+01  0.42182E+00

0.23455E+00  0.12490E+01  0.42026E+00

0.23482E+00  0.14667E+01  0.42232E+00

0.23509E+00  0.13239E+01  0.41688E+00

0.23537E+00  0.12364E+01  0.41979E+00

0.23564E+00  0.22273E+01  0.42207E+00

0.23591E+00  0.22642E+01  0.42204E+00

0.23619E+00  0.14358E+01  0.41955E+00

0.23646E+00  0.99150E+00  0.42174E+00

0.23673E+00  0.13418E+01  0.41986E+00

0.23700E+00  0.19836E+01  0.42131E+00

0.23728E+00  0.15398E+01  0.41770E+00

0.23755E+00  0.17386E+01  0.42032E+00

0.23782E+00  0.17556E+01  0.42309E+00

0.23810E+00  0.16814E+01  0.42173E+00

0.23837E+00  0.11711E+01  0.41762E+00

0.23865E+00  0.13490E+01  0.42196E+00

0.23892E+00  0.12385E+01  0.41791E+00

0.23919E+00  0.16287E+01  0.42175E+00

0.23947E+00  0.18784E+01  0.42232E+00

0.23974E+00  0.16332E+01  0.42001E+00

0.24001E+00  0.17794E+01  0.41955E+00

0.24029E+00  0.23891E+01  0.42285E+00

0.24056E+00  0.16954E+01  0.41899E+00

0.24083E+00  0.18007E+01  0.42162E+00

0.24111E+00  0.18835E+01  0.41863E+00

0.24138E+00  0.13527E+01  0.42014E+00

0.24165E+00  0.20507E+01  0.41860E+00

0.24193E+00  0.10446E+01  0.41599E+00

0.24220E+00  0.17871E+01  0.41591E+00

0.24247E+00  0.13987E+01  0.41851E+00

0.24275E+00  0.18700E+01  0.42044E+00

0.24302E+00  0.10863E+01  0.41689E+00

0.24329E+00  0.17709E+01  0.41873E+00

0.24357E+00  0.10242E+01  0.41686E+00

0.24384E+00  0.15198E+01  0.41169E+00

0.24411E+00  0.16344E+01  0.42275E+00

0.24439E+00  0.10894E+01  0.41519E+00

0.24466E+00  0.12364E+01  0.42175E+00

0.24493E+00  0.18830E+01  0.41973E+00

0.24521E+00  0.18063E+01  0.41956E+00

0.24548E+00  0.17634E+01  0.42053E+00

0.24575E+00  0.16504E+01  0.41823E+00

0.24603E+00  0.62980E+00  0.41531E+00

0.24630E+00  0.13511E+01  0.41642E+00

0.24657E+00  0.18899E+01  0.41791E+00

0.24685E+00  0.22461E+01  0.41840E+00

0.24712E+00  0.15514E+01  0.41829E+00

0.24739E+00  0.17685E+01  0.41914E+00

0.24767E+00  0.11925E+01  0.41963E+00

0.24794E+00  0.16249E+01  0.41825E+00

0.24821E+00  0.77170E+00  0.41413E+00

0.24849E+00  0.18217E+01  0.41688E+00

0.24876E+00  0.17503E+01  0.41802E+00

0.24903E+00  0.13768E+01  0.41898E+00

0.24931E+00  0.16208E+01  0.41388E+00

0.24958E+00  0.12423E+01  0.41648E+00

0.24985E+00  0.16041E+01  0.41644E+00

0.25013E+00  0.14403E+01  0.41544E+00

0.25040E+00  0.33440E+00  0.41451E+00

0.25067E+00  0.14556E+01  0.41297E+00

0.25095E+00  0.14759E+01  0.41473E+00

0.25122E+00  0.14223E+01  0.41790E+00

0.25150E+00  0.13319E+01  0.41684E+00

0.25177E+00  0.14471E+01  0.41395E+00

0.25204E+00  0.15849E+01  0.41524E+00

0.25232E+00  0.12552E+01  0.41759E+00

0.25259E+00  0.17561E+01  0.41625E+00

0.25286E+00  0.12171E+01  0.41547E+00

0.25314E+00  0.96120E+00  0.41453E+00

0.25341E+00  0.13456E+01  0.41345E+00

0.25368E+00  0.15305E+01  0.41903E+00

0.25396E+00  0.15975E+01  0.41565E+00

0.25423E+00  0.14150E+01  0.41616E+00

0.25450E+00  0.76670E+00  0.41406E+00

0.25478E+00  0.99310E+00  0.41152E+00

0.25505E+00  0.13466E+01  0.41687E+00

0.25532E+00  0.10076E+01  0.41396E+00

0.25560E+00  0.70040E+00  0.41440E+00

0.25587E+00  0.14221E+01  0.41382E+00

0.25614E+00  0.13631E+01  0.41424E+00

0.25642E+00  0.14844E+01  0.41524E+00

0.25669E+00  0.14698E+01  0.41338E+00

0.25696E+00  0.82330E+00  0.41381E+00

0.25724E+00  0.14026E+01  0.41189E+00

0.25751E+00  0.15521E+01  0.41247E+00

0.25778E+00  0.18365E+01  0.41750E+00

0.25806E+00  0.15526E+01  0.41721E+00

0.25833E+00  0.19029E+01  0.46091E+00

0.25860E+00  0.14800E+01  0.48667E+00

0.25888E+00  0.86860E+00  0.51381E+00

0.25915E+00  0.13988E+01  0.53021E+00

0.25942E+00  0.12480E+01  0.54349E+00

0.25970E+00  0.91550E+00  0.56914E+00

0.25997E+00  0.13979E+01  0.59161E+00

0.26025E+00  0.80100E+00  0.61154E+00

0.26052E+00  0.19656E+01  0.61407E+00

0.26079E+00  0.10456E+01  0.63595E+00

0.26107E+00  0.50660E+00  0.64373E+00

0.26134E+00  0.10540E+00  0.65833E+00

0.26161E+00  0.84140E+00  0.53688E+00

0.26189E+00  0.11173E+01  0.51262E+00

0.26216E+00  0.14508E+01  0.49515E+00

0.26243E+00  0.16378E+01  0.49350E+00

0.26271E+00  0.15324E+01  0.47892E+00

0.26298E+00  0.19189E+01  0.47407E+00

0.26325E+00  0.92320E+00  0.46389E+00

0.26353E+00  0.14382E+01  0.46158E+00

0.26380E+00  0.95780E+00  0.46061E+00

0.26407E+00  0.17540E+01  0.45792E+00

0.26435E+00  0.13004E+01  0.45759E+00

0.26462E+00  0.78610E+00  0.45393E+00

0.26489E+00  0.10363E+01  0.45394E+00

0.26517E+00  0.83520E+00  0.44955E+00

0.26544E+00  0.54940E+00  0.44682E+00

0.26571E+00  0.11385E+01  0.45285E+00

0.26599E+00  0.13138E+01  0.44916E+00

0.26626E+00  0.13538E+01  0.45103E+00

0.26653E+00  0.90520E+00  0.44369E+00

0.26681E+00  0.10643E+01  0.44932E+00

0.26708E+00  0.10702E+01  0.44638E+00

0.26735E+00  0.96530E+00  0.44508E+00

0.26763E+00  0.17104E+01  0.44980E+00

0.26790E+00  0.11186E+01  0.44629E+00

0.26817E+00  0.17392E+01  0.44289E+00

0.26845E+00  0.16550E+01  0.44399E+00

0.26872E+00  0.58330E+00  0.44009E+00

0.26899E+00  0.14562E+01  0.44851E+00

0.26927E+00  0.11951E+01  0.44323E+00

0.26954E+00  0.95340E+00  0.44567E+00

0.26981E+00  0.11385E+01  0.44271E+00

0.27009E+00  0.13367E+01  0.44151E+00

0.27036E+00  0.73430E+00  0.43796E+00

0.27063E+00  0.11660E+01  0.43878E+00

0.27091E+00  0.13097E+01  0.43564E+00

0.27118E+00  0.11948E+01  0.43524E+00

0.27145E+00  0.21446E+01  0.43454E+00

0.27173E+00  0.11458E+01  0.42892E+00

0.27200E+00  0.19099E+01  0.43090E+00

0.27227E+00  0.15704E+01  0.42284E+00

0.27255E+00  0.87420E+00  0.42198E+00

0.27282E+00  0.14283E+01  0.42555E+00

0.27309E+00  0.13145E+01  0.42280E+00

0.27337E+00  0.18099E+01  0.42657E+00

0.27364E+00  0.16265E+01  0.42295E+00

0.27391E+00  0.99040E+00  0.41863E+00

0.27419E+00  0.17435E+01  0.42058E+00

0.27446E+00  0.18114E+01  0.41888E+00

0.27473E+00  0.13596E+01  0.41909E+00

0.27501E+00  0.65160E+00  0.42138E+00

0.27528E+00  0.98470E+00  0.42250E+00

0.27555E+00  0.20602E+01  0.42405E+00

0.27583E+00  0.84870E+00  0.42087E+00

0.27610E+00  0.10742E+01  0.41939E+00

0.27637E+00  0.11821E+01  0.42595E+00

0.27665E+00  0.21931E+01  0.42365E+00

0.27692E+00  0.10105E+01  0.42052E+00

0.27720E+00  0.10959E+01  0.41701E+00

0.27747E+00  0.14239E+01  0.41783E+00

0.27774E+00  0.18016E+01  0.42361E+00

0.27802E+00  0.12204E+01  0.41551E+00

0.27829E+00  0.10358E+01  0.41920E+00

0.27856E+00  0.14583E+01  0.42196E+00

0.27884E+00  0.15812E+01  0.41785E+00

0.27911E+00  0.97560E+00  0.41976E+00

0.27938E+00  0.13685E+01  0.42059E+00

0.27966E+00  0.15342E+01  0.42075E+00

0.27993E+00  0.13828E+01  0.42273E+00

0.28020E+00  0.10758E+01  0.41860E+00

0.28048E+00  0.18473E+01  0.42170E+00

0.28075E+00  0.15957E+01  0.42014E+00

0.28102E+00  0.11369E+01  0.41812E+00

0.28130E+00  0.51810E+00  0.41803E+00

0.28157E+00  0.10383E+01  0.41805E+00

0.28184E+00  0.10123E+01  0.41611E+00

0.28212E+00  0.97760E+00  0.41760E+00

0.28239E+00  0.20552E+01  0.42434E+00

0.28266E+00  0.13524E+01  0.42151E+00

0.28294E+00  0.12414E+01  0.41717E+00

0.28321E+00  0.18548E+01  0.42148E+00

0.28348E+00  0.17429E+01  0.41975E+00

0.28376E+00  0.84230E+00  0.41797E+00

0.28403E+00  0.90060E+00  0.41744E+00

0.28430E+00  0.62970E+00  0.41825E+00

0.28458E+00  0.17032E+01  0.41995E+00

0.28485E+00  0.14117E+01  0.42040E+00

0.28512E+00  0.51700E+00  0.41495E+00

0.28540E+00  0.46670E+00  0.41048E+00

0.28567E+00  0.68400E+00  0.41703E+00

0.28594E+00  0.15469E+01  0.41935E+00

0.28622E+00  0.19995E+01  0.42108E+00

0.28649E+00  0.97860E+00  0.41753E+00

0.28676E+00  0.13513E+01  0.42212E+00

0.28704E+00  0.12809E+01  0.41577E+00

0.28731E+00  0.12449E+01  0.41407E+00

0.28758E+00  0.98690E+00  0.41613E+00

0.28786E+00  0.11960E+01  0.41774E+00

0.28813E+00  0.14053E+01  0.41800E+00

0.28840E+00  0.51930E+00  0.41653E+00

0.28868E+00  0.11791E+01  0.41634E+00

0.28895E+00  0.77340E+00  0.42027E+00

0.28923E+00  0.10636E+01  0.41744E+00

0.28950E+00  0.12770E+01  0.41463E+00

0.28977E+00  0.12439E+01  0.41443E+00

0.29005E+00  0.17040E+01  0.41692E+00

0.29032E+00  0.11062E+01  0.41347E+00

0.29059E+00  0.10146E+01  0.41485E+00

0.29087E+00  0.74390E+00  0.41627E+00

0.29114E+00  0.75100E+00  0.41491E+00

0.29141E+00  0.14072E+01  0.41520E+00

0.29169E+00  0.12209E+01  0.41376E+00

0.29196E+00  0.15541E+01  0.41616E+00

0.29223E+00  0.14246E+01  0.41761E+00

0.29251E+00  0.14457E+01  0.41838E+00

0.29278E+00  0.11587E+01  0.41619E+00

0.29305E+00  0.78390E+00  0.41423E+00

0.29333E+00  0.12329E+01  0.41487E+00

0.29360E+00  0.14465E+01  0.41781E+00

0.29387E+00  0.99510E+00  0.41414E+00

0.29415E+00  0.15013E+01  0.41670E+00

0.29442E+00  0.85810E+00  0.41468E+00

0.29469E+00  0.70780E+00  0.41836E+00

0.29497E+00  0.11379E+01  0.41524E+00

0.29524E+00  0.91800E+00  0.41536E+00

0.29551E+00  0.96370E+00  0.41706E+00

0.29579E+00  0.12804E+01  0.41977E+00

0.29606E+00  0.53620E+00  0.41328E+00

0.29633E+00  0.12111E+01  0.41550E+00

