0.000000000 6.646610E+02 8.172490E+00
0.000497429 6.645420E+02 8.172490E+00
0.000994857 6.641910E+02 8.172490E+00
0.001492290 6.636050E+02 8.172490E+00
0.001989710 6.627880E+02 8.172490E+00
0.002487140 6.617380E+02 8.172490E+00
0.002984570 6.604590E+02 8.172490E+00
0.003482000 6.589510E+02 8.172490E+00
0.003979430 6.572180E+02 8.172490E+00
0.004476860 6.552620E+02 8.172490E+00
0.004974290 6.530860E+02 8.172490E+00
0.005471710 6.506930E+02 8.172490E+00
0.005969140 6.480860E+02 8.172490E+00
0.006466570 6.452710E+02 8.172490E+00
0.006964000 6.422500E+02 8.172490E+00
0.007461430 6.390280E+02 8.172490E+00
0.007958860 6.356100E+02 8.172490E+00
0.008456290 6.320020E+02 8.172490E+00
0.008953710 6.282070E+02 8.172490E+00
0.009451140 6.242320E+02 8.172490E+00
0.009948570 6.200820E+02 8.172490E+00
0.010446000 6.157630E+02 8.172490E+00
0.010943400 6.112810E+02 8.172490E+00
0.011440900 6.066430E+02 8.172490E+00
0.011938300 6.018530E+02 8.172490E+00
0.012435700 5.969200E+02 8.172490E+00
0.012933100 5.918490E+02 8.172490E+00
0.013430600 5.866480E+02 8.172490E+00
0.013928000 5.830730E+02 8.172490E+00
0.014434000 5.686010E+02 7.261510E+00
0.014940000 5.694660E+02 6.699910E+00
0.015446000 5.661160E+02 6.412120E+00
0.015952000 5.611870E+02 5.588460E+00
0.016458000 5.563540E+02 5.125530E+00
0.016964000 5.500900E+02 5.400810E+00
0.017470000 5.456980E+02 4.616280E+00
0.017976000 5.307720E+02 4.583740E+00
0.018482000 5.259070E+02 4.184050E+00
0.018988000 5.291460E+02 4.744510E+00
0.019494000 5.187110E+02 4.499420E+00
0.020000000 5.033440E+02 3.363120E+00
0.020506000 5.026730E+02 4.173370E+00
0.021012000 4.979630E+02 3.985150E+00
0.021518000 4.876370E+02 3.904330E+00
0.022024000 4.843560E+02 3.698070E+00
0.022530000 4.775500E+02 3.404920E+00
0.023036000 4.657110E+02 3.271690E+00
0.023542000 4.671060E+02 3.137880E+00
0.024048000 4.574970E+02 2.934920E+00
0.024554000 4.545430E+02 2.774900E+00
0.025060000 4.444270E+02 2.892530E+00
0.025566000 4.362080E+02 2.684160E+00
0.026072000 4.308490E+02 2.702430E+00
0.026578000 4.249520E+02 2.555450E+00
0.027084000 4.163760E+02 2.294390E+00
0.027590000 4.097010E+02 2.523690E+00
0.028096000 4.066270E+02 2.293970E+00
0.028602000 3.970830E+02 2.087140E+00
0.029108000 3.900830E+02 5.619240E+00
0.029614000 3.847350E+02 2.165900E+00
0.030120000 3.807840E+02 2.171160E+00
0.030626000 3.715770E+02 2.063530E+00
0.031132000 3.693250E+02 1.960370E+00
0.031638000 3.621320E+02 1.888740E+00
0.032144000 3.577830E+02 1.814150E+00
0.032650000 3.519180E+02 1.839820E+00
0.033156000 3.446510E+02 1.709630E+00
0.033662000 3.398710E+02 1.727740E+00
0.034168000 3.364880E+02 1.630360E+00
0.034674000 3.270280E+02 1.630360E+00
0.035180000 3.233290E+02 1.645450E+00
0.035686000 3.176980E+02 1.602310E+00
0.036192000 3.103990E+02 1.562800E+00
0.036698000 3.086310E+02 1.568140E+00
0.037204000 3.030990E+02 1.578230E+00
0.037710000 2.984950E+02 1.426250E+00
0.038216000 2.926620E+02 1.472660E+00
0.038722000 2.881760E+02 1.500120E+00
0.039228000 2.815390E+02 1.418620E+00
0.039734000 2.804220E+02 1.384970E+00
0.040240000 2.743270E+02 1.376240E+00
0.040746000 2.668870E+02 1.361370E+00
0.041252000 2.671140E+02 1.411700E+00
0.041758000 2.584400E+02 1.333940E+00
0.042264000 2.551750E+02 1.234280E+00
0.042770000 2.510580E+02 1.265530E+00
0.043276000 2.484130E+02 1.285920E+00
0.043782000 2.418860E+02 1.246020E+00
0.044288000 2.378370E+02 1.269140E+00
0.044794000 2.357160E+02 1.274940E+00
0.045300000 2.309750E+02 1.244940E+00
0.045806000 2.266660E+02 1.147810E+00
0.046312000 2.209840E+02 1.108690E+00
0.046818000 2.206680E+02 1.157850E+00
0.047324000 2.165940E+02 1.173400E+00
0.047830000 2.122030E+02 1.176640E+00
0.048336000 2.082370E+02 1.171350E+00
0.048842000 2.033470E+02 1.129120E+00
0.049348000 2.027820E+02 1.116370E+00
0.049854000 1.985650E+02 1.128650E+00
0.050360000 1.969700E+02 1.095510E+00
0.050866000 1.916200E+02 1.104630E+00
0.051372000 1.895320E+02 1.080500E+00
0.051878000 1.830770E+02 1.041780E+00
0.052384000 1.806020E+02 1.059410E+00
0.052890000 1.795530E+02 1.066460E+00
0.053396000 1.745570E+02 1.015700E+00
0.053902000 1.730760E+02 1.016270E+00
0.054408000 1.702100E+02 9.778530E-01
0.054914000 1.680100E+02 9.663750E-01
0.055420000 1.653710E+02 9.891390E-01
0.055926000 1.607780E+02 1.006260E+00
0.056432000 1.610150E+02 9.495090E-01
0.056938000 1.570040E+02 9.146510E-01
0.057444000 1.534590E+02 9.321470E-01
0.057950000 1.507230E+02 9.492660E-01
0.058456000 1.482190E+02 9.471270E-01
0.058962000 1.467490E+02 9.332480E-01
0.059468000 1.452500E+02 8.936640E-01
0.059974000 1.430500E+02 8.949560E-01
0.060480000 1.393730E+02 9.080450E-01
0.060986000 1.376020E+02 8.648240E-01
0.061492000 1.358780E+02 8.642790E-01
0.061998000 1.342760E+02 8.676340E-01
0.062504000 1.313150E+02 8.427340E-01
0.063010000 1.299620E+02 8.256750E-01
0.063516000 1.275280E+02 8.384510E-01
0.064022000 1.261860E+02 8.585940E-01
0.064528000 1.255220E+02 8.595830E-01
0.065034000 1.218610E+02 8.252800E-01
0.065540000 1.191630E+02 8.194410E-01
0.066046000 1.189960E+02 8.072180E-01
0.066552000 1.171620E+02 7.819190E-01
0.067058000 1.155790E+02 8.052010E-01
0.067564000 1.135660E+02 7.930030E-01
0.068070000 1.099880E+02 7.851680E-01
0.068576000 1.094990E+02 7.898950E-01
0.069082000 1.085920E+02 7.936380E-01
0.069588000 1.070130E+02 7.657380E-01
0.070094000 1.051390E+02 7.558010E-01
0.070600000 1.046330E+02 7.525130E-01
0.071106000 1.018830E+02 7.519310E-01
0.071612000 9.864700E+01 7.828620E-01
0.072118000 9.981720E+01 7.492010E-01
0.072624000 9.696770E+01 7.457640E-01
0.073130000 9.770300E+01 7.197760E-01
0.073636000 9.419330E+01 7.296910E-01
0.074142000 9.381870E+01 7.115710E-01
0.074648000 9.097410E+01 8.006990E-01
0.075154000 8.967560E+01 7.280460E-01
0.075660000 8.983600E+01 7.427520E-01
0.076166000 8.832300E+01 7.403850E-01
0.076672000 8.750900E+01 7.166660E-01
0.077178000 8.646360E+01 7.068950E-01
0.077684000 8.464220E+01 7.296700E-01
0.078190000 8.356450E+01 6.671880E-01
0.078696000 8.153400E+01 7.072860E-01
0.079202000 8.036120E+01 7.000410E-01
0.079708000 7.974970E+01 6.855970E-01
0.080214000 7.882110E+01 6.954670E-01
0.080720000 7.767160E+01 6.803940E-01
0.081226000 7.650310E+01 6.643420E-01
0.081732000 7.460320E+01 6.569720E-01
0.082238000 7.407030E+01 6.667220E-01
0.082744000 7.373600E+01 6.528530E-01
0.083250000 7.280800E+01 6.363600E-01
0.083756000 7.159690E+01 6.422450E-01
0.084262000 6.936800E+01 6.466910E-01
0.084768000 6.947360E+01 6.662960E-01
0.085274000 6.881630E+01 6.523800E-01
0.085780000 6.616600E+01 6.315670E-01
0.086286000 6.629590E+01 6.425240E-01
0.086792000 6.434380E+01 6.449700E-01
0.087298000 6.505850E+01 6.331640E-01
0.087804000 6.393870E+01 6.320840E-01
0.088310000 6.256580E+01 6.325190E-01
0.088816000 6.108550E+01 6.419310E-01
0.089322000 5.972220E+01 6.046410E-01
0.089828000 5.970900E+01 6.190440E-01
0.090334000 5.815060E+01 6.148040E-01
0.090840000 5.806630E+01 6.160680E-01
0.091346000 5.744780E+01 5.998990E-01
0.091852000 5.594770E+01 5.773080E-01
0.092358000 5.424920E+01 6.114650E-01
0.092864000 5.451700E+01 6.005160E-01
0.093370000 5.278490E+01 5.775780E-01
0.093876000 5.399730E+01 5.872010E-01
0.094382000 5.269600E+01 5.776130E-01
0.094888000 5.097370E+01 5.732070E-01
0.095394000 5.050180E+01 5.698620E-01
0.095900000 4.960620E+01 5.583010E-01
0.096406000 4.904870E+01 5.667170E-01
0.096912000 4.873550E+01 5.872240E-01
0.097418000 4.795430E+01 5.742370E-01
0.097924000 4.684840E+01 5.609070E-01
0.098430000 4.614270E+01 5.540330E-01
0.098936000 4.517300E+01 5.654650E-01
0.099442000 4.422760E+01 5.538680E-01
0.099948000 4.490120E+01 5.563320E-01
0.100454000 4.393810E+01 5.543250E-01
0.100960000 4.329300E+01 5.719420E-01
0.101466000 4.256580E+01 5.424170E-01
0.101972000 4.161980E+01 5.376940E-01
0.102478000 4.119420E+01 5.479780E-01
0.102984000 3.993010E+01 5.348180E-01
0.103490000 3.913310E+01 5.457970E-01
0.103996000 3.911060E+01 5.452240E-01
0.104502000 3.779310E+01 5.333920E-01
0.105008000 3.815290E+01 5.321070E-01
0.105514000 3.676430E+01 5.354930E-01
0.106020000 3.612130E+01 5.286170E-01
0.106526000 3.551920E+01 5.290780E-01
0.107032000 3.535780E+01 5.289570E-01
0.107538000 3.477810E+01 5.272700E-01
0.108044000 3.361060E+01 5.265480E-01
0.108550000 3.400020E+01 5.240270E-01
0.109056000 3.417310E+01 5.203750E-01
0.109562000 3.228540E+01 5.300210E-01
0.110068000 3.252810E+01 5.231670E-01
0.110574000 3.182440E+01 5.074200E-01
0.111080000 3.127190E+01 5.306430E-01
0.111586000 3.085040E+01 5.182490E-01
0.112092000 3.027670E+01 5.188130E-01
0.112598000 3.027510E+01 5.113630E-01
0.113104000 2.994940E+01 5.063860E-01
0.113610000 3.001600E+01 5.070450E-01
0.114116000 2.889120E+01 5.065810E-01
0.114622000 2.854170E+01 4.972580E-01
0.115128000 2.906940E+01 4.930130E-01
0.115634000 2.834950E+01 4.887820E-01
0.116140000 2.703240E+01 4.999260E-01
0.116646000 2.751240E+01 4.930710E-01
0.117152000 2.630840E+01 4.912650E-01
0.117658000 2.639700E+01 4.995780E-01
0.118164000 2.603590E+01 4.852670E-01
0.118670000 2.558450E+01 4.895490E-01
0.119176000 2.564320E+01 5.012400E-01
0.119682000 2.478900E+01 5.032900E-01
0.120188000 2.505210E+01 5.178400E-01
0.120694000 2.493810E+01 5.203300E-01
0.121200000 2.415210E+01 5.146830E-01
0.121706000 2.372370E+01 5.282240E-01
0.122212000 2.433780E+01 5.144680E-01
0.122718000 2.354920E+01 5.384770E-01
0.123224000 2.259210E+01 5.394270E-01
0.123730000 2.285020E+01 5.310240E-01
0.124236000 2.272760E+01 5.272760E-01
0.124742000 2.298700E+01 5.261570E-01
0.125248000 2.241350E+01 5.389300E-01
0.125754000 2.164300E+01 5.427220E-01
0.126260000 2.126050E+01 5.390510E-01
0.126766000 2.165380E+01 5.314350E-01
0.127272000 2.139620E+01 5.103960E-01
0.127778000 2.056440E+01 5.135570E-01
0.128284000 1.989540E+01 5.019010E-01
0.128790000 2.133740E+01 5.146240E-01
0.129296000 2.099270E+01 5.028940E-01
0.129802000 2.073080E+01 4.938890E-01
0.130308000 2.044900E+01 5.015700E-01
0.130814000 1.920360E+01 4.960630E-01
0.131320000 1.907170E+01 4.893480E-01
0.131826000 1.894330E+01 4.809890E-01
0.132332000 1.896120E+01 4.842000E-01
0.132838000 1.962000E+01 4.878830E-01
0.133344000 1.937610E+01 4.879410E-01
0.133850000 1.917670E+01 4.852420E-01
0.134356000 1.926630E+01 4.735040E-01
0.134862000 1.845710E+01 4.785400E-01
0.135368000 1.822650E+01 4.838970E-01
0.135874000 1.790140E+01 4.719240E-01
0.136380000 1.803010E+01 4.800640E-01
0.136886000 1.740560E+01 4.783900E-01
0.137392000 1.745700E+01 4.774260E-01
0.137898000 1.699280E+01 4.779590E-01
0.138404000 1.718190E+01 4.613150E-01
0.138910000 1.783210E+01 4.667530E-01
0.139416000 1.659620E+01 4.675100E-01
0.139922000 1.709180E+01 4.669190E-01
0.140428000 1.763140E+01 4.496950E-01
0.140934000 1.706590E+01 4.569530E-01
0.141440000 1.713490E+01 4.656530E-01
0.141946000 1.657710E+01 4.629720E-01
0.142452000 1.604280E+01 4.506580E-01
0.142958000 1.633130E+01 4.445870E-01
0.143464000 1.633070E+01 4.399120E-01
0.143970000 1.568540E+01 4.312820E-01
0.144476000 1.546270E+01 4.469160E-01
0.144982000 1.531120E+01 4.537810E-01
0.145488000 1.527340E+01 4.496750E-01
0.145994000 1.526230E+01 4.408950E-01
0.146500000 1.513610E+01 4.462390E-01
0.147006000 1.555740E+01 4.475840E-01
0.147512000 1.493260E+01 4.429590E-01
0.148018000 1.487570E+01 4.352740E-01
0.148524000 1.459210E+01 4.393520E-01
0.149030000 1.395860E+01 4.368760E-01
0.149536000 1.432230E+01 4.278930E-01
0.150042000 1.382070E+01 4.262940E-01
0.150548000 1.396350E+01 4.357000E-01
0.151054000 1.446580E+01 4.266610E-01
0.151560000 1.413800E+01 4.269980E-01
0.152066000 1.367140E+01 4.326710E-01
0.152572000 1.327050E+01 4.322960E-01
0.153078000 1.285040E+01 4.239860E-01
0.153584000 1.288490E+01 4.275270E-01
0.154090000 1.335190E+01 4.331100E-01
0.154596000 1.331460E+01 4.234460E-01
0.155102000 1.308770E+01 4.189090E-01
0.155608000 1.285250E+01 4.239540E-01
0.156114000 1.284520E+01 4.247430E-01
0.156620000 1.227060E+01 4.226560E-01
0.157126000 1.246760E+01 4.192070E-01
0.157632000 1.247550E+01 4.170000E-01
0.158138000 1.171490E+01 4.173140E-01
0.158644000 1.216000E+01 4.186830E-01
0.159150000 1.229770E+01 4.173710E-01
0.159656000 1.107520E+01 4.150820E-01
0.160162000 1.175600E+01 4.092390E-01
0.160668000 1.226520E+01 4.235920E-01
0.161174000 1.184850E+01 4.235920E-01
0.161680000 1.155030E+01 4.235920E-01
0.162186000 1.093210E+01 4.235920E-01
0.162692000 1.130770E+01 4.235920E-01
0.163198000 1.115790E+01 4.235920E-01
0.163704000 1.061680E+01 4.235920E-01
0.164210000 1.106490E+01 4.235920E-01
0.164716000 1.080380E+01 3.688230E-01
0.165222000 1.018230E+01 4.062780E-01
0.165728000 1.070610E+01 3.941260E-01
0.166234000 1.087770E+01 3.960920E-01
0.166740000 1.086470E+01 3.969790E-01
0.167246000 1.053950E+01 4.008240E-01
0.167752000 9.956190E+00 3.957600E-01
0.168258000 9.930760E+00 3.911640E-01
0.168764000 9.984110E+00 3.977960E-01
0.169270000 9.526090E+00 3.959150E-01
0.169776000 9.654370E+00 3.940370E-01
0.170282000 9.892840E+00 3.968740E-01
0.170788000 9.617980E+00 3.898200E-01
0.171294000 9.394780E+00 3.862920E-01
0.171800000 9.531770E+00 3.877560E-01
0.172306000 9.887040E+00 3.945130E-01
0.172812000 9.525740E+00 3.949020E-01
0.173318000 8.747730E+00 3.875800E-01
0.173824000 9.020870E+00 3.890350E-01
0.174330000 8.914600E+00 3.906330E-01
0.174836000 8.784500E+00 3.853890E-01
0.175342000 9.155040E+00 3.828680E-01
0.175848000 8.256270E+00 3.846150E-01
0.176354000 8.178720E+00 3.822120E-01
0.176860000 8.216870E+00 3.852900E-01
0.177366000 8.254600E+00 3.857170E-01
0.177872000 8.317160E+00 3.814480E-01
0.178378000 8.167180E+00 3.845020E-01
0.178884000 7.947350E+00 3.859890E-01
0.179390000 8.100420E+00 3.820890E-01
0.179896000 8.152090E+00 3.777140E-01
0.180402000 7.852900E+00 3.858340E-01
0.180908000 8.163580E+00 3.581830E-01
0.181414000 8.202380E+00 3.581830E-01
0.181920000 7.788360E+00 3.581830E-01
0.182426000 7.569410E+00 3.581830E-01
0.182932000 8.104410E+00 3.581830E-01
0.183438000 7.641270E+00 3.581830E-01
0.183944000 6.989570E+00 3.581830E-01
0.184450000 7.159160E+00 3.511120E-01
0.184956000 6.906640E+00 3.799060E-01
0.185462000 6.727350E+00 3.733740E-01
0.185968000 7.064780E+00 3.649920E-01
0.186474000 7.284180E+00 3.599690E-01
0.186980000 7.135930E+00 3.634270E-01
0.187486000 7.019510E+00 3.607000E-01
0.187992000 6.898550E+00 3.697580E-01
0.188498000 6.501690E+00 3.752580E-01
0.189004000 6.183280E+00 3.745990E-01
0.189510000 6.370610E+00 3.663800E-01
0.190016000 6.823570E+00 3.597150E-01
0.190522000 7.063280E+00 3.667320E-01
0.191028000 6.770970E+00 3.638130E-01
0.191534000 6.436510E+00 3.583080E-01
0.192040000 6.732560E+00 3.604690E-01
0.192546000 6.582210E+00 3.607850E-01
0.193052000 6.867490E+00 3.589910E-01
0.193558000 6.538480E+00 3.590080E-01
0.194064000 6.094720E+00 3.612700E-01
0.194570000 6.105510E+00 3.615880E-01
0.195076000 6.038760E+00 3.608850E-01
0.195582000 6.627960E+00 3.542510E-01
0.196088000 6.497180E+00 3.521740E-01
0.196594000 6.224880E+00 3.577820E-01
0.197100000 5.954920E+00 3.521840E-01
0.197606000 5.981760E+00 3.539690E-01
0.198112000 5.797200E+00 3.556920E-01
0.198618000 5.803140E+00 3.578000E-01
0.199124000 6.077060E+00 3.561520E-01
0.199630000 5.713780E+00 3.534840E-01
0.200136000 5.622960E+00 3.562420E-01
0.200642000 6.165990E+00 3.467340E-01
0.201148000 5.791060E+00 3.508370E-01
0.201654000 5.855730E+00 3.539170E-01
0.202160000 6.050560E+00 3.509740E-01
0.202666000 5.558890E+00 3.509560E-01
0.203172000 5.636050E+00 3.476290E-01
0.203678000 5.564520E+00 3.491340E-01
0.204184000 5.091050E+00 3.435770E-01
0.204690000 5.400430E+00 3.487670E-01
0.205196000 5.938200E+00 3.525930E-01
0.205702000 5.978580E+00 3.406190E-01
0.206208000 5.665750E+00 3.474640E-01
0.206714000 5.226380E+00 3.571590E-01
0.207220000 5.706710E+00 3.466230E-01
0.207726000 5.748240E+00 3.478050E-01
0.208232000 5.383680E+00 3.513400E-01
0.208738000 5.595490E+00 3.426100E-01
0.209244000 5.632850E+00 3.410020E-01
0.209750000 5.895380E+00 3.433520E-01
0.210256000 5.456880E+00 3.417800E-01
0.210762000 5.395600E+00 3.344980E-01
0.211268000 5.592300E+00 3.438580E-01
0.211774000 5.340110E+00 3.419610E-01
0.212280000 4.918010E+00 3.370910E-01
0.212786000 5.117870E+00 3.446820E-01
0.213292000 5.470560E+00 3.458110E-01
0.213798000 5.263680E+00 3.459130E-01
0.214304000 4.840070E+00 3.415210E-01
0.214810000 4.489680E+00 3.378780E-01
0.215316000 5.093190E+00 3.424320E-01
0.215822000 5.513230E+00 3.418540E-01
0.216328000 5.334510E+00 3.349230E-01
0.216834000 5.111960E+00 3.340660E-01
0.217340000 4.948360E+00 3.430180E-01
0.217846000 4.919200E+00 3.349150E-01
0.218352000 5.015460E+00 3.342820E-01
0.218858000 5.123890E+00 3.451900E-01
0.219364000 5.026520E+00 3.413930E-01
0.219870000 5.157680E+00 3.314500E-01
0.220376000 5.158930E+00 3.358780E-01
0.220882000 4.747370E+00 3.369090E-01
0.221388000 4.615450E+00 3.316480E-01
0.221894000 4.802300E+00 3.284910E-01
0.222400000 4.575100E+00 3.350440E-01
0.222906000 4.702070E+00 3.335790E-01
0.223412000 5.046550E+00 3.323370E-01
0.223918000 5.156050E+00 3.358770E-01
0.224424000 4.660080E+00 3.329360E-01
0.224930000 4.481470E+00 3.310670E-01
0.225436000 4.662710E+00 3.297090E-01
0.225942000 4.616870E+00 3.360090E-01
0.226448000 4.409560E+00 3.274870E-01
0.226954000 4.426450E+00 3.284460E-01
0.227460000 4.559330E+00 3.258480E-01
0.227966000 4.260530E+00 3.273770E-01
0.228472000 4.652750E+00 3.304390E-01
0.228978000 4.697400E+00 3.326270E-01
0.229484000 4.923770E+00 3.271720E-01
0.229990000 4.822540E+00 3.239220E-01
0.230496000 4.481600E+00 3.268680E-01
0.231002000 3.971010E+00 3.235800E-01
0.231508000 3.788420E+00 3.235470E-01
0.232014000 4.460800E+00 3.248380E-01
0.232520000 4.492050E+00 3.264510E-01
0.233026000 4.141180E+00 3.265180E-01
0.233532000 3.965690E+00 3.204190E-01
0.234038000 4.515970E+00 3.187270E-01
0.234544000 4.136760E+00 3.246400E-01
0.235050000 4.071590E+00 3.191350E-01
0.235556000 4.565920E+00 3.151620E-01
0.236062000 3.945510E+00 3.176270E-01
0.236568000 4.214940E+00 3.149010E-01
0.237074000 4.414970E+00 3.199250E-01
0.237580000 4.077380E+00 3.178910E-01
0.238086000 3.816160E+00 3.169240E-01
0.238592000 3.650890E+00 3.179920E-01
0.239098000 3.846790E+00 3.136190E-01
0.239604000 4.265430E+00 3.127050E-01
0.240110000 3.881080E+00 3.187630E-01
0.240616000 3.803750E+00 3.190600E-01
0.241122000 3.630810E+00 3.182300E-01
0.241628000 3.714320E+00 3.153610E-01
0.242134000 3.988840E+00 3.230810E-01
0.242640000 4.608020E+00 3.282420E-01
0.243146000 3.997050E+00 3.125220E-01
0.243652000 3.643740E+00 3.125220E-01
0.244158000 3.421480E+00 3.125220E-01
0.244664000 3.840630E+00 3.125220E-01
0.245170000 4.184030E+00 3.125220E-01
0.245676000 4.032210E+00 3.125220E-01
0.246182000 3.766500E+00 3.125220E-01
0.246688000 3.980020E+00 3.131270E-01
0.247194000 4.152710E+00 3.477540E-01
0.247700000 3.407680E+00 3.366150E-01
0.248206000 3.275220E+00 3.332660E-01
0.248712000 3.575840E+00 3.442570E-01
0.249218000 3.573810E+00 3.383690E-01
0.249724000 3.968380E+00 3.434130E-01
0.250230000 3.612230E+00 3.366200E-01
0.250736000 3.810450E+00 3.404910E-01
0.251242000 3.560540E+00 3.460460E-01
0.251748000 3.456760E+00 3.440630E-01
0.252254000 3.176930E+00 3.356510E-01
0.252760000 3.799280E+00 3.574660E-01
0.253266000 3.696420E+00 2.808010E-01
0.253772000 3.684090E+00 5.942280E-01
0.254278000 3.866850E+00 9.339210E-01
0.254784000 3.403570E+00 2.417490E-01
0.255290000 3.242480E+00 3.641570E-01
0.255796000 3.742110E+00 3.328980E-01
0.256302000 3.611740E+00 3.474170E-01
0.256808000 3.966100E+00 3.349820E-01
0.257314000 3.518730E+00 3.399030E-01
0.257820000 3.351900E+00 3.416130E-01
0.258326000 3.644270E+00 3.395040E-01
0.258832000 3.636930E+00 3.342790E-01
0.259338000 2.899670E+00 3.420930E-01
0.259844000 3.359370E+00 3.419330E-01
0.260350000 3.453120E+00 3.404490E-01
0.260856000 3.534150E+00 3.404460E-01
0.261362000 3.343810E+00 3.420600E-01
0.261868000 3.122870E+00 3.398780E-01
0.262374000 3.136880E+00 3.397840E-01
0.262880000 3.062090E+00 3.457000E-01
0.263386000 2.876100E+00 3.455140E-01
0.263892000 3.579250E+00 3.360370E-01
0.264398000 3.262610E+00 3.431610E-01
0.264904000 3.331550E+00 3.403220E-01
0.265410000 3.128940E+00 3.396220E-01
0.265916000 3.340460E+00 3.355210E-01
0.266422000 3.508560E+00 3.402130E-01
0.266928000 3.438610E+00 3.462720E-01
0.267434000 3.421990E+00 3.439770E-01
0.267940000 3.099760E+00 3.407380E-01
0.268446000 3.127300E+00 3.454990E-01
0.268952000 3.241330E+00 3.410410E-01
0.269458000 2.817980E+00 3.438820E-01
0.269964000 3.136330E+00 3.451600E-01
0.270470000 3.645040E+00 3.479110E-01
0.270976000 2.810590E+00 3.404090E-01
0.271482000 3.206880E+00 3.335140E-01
0.271988000 3.362990E+00 3.729090E-01
0.272494000 2.988040E+00 4.514780E-01
0.273000000 3.302770E+00 3.338870E-01
0.273506000 2.920210E+00 3.371520E-01
0.274012000 2.980050E+00 3.848590E-01
0.274518000 2.578510E+00 3.848590E-01
0.275024000 2.829900E+00 3.848590E-01
0.275530000 3.204350E+00 3.848590E-01
0.276036000 2.886050E+00 3.848590E-01
0.276542000 3.006580E+00 3.848590E-01
0.277048000 3.019200E+00 3.251930E-01
0.277554000 2.946340E+00 3.495550E-01
0.278060000 3.169220E+00 3.302730E-01
0.278566000 3.082280E+00 3.691310E-01
0.279072000 3.101730E+00 3.691310E-01
0.279578000 3.227960E+00 3.691310E-01
0.280084000 2.930400E+00 3.691310E-01
0.280590000 2.940780E+00 3.691310E-01
0.281096000 2.415130E+00 3.980580E-01
0.281602000 2.979800E+00 3.294040E-01
0.282108000 2.823370E+00 3.477770E-01
0.282614000 2.973430E+00 3.428470E-01
0.283120000 3.061950E+00 3.378250E-01
0.283626000 3.402460E+00 3.379350E-01
0.284132000 2.851820E+00 3.402190E-01
0.284638000 2.993400E+00 3.397610E-01
0.285144000 2.617980E+00 3.366540E-01
0.285650000 2.500320E+00 3.513710E-01
0.286156000 2.686130E+00 3.033010E-01
0.286662000 2.903390E+00 4.838030E-01
0.287168000 3.234000E+00 4.838030E-01
0.287674000 2.674490E+00 2.718020E-01
0.288180000 2.748640E+00 3.585380E-01
0.288686000 3.014850E+00 3.300930E-01
0.289192000 2.968960E+00 3.425370E-01
0.289698000 3.160900E+00 3.427700E-01
0.290204000 2.365310E+00 3.372620E-01
0.290710000 2.659580E+00 3.378990E-01
0.291216000 2.739710E+00 3.356210E-01
0.291722000 2.895540E+00 3.419720E-01
0.292228000 3.007520E+00 3.400510E-01
0.292734000 2.592780E+00 3.366520E-01
0.293240000 2.580940E+00 3.432210E-01
0.293746000 2.217260E+00 3.395050E-01
0.294252000 2.721360E+00 3.397130E-01
0.294758000 2.532130E+00 3.422750E-01
0.295264000 3.088270E+00 3.380840E-01
0.295770000 2.783370E+00 3.367450E-01
0.296276000 2.721100E+00 3.392180E-01
0.296782000 2.799490E+00 3.446860E-01
0.297288000 2.633640E+00 3.415280E-01
0.297794000 3.225930E+00 3.383680E-01
0.298300000 2.904330E+00 3.446970E-01
0.298806000 2.802570E+00 3.413380E-01
0.299312000 2.868290E+00 3.428790E-01
0.299818000 2.597690E+00 3.455380E-01
0.300324000 2.954510E+00 3.460070E-01
0.300830000 2.312680E+00 3.416420E-01
0.301336000 2.829350E+00 3.414930E-01
0.301842000 2.408800E+00 3.453820E-01
0.302348000 2.250680E+00 3.443170E-01
0.302854000 2.918600E+00 3.552190E-01
0.303360000 2.467450E+00 3.496150E-01
0.303866000 3.044640E+00 3.524880E-01
0.304372000 2.464190E+00 3.538650E-01
0.304878000 2.771060E+00 3.606600E-01
0.305384000 2.690940E+00 3.502890E-01
0.305890000 2.667170E+00 3.467910E-01
0.306396000 2.362550E+00 3.413910E-01
0.306902000 3.004180E+00 3.510930E-01
0.307408000 3.063790E+00 3.472390E-01
0.307914000 2.947000E+00 3.463190E-01
0.308420000 2.541400E+00 3.462760E-01
0.308926000 2.564360E+00 3.489060E-01
0.309432000 2.577970E+00 3.348070E-01
0.309938000 3.013950E+00 3.926530E-01
0.310444000 2.412240E+00 3.926530E-01
0.310950000 2.964970E+00 3.926530E-01
0.311456000 2.437320E+00 3.926530E-01
0.311962000 3.360550E+00 3.926530E-01
0.312468000 2.496270E+00 3.926530E-01
0.312974000 2.769320E+00 3.220970E-01
0.313480000 2.695720E+00 3.676920E-01
0.313986000 3.030470E+00 3.464750E-01
0.314492000 2.612070E+00 3.737910E-01
0.314998000 3.003360E+00 3.737910E-01
0.315504000 2.501360E+00 3.737910E-01
0.316010000 2.762410E+00 3.737910E-01
0.316516000 2.974810E+00 3.737910E-01
0.317022000 3.003770E+00 3.737910E-01
0.317528000 2.852730E+00 3.737910E-01
0.318034000 2.299860E+00 3.737910E-01
0.318540000 2.684670E+00 3.737910E-01
0.319046000 2.379880E+00 3.737910E-01
0.319552000 2.391770E+00 3.737910E-01
0.320058000 2.960970E+00 3.025930E-01
0.320564000 3.377520E+00 3.667350E-01
0.321070000 3.014930E+00 3.426090E-01
0.321576000 2.343020E+00 3.520770E-01
0.322082000 3.314530E+00 3.436430E-01
0.322588000 2.803230E+00 3.424960E-01
0.323094000 2.708100E+00 3.489480E-01
0.323600000 2.264890E+00 3.560380E-01
0.324106000 2.757520E+00 3.586330E-01
0.324612000 2.166750E+00 3.492620E-01
0.325118000 2.624390E+00 3.470990E-01
0.325624000 2.608990E+00 3.438100E-01
0.326130000 2.709570E+00 3.487910E-01
0.326636000 3.072470E+00 3.491670E-01
0.327142000 3.087370E+00 3.472470E-01
0.327648000 2.641400E+00 3.487570E-01
0.328154000 3.277760E+00 3.471820E-01
0.328660000 3.221800E+00 3.526540E-01
0.329166000 2.698780E+00 3.525080E-01
0.329672000 3.052180E+00 3.540560E-01
0.330178000 2.983330E+00 3.477540E-01
0.330684000 2.935730E+00 3.454390E-01
0.331190000 3.027440E+00 3.427050E-01
0.331696000 2.702270E+00 3.434400E-01
0.332202000 3.134200E+00 3.504180E-01
0.332708000 3.100360E+00 3.503080E-01
0.333214000 2.705390E+00 3.514100E-01
0.333720000 2.462590E+00 3.457650E-01
0.334226000 3.023940E+00 3.473750E-01
0.334732000 2.819250E+00 3.521730E-01
0.335238000 3.209280E+00 3.468830E-01
0.335744000 2.636180E+00 3.474570E-01
0.336250000 3.252110E+00 3.574960E-01
0.336756000 2.553940E+00 3.534200E-01
0.337262000 2.753410E+00 3.544110E-01
0.337768000 3.161000E+00 3.515920E-01
0.338274000 2.367790E+00 3.521610E-01
0.338780000 2.597470E+00 3.406250E-01
0.339286000 2.840030E+00 3.928960E-01
0.339792000 2.965480E+00 3.928960E-01
0.340298000 3.143420E+00 3.928960E-01
0.340804000 2.296420E+00 3.928960E-01
0.341310000 2.813230E+00 3.928960E-01
0.341816000 2.914950E+00 4.547430E-01
0.342322000 2.864980E+00 3.226690E-01
0.342828000 3.158350E+00 3.651210E-01
0.343334000 3.495620E+00 3.500240E-01
0.343840000 3.022620E+00 3.513440E-01
0.344346000 3.393470E+00 3.613130E-01
0.344852000 2.730900E+00 3.532590E-01
0.345358000 3.184290E+00 3.525360E-01
0.345864000 2.385730E+00 3.549990E-01
0.346370000 2.886640E+00 3.557770E-01
0.346876000 3.245650E+00 3.494440E-01
0.347382000 2.364620E+00 3.590790E-01
0.347888000 3.196970E+00 3.548840E-01
0.348394000 2.642030E+00 3.557290E-01
0.348900000 2.653680E+00 3.673110E-01
0.349406000 3.228160E+00 3.588200E-01
0.349912000 3.079720E+00 3.575930E-01
0.350418000 2.849000E+00 3.580510E-01
0.350924000 3.074880E+00 3.638570E-01
0.351430000 2.863140E+00 3.663090E-01
0.351936000 2.650570E+00 3.551690E-01
0.352442000 3.119380E+00 3.591850E-01
0.352948000 2.802600E+00 3.560570E-01
0.353454000 2.580520E+00 3.645110E-01
0.353960000 3.056290E+00 3.686220E-01
0.354466000 2.371510E+00 3.580960E-01
0.354972000 3.155750E+00 3.657800E-01
0.355478000 2.873090E+00 3.682400E-01
0.355984000 3.335180E+00 3.617610E-01
0.356490000 3.333110E+00 3.737810E-01
0.356996000 3.074110E+00 3.693930E-01
0.357502000 2.691760E+00 3.691280E-01
0.358008000 3.285920E+00 3.755950E-01
0.358514000 3.337380E+00 4.487370E-01
0.359020000 2.986640E+00 3.878350E-01
0.359526000 2.806960E+00 3.997640E-01
0.360032000 3.033150E+00 3.997640E-01
0.360538000 2.992580E+00 3.513940E-01
0.361044000 2.527050E+00 3.771720E-01
0.361550000 2.455410E+00 3.821190E-01
0.362056000 2.954840E+00 3.968940E-01
0.362562000 2.453490E+00 3.740080E-01
0.363068000 3.108500E+00 3.797190E-01
0.363574000 2.759000E+00 3.766950E-01
0.364080000 2.795330E+00 3.860810E-01
0.364586000 2.912350E+00 4.175040E-01
0.365092000 2.837880E+00 3.938130E-01
0.365598000 2.989810E+00 3.986780E-01
0.366104000 2.884790E+00 4.082700E-01
0.366610000 2.747340E+00 4.262060E-01
0.367116000 3.360860E+00 4.051210E-01
0.367622000 2.908970E+00 4.135390E-01
0.368128000 2.683150E+00 4.332590E-01
0.368634000 3.187460E+00 4.248600E-01
0.369140000 3.084160E+00 4.301910E-01
0.369646000 2.784390E+00 4.334930E-01
0.370152000 2.743040E+00 4.391190E-01
0.370658000 2.538190E+00 4.440830E-01
0.371164000 3.163790E+00 4.488840E-01
0.371670000 3.121930E+00 4.465030E-01
0.372176000 3.443240E+00 4.476300E-01
0.372682000 2.924490E+00 4.585540E-01
0.373188000 2.739530E+00 4.581540E-01
0.373694000 2.670530E+00 4.661220E-01
0.374200000 2.586590E+00 4.646120E-01
0.374706000 2.331700E+00 4.575160E-01
0.375212000 3.332230E+00 4.585230E-01
0.375718000 3.379710E+00 4.590470E-01
0.376224000 2.680630E+00 4.673330E-01
0.376730000 2.821650E+00 4.673330E-01
0.377236000 3.540720E+00 4.542300E-01
0.377742000 2.336490E+00 4.748050E-01
0.378248000 2.647810E+00 4.643040E-01
0.378754000 2.615610E+00 4.653870E-01
0.379260000 3.324820E+00 4.661320E-01
0.379766000 3.342500E+00 4.720680E-01
0.380272000 3.444810E+00 4.682200E-01
0.380778000 2.639980E+00 4.818380E-01
0.381284000 3.402840E+00 4.850200E-01
0.381790000 3.380670E+00 4.819300E-01
0.382296000 2.804980E+00 4.744490E-01
0.382802000 2.925140E+00 4.756990E-01
0.383308000 2.582520E+00 4.823620E-01
0.383814000 2.360400E+00 5.079730E-01
0.384320000 2.831780E+00 4.746830E-01
0.384826000 3.056020E+00 4.830530E-01
0.385332000 3.424180E+00 4.793890E-01
0.385838000 3.098020E+00 4.838530E-01
0.386344000 3.051950E+00 4.864920E-01
0.386850000 2.701030E+00 4.834740E-01
0.387356000 3.387060E+00 4.883170E-01
0.387862000 3.139950E+00 4.820110E-01
0.388368000 2.941220E+00 4.821370E-01
0.388874000 3.179420E+00 4.774720E-01
0.389380000 3.337120E+00 4.824750E-01
0.389886000 2.317650E+00 4.803530E-01
0.390392000 3.012660E+00 4.859770E-01
0.390898000 3.351480E+00 4.711220E-01
0.391404000 2.965400E+00 4.891190E-01
0.391910000 3.761580E+00 4.804810E-01
0.392416000 3.692200E+00 4.663440E-01
0.392922000 2.813570E+00 4.801560E-01
0.393428000 2.343990E+00 4.808590E-01
0.393934000 3.453440E+00 4.834890E-01
0.394440000 2.591040E+00 4.924730E-01
0.394946000 3.118290E+00 4.705100E-01
0.395452000 3.184790E+00 4.665480E-01
0.395958000 3.592370E+00 4.782650E-01
0.396464000 2.550370E+00 5.095140E-01
0.396970000 3.270970E+00 4.700880E-01
0.397476000 3.582880E+00 4.717540E-01
0.397982000 3.003050E+00 4.745410E-01
0.398488000 3.205110E+00 4.771190E-01
0.398994000 2.452610E+00 4.698690E-01
0.399500000 3.521410E+00 4.709380E-01
0.400006000 2.863660E+00 4.793480E-01
0.400512000 2.802830E+00 4.655300E-01
0.401018000 4.044660E+00 4.707590E-01
0.401524000 2.916210E+00 4.607640E-01
0.402030000 2.991060E+00 4.807640E-01
0.402536000 2.005290E+00 4.725850E-01
0.403042000 3.089190E+00 4.676030E-01
0.403548000 3.183920E+00 4.650210E-01
0.404054000 2.309050E+00 4.771060E-01
0.404560000 2.435730E+00 4.686300E-01
0.405066000 3.302540E+00 4.670420E-01
0.405572000 3.656960E+00 4.641590E-01
0.406078000 3.364290E+00 4.688070E-01
0.406584000 3.087320E+00 4.745990E-01
0.407090000 2.715760E+00 4.666380E-01
0.407596000 2.397840E+00 4.632740E-01
0.408102000 2.383430E+00 4.615020E-01
0.408608000 2.722830E+00 4.501940E-01
0.409114000 2.020190E+00 4.678110E-01
0.409620000 3.079610E+00 4.776220E-01
