# x and average y for the best solution found, chi=0.174993
#  q       exp_intensity   weighted_intensity
0.010640 139.012183 134.375278
0.011250 142.589528 132.987068
0.011860 139.455602 131.538582
0.012470 138.362053 130.016502
0.013070 135.460218 128.487640
0.013680 133.995948 126.855006
0.014290 130.276687 125.183691
0.014900 131.052174 123.469695
0.015510 128.516195 121.693877
0.016110 126.242462 119.922852
0.016720 125.821648 118.066179
0.017330 121.884592 116.179288
0.017940 120.643285 114.266757
0.018550 119.015757 112.308689
0.019150 116.153035 110.367357
0.019760 114.292375 108.361713
0.020370 111.731796 106.335080
0.020980 110.070384 104.294831
0.021590 107.049713 102.228615
0.022190 105.389449 100.189487
0.022800 102.960026 98.103393
0.023410 101.337911 96.009578
0.024020 98.690273 93.911865
0.024630 96.586909 91.810268
0.025240 93.638983 89.709868
0.025840 91.833812 87.645718
0.026450 89.229859 85.554528
0.027060 88.005401 83.467400
0.027670 84.614383 81.393512
0.028280 83.318594 79.330888
0.028880 80.928868 77.315133
0.029490 78.718952 75.288635
0.030100 76.215250 73.273293
0.030710 74.728828 71.286313
0.031320 72.152700 69.319713
0.031920 70.239181 67.403520
0.032530 68.607121 65.493180
0.033140 65.431476 63.599443
0.033750 64.427086 61.742294
0.034360 61.742137 59.915380
0.034970 60.274099 58.109462
0.035570 57.978553 56.382798
0.036180 56.973946 54.647247
0.036790 54.501672 52.952868
0.037400 53.219767 51.297405
0.038000 51.445992 49.689178
0.038610 49.870443 48.115378
0.039220 48.084080 46.564129
0.039830 46.579357 45.052855
0.040440 44.980633 43.587447
0.041040 43.703320 42.167694
0.041650 42.669279 40.784086
0.042260 40.652231 39.427513
0.042870 40.019267 38.107335
0.043480 38.259609 36.838241
0.044090 37.130143 35.592359
0.044690 35.881669 34.420187
0.045300 34.971933 33.259269
0.045910 33.422827 32.130170
0.046520 32.607788 31.053519
0.047130 31.596050 29.998747
0.047730 30.166385 29.007760
0.048340 29.499482 28.032515
0.048950 28.521024 27.082886
0.049560 27.537668 26.185748
0.050170 26.703025 25.308506
0.050780 25.964529 24.470629
0.051380 24.602886 23.679084
0.051990 24.327498 22.893532
0.052600 23.138882 22.157260
0.053210 22.573470 21.438059
0.053820 21.692627 20.749809
0.054420 21.043133 20.104308
0.055030 20.311552 19.463858
0.055640 19.748500 18.864000
0.056250 19.142431 18.280629
0.056860 18.568468 17.721000
0.057460 18.089546 17.198648
0.058070 17.382335 16.680371
0.058680 17.059383 16.193600
0.059290 16.445919 15.722391
0.059900 16.083943 15.268357
0.060500 15.416707 14.846668
0.061110 15.364456 14.428074
0.061720 14.488074 14.032479
0.062330 14.215762 13.650710
0.062940 13.809815 13.280673
0.063540 13.421995 12.937950
0.064150 12.983358 12.597264
0.064760 12.765960 12.272985
0.065370 12.205894 11.960736
0.065980 12.224410 11.656292
0.066590 11.805598 11.369078
0.067190 11.403852 11.092347
0.067800 11.208542 10.822414
0.068410 10.815863 10.562522
0.069020 10.511415 10.307965
0.069630 10.175950 10.066274
0.070230 10.002212 9.833262
0.070840 9.734391 9.604082
0.071450 9.593278 9.383125
0.072060 9.321131 9.166092
0.072660 9.145385 8.961628
0.073270 8.877375 8.757753
0.073880 8.770387 8.558912
0.074490 8.454369 8.367017
0.075100 8.328995 8.178096
0.075710 8.164438 7.995664
0.076310 7.972303 7.819785
0.076920 7.840064 7.644365
0.077530 7.530674 7.474878
0.078140 7.483262 7.307720
0.078750 7.197979 7.145370
0.079350 7.063108 6.989066
0.079960 6.819560 6.832616
0.080570 6.646551 6.681262
0.081180 6.562815 6.531892
0.081790 6.381693 6.386408
0.082390 6.360817 6.246616
0.083000 6.154977 6.106305
0.083610 6.116994 5.970887
0.084220 5.940764 5.837291
0.084830 5.790976 5.706926
0.085430 5.661939 5.582092
0.086040 5.525230 5.456844
0.086650 5.418211 5.335909
0.087260 5.416645 5.217020
0.087870 5.214663 5.100884
0.088470 5.096330 4.990213
0.089080 4.994727 4.879284
0.089690 4.829283 4.772233
0.090300 4.760778 4.667454
0.090910 4.635338 4.565023
0.091510 4.526056 4.467987
0.092120 4.317734 4.370845
0.092730 4.292326 4.277153
0.093340 4.185382 4.185907
0.093950 4.065948 4.096604
0.094560 3.943776 4.011085
0.095160 3.917231 3.928405
0.095770 3.798246 3.847434
0.096380 3.775246 3.768950
0.096990 3.684314 3.691973
0.097600 3.763116 3.618715
0.098200 3.608295 3.547970
0.098810 3.622140 3.478589
0.099420 3.446590 3.411655
0.100030 3.415243 3.345990
0.100640 3.348310 3.283487
0.101240 3.219419 3.223314
0.101850 3.177897 3.164127
0.102460 3.079539 3.107175
0.103070 3.011955 3.051289
0.103680 2.959123 2.998003
0.104290 2.868582 2.945994
0.104890 2.828907 2.896224
0.105500 2.913052 2.847572
0.106110 2.776306 2.799776
0.106720 2.798428 2.753922
0.107330 2.699232 2.709161
0.107930 2.677849 2.666045
0.108540 2.672067 2.623951
0.109150 2.586786 2.582492
0.109760 2.622468 2.542285
0.110370 2.468866 2.503056
0.110970 2.552109 2.465094
0.111580 2.383121 2.427804
0.112190 2.357172 2.390946
0.112800 2.320534 2.354893
0.113410 2.237194 2.319613
0.114010 2.184580 2.285296
0.114620 2.154966 2.251277
0.115230 2.076459 2.217592
0.115840 1.977960 2.184458
0.116450 2.032750 2.151827
0.117050 2.044595 2.119960
0.117660 1.954046 2.088167
0.118270 1.961985 2.056599
0.118880 1.974873 2.025313
0.119490 1.945285 1.994451
0.120090 1.960077 1.964262
0.120700 1.891853 1.933946
0.121310 1.846818 1.903799
0.121920 1.834380 1.873815
0.122530 1.767632 1.844184
0.123130 1.733514 1.815151
0.123740 1.719403 1.785861
0.124350 1.678259 1.756785
0.124960 1.684029 1.727868
0.125570 1.687543 1.699232
0.126180 1.643212 1.670724
0.126780 1.658331 1.642938
0.127390 1.520671 1.614886
0.128000 1.470177 1.586946
0.128610 1.573282 1.559424
0.129210 1.503924 1.532477
0.129820 1.418855 1.505310
0.130430 1.484824 1.478465
0.131040 1.362272 1.451782
0.131650 1.373370 1.425489
0.132260 1.311193 1.399419
0.132860 1.319564 1.374074
0.133470 1.333317 1.348677
0.134080 1.319601 1.323467
0.134690 1.277202 1.298762
0.135290 1.262033 1.274721
0.135900 1.216553 1.250560
0.136510 1.183642 1.226929
0.137120 1.191025 1.203518
0.137730 1.144886 1.180588
0.138340 1.126630 1.158024
0.138940 1.046071 1.136116
0.139550 1.068552 1.114469
0.140160 1.088576 1.093063
0.140770 0.987991 1.072141
0.141380 1.043752 1.051665
0.141980 0.971412 1.031790
0.142590 1.028061 1.012235
0.143200 1.015786 0.992938
0.143810 0.925304 0.974123
0.144420 0.982615 0.955775
0.145020 0.939419 0.937958
0.145630 0.935400 0.920537
0.146240 0.874111 0.903372
0.146850 0.929435 0.886601
0.147460 0.901775 0.870334
0.148060 0.896818 0.854559
0.148670 0.865332 0.839116
0.149280 0.821858 0.823952
0.149890 0.706032 0.809118
0.150500 0.725880 0.794794
0.151100 0.720498 0.780908
0.151710 0.745543 0.767264
0.152320 0.751273 0.753914
0.152930 0.673176 0.740830
0.153540 0.673604 0.728198
0.154150 0.629890 0.715745
0.154750 0.624757 0.703863
0.155360 0.678099 0.692069
0.155970 0.660281 0.680473
0.156580 0.641212 0.669284
0.157180 0.648825 0.658418
0.157790 0.584626 0.647653
0.158400 0.605976 0.637152
0.159010 0.593574 0.626795
0.159620 0.608483 0.616776
0.160230 0.574228 0.606890
0.160830 0.560230 0.597381
0.161440 0.492631 0.587923
0.162050 0.511885 0.578570
0.162660 0.514105 0.569477
0.163260 0.445927 0.560656
0.163870 0.506187 0.551853
0.164480 0.486939 0.543232
0.165090 0.517230 0.534697
0.165700 0.540986 0.526367
0.166310 0.459127 0.518153
0.166910 0.529416 0.510182
0.167520 0.491567 0.502246
0.168130 0.485027 0.494383
0.168740 0.480323 0.486683
0.169340 0.515283 0.479221
0.169950 0.423655 0.471722
0.170560 0.421083 0.464382
0.171170 0.413381 0.457111
0.171780 0.422325 0.449981
0.172390 0.390801 0.442959
0.172990 0.417868 0.436111
0.173600 0.393267 0.429329
0.174210 0.380032 0.422611
0.174820 0.429185 0.416009
0.175420 0.316576 0.409641
0.176030 0.320185 0.403231
0.176640 0.295316 0.396989
0.177250 0.349783 0.390820
0.177860 0.354221 0.384756
0.178470 0.331554 0.378848
0.179070 0.375967 0.373104
0.179680 0.403649 0.367418
0.180290 0.364415 0.361829
0.180900 0.365354 0.356347
0.181510 0.356332 0.351020
0.182110 0.282130 0.345847
0.182720 0.334900 0.340750
0.183330 0.286148 0.335760
0.183940 0.267400 0.330861
0.184550 0.291827 0.326146
0.185150 0.300582 0.321580
0.185760 0.274281 0.317095
0.186370 0.314878 0.312732
0.186980 0.233523 0.308447
0.187590 0.243403 0.304356
0.188190 0.254268 0.300407
0.188800 0.284253 0.296542
0.189410 0.326485 0.292802
0.190020 0.326192 0.289128
0.190630 0.317792 0.285667
0.191230 0.247056 0.282329
0.191840 0.287160 0.279048
0.192450 0.275325 0.275924
0.193060 0.291428 0.272873
0.193670 0.299418 0.269976
0.194270 0.261137 0.267209
0.194880 0.341178 0.264500
0.195490 0.269796 0.261932
0.196100 0.288769 0.259428
0.196710 0.272021 0.257072
0.197310 0.262648 0.254831
0.197920 0.272027 0.252625
0.198530 0.264112 0.250560
0.199140 0.322275 0.248547
0.199750 0.274284 0.246640
0.200350 0.309010 0.244842
0.200960 0.270008 0.243073
0.201570 0.253330 0.241425
0.202180 0.257193 0.239820
0.202790 0.250096 0.238294
0.203390 0.247605 0.236858
0.204000 0.187325 0.235432
0.204610 0.208564 0.234103
0.205220 0.245623 0.232804
0.205830 0.200471 0.231559
0.206430 0.263447 0.230387
0.207040 0.210028 0.229221
0.207650 0.194783 0.228107
0.208260 0.171958 0.227021
0.208870 0.214006 0.225972
0.209470 0.227886 0.224963
0.210080 0.209703 0.223949
0.210690 0.253044 0.222969
0.211300 0.282719 0.222001
0.211910 0.255648 0.221046
0.212510 0.257552 0.220114
0.213120 0.210053 0.219169
0.213730 0.263148 0.218229
0.214340 0.193225 0.217291
0.214950 0.236214 0.216354
0.215550 0.212826 0.215417
0.216160 0.220770 0.214459
0.216770 0.260360 0.213488
0.217380 0.248697 0.212508
0.217990 0.266432 0.211521
0.218590 0.323104 0.210512
0.219200 0.242672 0.209475
0.219810 0.277027 0.208415
0.220420 0.236412 0.207331
0.221020 0.213848 0.206251
0.221630 0.230853 0.205114
0.222240 0.160788 0.203956
0.222850 0.203965 0.202767
0.223460 0.186965 0.201541
0.224060 0.233004 0.200320
0.224670 0.239510 0.199044
0.225280 0.213796 0.197739
0.225890 0.276007 0.196400
0.226500 0.201646 0.195023
0.227110 0.237983 0.193627
0.227710 0.268231 0.192211
0.228320 0.209756 0.190744
0.228930 0.196062 0.189253
0.229540 0.210203 0.187722
0.230140 0.171430 0.186200
0.230750 0.136184 0.184611
0.231360 0.160933 0.182998
0.231970 0.142198 0.181369
0.232580 0.214794 0.179699
0.233190 0.207227 0.178016
0.233790 0.192925 0.176337
0.234400 0.186100 0.174604
0.235010 0.152177 0.172856
0.235620 0.198042 0.171081
0.236220 0.155575 0.169326
0.236830 0.189477 0.167522
0.237440 0.154075 0.165706
0.238050 0.132280 0.163884
0.238660 0.177393 0.162041
0.239270 0.189366 0.160195
0.239870 0.178867 0.158374
0.240480 0.221502 0.156521
0.241090 0.163266 0.154667
0.241700 0.161175 0.152810
0.242300 0.173035 0.150985
0.242910 0.124994 0.149130
0.243520 0.180180 0.147285
0.244130 0.134055 0.145443
0.244740 0.160591 0.143608
0.245340 0.157622 0.141815
0.245950 0.152513 0.140001
0.246560 0.125482 0.138209
0.247170 0.123020 0.136427
0.247780 0.126754 0.134664
0.248380 0.117808 0.132950
0.248990 0.136560 0.131220
0.249600 0.129436 0.129521
0.250210 0.085044 0.127836
0.250820 0.121070 0.126174
0.251420 0.078669 0.124571
0.252030 0.092939 0.122958
0.252640 0.164846 0.121382
0.253250 0.095684 0.119826
0.253860 0.123062 0.118299
0.254460 0.136913 0.116832
0.255070 0.169477 0.115358
0.255680 0.126413 0.113927
0.256290 0.128316 0.112521
0.256890 0.105545 0.111165
0.257500 0.154391 0.109831
0.258110 0.131251 0.108515
0.258720 0.129491 0.107242
0.259330 0.137704 0.105998
0.259940 0.077416 0.104779
0.260540 0.159393 0.103624
0.261150 0.096676 0.102468
0.261760 0.087006 0.101358
0.262370 0.135627 0.100274
0.262980 0.084057 0.099207
0.263580 0.106013 0.098211
0.264190 0.111851 0.097217
0.264800 0.088018 0.096257
0.265410 0.122219 0.095328
0.266010 0.136693 0.094430
0.266620 0.134604 0.093566
0.267230 0.104556 0.092720
0.267840 0.129838 0.091903
0.268450 0.105255 0.091118
0.269050 0.097280 0.090361
0.269660 0.040667 0.089632
0.270270 0.094516 0.088919
0.270880 0.063145 0.088227
0.271490 0.124248 0.087572
0.272090 0.076297 0.086942
0.272700 0.063062 0.086330
0.273310 0.073800 0.085732
0.273920 0.064660 0.085149
0.274530 0.095080 0.084601
0.275130 0.108666 0.084073
0.275740 0.094593 0.083557
0.276350 0.113934 0.083061
0.276960 0.104842 0.082579
0.277570 0.115497 0.082123
0.278170 0.152636 0.081683
0.278780 0.129004 0.081253
0.279390 0.104170 0.080840
0.280000 0.088765 0.080437
0.280600 0.095136 0.080060
0.281210 0.090510 0.079687
0.281820 0.081205 0.079330
0.282430 0.081327 0.078985
0.283040 0.097457 0.078646
0.283640 0.082809 0.078331
0.284250 0.125834 0.078020
0.284860 0.088380 0.077719
0.285470 0.090834 0.077429
0.286080 0.078345 0.077144
0.286680 0.075709 0.076878
0.287290 0.062049 0.076614
0.287900 0.057088 0.076359
0.288510 0.075031 0.076113
0.289120 0.071397 0.075872
0.289720 0.043498 0.075645
0.290330 0.042849 0.075419
0.290940 0.046575 0.075197
0.291550 0.023206 0.074988
0.292150 0.073957 0.074785
0.292760 0.029008 0.074584
0.293370 0.042125 0.074387
0.293980 0.008655 0.074193
0.294590 0.047600 0.074009
0.295190 0.015914 0.073830
0.295800 0.003944 0.073651
0.296410 0.063255 0.073475
0.297630 0.057435 0.073132
0.298230 0.048267 0.072968
0.298840 0.028740 0.072805
0.299450 0.083519 0.072641
0.300060 0.057963 0.072478
0.300670 0.092065 0.072320
0.301270 0.021753 0.072165
0.301880 0.060659 0.072008
0.302490 0.028781 0.071852
0.303100 0.062217 0.071697
0.303710 0.029890 0.071541
0.304310 0.019138 0.071387
0.304920 0.045203 0.071228
0.305530 0.067482 0.071070
0.306140 0.070424 0.070912
0.306740 0.060580 0.070758
0.307350 0.058956 0.070598
0.307960 0.038057 0.070436
0.308570 0.088444 0.070274
0.309180 0.063753 0.070110
0.309780 0.066472 0.069947
0.310390 0.050356 0.069781
0.311000 0.052094 0.069614
0.311610 0.040091 0.069442
0.312220 0.029797 0.069269
0.312820 0.033552 0.069098
0.313430 0.063542 0.068921
0.314040 0.057858 0.068742
0.314650 0.100148 0.068561
0.315260 0.073601 0.068378
0.315860 0.055545 0.068198
0.316470 0.070729 0.068013
0.317080 0.101674 0.067826
0.317690 0.075595 0.067633
0.318290 0.056642 0.067445
0.318900 0.075255 0.067258
0.320120 0.083853 0.066870
0.320730 0.084334 0.066675
0.321330 0.081063 0.066483
0.321940 0.042587 0.066286
0.322550 0.104508 0.066089
