tRNAGidA  Dro:0.003  Ra:1.540  RGE:42.20  RGT:42.27  Vol:204014.  Chi:1.662
  0.000000E+00  0.346335E+01  0.391034E+02
  0.200000E-02  0.346335E+01  0.389949E+02
  0.400000E-02  0.346335E+01  0.387031E+02
  0.600000E-02  0.346335E+01  0.382303E+02
  0.800000E-02  0.346335E+01  0.375817E+02
  0.100000E-01  0.346335E+01  0.367650E+02
  0.120000E-01  0.346335E+01  0.357911E+02
  0.140000E-01  0.346335E+01  0.346769E+02
  0.160000E-01  0.346335E+01  0.334414E+02
  0.160030E-01  0.346335E+02  0.334395E+02
  0.164810E-01  0.343315E+02  0.331284E+02
  0.169580E-01  0.337365E+02  0.328124E+02
  0.174360E-01  0.333135E+02  0.324905E+02
  0.179140E-01  0.329665E+02  0.321636E+02
  0.183910E-01  0.326435E+02  0.318327E+02
  0.188690E-01  0.322255E+02  0.314967E+02
  0.193470E-01  0.317455E+02  0.311564E+02
  0.198240E-01  0.313315E+02  0.308129E+02
  0.203020E-01  0.309375E+02  0.304651E+02
  0.207800E-01  0.303625E+02  0.301139E+02
  0.212570E-01  0.300955E+02  0.297603E+02
  0.217350E-01  0.296785E+02  0.294033E+02
  0.222130E-01  0.292505E+02  0.290437E+02
  0.226900E-01  0.288605E+02  0.286827E+02
  0.231680E-01  0.282995E+02  0.283189E+02
  0.236460E-01  0.280125E+02  0.279535E+02
  0.241240E-01  0.276185E+02  0.275867E+02
  0.246010E-01  0.270915E+02  0.272196E+02
  0.250790E-01  0.267395E+02  0.268507E+02
  0.255570E-01  0.263775E+02  0.264813E+02
  0.260340E-01  0.260925E+02  0.261122E+02
  0.265120E-01  0.256475E+02  0.257421E+02
  0.269900E-01  0.252645E+02  0.253722E+02
  0.274670E-01  0.248835E+02  0.250033E+02
  0.279450E-01  0.245135E+02  0.246341E+02
  0.284230E-01  0.239355E+02  0.242656E+02
  0.289010E-01  0.235555E+02  0.238981E+02
  0.293780E-01  0.232945E+02  0.235324E+02
  0.298560E-01  0.229285E+02  0.231673E+02
  0.303340E-01  0.224865E+02  0.228037E+02
  0.308110E-01  0.221295E+02  0.224425E+02
  0.312890E-01  0.217225E+02  0.220824E+02
  0.317670E-01  0.215855E+02  0.217245E+02
  0.322440E-01  0.210935E+02  0.213695E+02
  0.327220E-01  0.206705E+02  0.210163E+02
  0.332000E-01  0.203115E+02  0.206657E+02
  0.336770E-01  0.200955E+02  0.203187E+02
  0.341550E-01  0.197245E+02  0.199738E+02
  0.346330E-01  0.194825E+02  0.196321E+02
  0.351100E-01  0.191445E+02  0.192943E+02
  0.355880E-01  0.187025E+02  0.189591E+02
  0.360660E-01  0.183975E+02  0.186274E+02
  0.365430E-01  0.181205E+02  0.183000E+02
  0.370210E-01  0.178535E+02  0.179756E+02
  0.374990E-01  0.174775E+02  0.176550E+02
  0.379760E-01  0.172015E+02  0.173389E+02
  0.384540E-01  0.168855E+02  0.170261E+02
  0.389320E-01  0.165505E+02  0.167173E+02
  0.394090E-01  0.162525E+02  0.164132E+02
  0.398870E-01  0.160405E+02  0.161126E+02
  0.403650E-01  0.157995E+02  0.158162E+02
  0.408420E-01  0.154485E+02  0.155247E+02
  0.413200E-01  0.151735E+02  0.152369E+02
  0.417980E-01  0.148855E+02  0.149533E+02
  0.422750E-01  0.145605E+02  0.146747E+02
  0.427530E-01  0.143325E+02  0.143999E+02
  0.432310E-01  0.140545E+02  0.141295E+02
  0.437090E-01  0.137835E+02  0.138635E+02
  0.441860E-01  0.135595E+02  0.136024E+02
  0.446640E-01  0.133015E+02  0.133452E+02
  0.451420E-01  0.131735E+02  0.130924E+02
  0.456190E-01  0.128855E+02  0.128445E+02
  0.460970E-01  0.127115E+02  0.126005E+02
  0.465750E-01  0.124985E+02  0.123609E+02
  0.470520E-01  0.121375E+02  0.121262E+02
  0.475300E-01  0.119735E+02  0.118953E+02
  0.480080E-01  0.117715E+02  0.116687E+02
  0.484850E-01  0.116295E+02  0.114470E+02
  0.489630E-01  0.113515E+02  0.112290E+02
  0.494410E-01  0.111085E+02  0.110152E+02
  0.499180E-01  0.108525E+02  0.108062E+02
  0.503960E-01  0.107565E+02  0.106008E+02
  0.508740E-01  0.104485E+02  0.103996E+02
  0.513510E-01  0.102225E+02  0.102028E+02
  0.518290E-01  0.101845E+02  0.100096E+02
  0.523070E-01  0.995356E+01  0.982026E+01
  0.527840E-01  0.979366E+01  0.963513E+01
  0.532620E-01  0.963926E+01  0.945336E+01
  0.537400E-01  0.931856E+01  0.927527E+01
  0.542170E-01  0.914406E+01  0.910115E+01
  0.546950E-01  0.908116E+01  0.893022E+01
  0.551730E-01  0.881436E+01  0.876275E+01
  0.556500E-01  0.871976E+01  0.859905E+01
  0.561280E-01  0.855636E+01  0.843834E+01
  0.566060E-01  0.828366E+01  0.828092E+01
  0.570830E-01  0.818586E+01  0.812705E+01
  0.575610E-01  0.800826E+01  0.797600E+01
  0.580390E-01  0.790216E+01  0.782806E+01
  0.585160E-01  0.779586E+01  0.768346E+01
  0.589940E-01  0.758316E+01  0.754153E+01
  0.594710E-01  0.746636E+01  0.740282E+01
  0.599490E-01  0.730976E+01  0.726668E+01
  0.604270E-01  0.717756E+01  0.713335E+01
  0.609040E-01  0.703996E+01  0.700302E+01
  0.613820E-01  0.684806E+01  0.687507E+01
  0.618600E-01  0.675686E+01  0.674969E+01
  0.623370E-01  0.663406E+01  0.662708E+01
  0.628150E-01  0.651296E+01  0.650664E+01
  0.632930E-01  0.636756E+01  0.638856E+01
  0.637700E-01  0.627766E+01  0.627302E+01
  0.642480E-01  0.612906E+01  0.615947E+01
  0.647260E-01  0.605216E+01  0.604809E+01
  0.652030E-01  0.588286E+01  0.593905E+01
  0.656810E-01  0.585986E+01  0.583184E+01
  0.661590E-01  0.569166E+01  0.572662E+01
  0.666360E-01  0.557156E+01  0.562357E+01
  0.671140E-01  0.547996E+01  0.552220E+01
  0.675920E-01  0.542706E+01  0.542266E+01
  0.680690E-01  0.530526E+01  0.532513E+01
  0.685470E-01  0.509946E+01  0.522915E+01
  0.690240E-01  0.507726E+01  0.513506E+01
  0.695020E-01  0.496586E+01  0.504244E+01
  0.699800E-01  0.491416E+01  0.495143E+01
  0.704570E-01  0.480466E+01  0.486220E+01
  0.709350E-01  0.467886E+01  0.477431E+01
  0.714130E-01  0.468546E+01  0.468794E+01
  0.718900E-01  0.456446E+01  0.460322E+01
  0.723680E-01  0.449246E+01  0.451977E+01
  0.728460E-01  0.432316E+01  0.443773E+01
  0.733230E-01  0.424706E+01  0.435725E+01
  0.738010E-01  0.418886E+01  0.427794E+01
  0.742790E-01  0.415766E+01  0.419996E+01
  0.747560E-01  0.406406E+01  0.412344E+01
  0.752340E-01  0.396276E+01  0.404803E+01
  0.757110E-01  0.389596E+01  0.397402E+01
  0.761890E-01  0.384306E+01  0.390107E+01
  0.766670E-01  0.378716E+01  0.382932E+01
  0.771440E-01  0.369076E+01  0.375889E+01
  0.776220E-01  0.362916E+01  0.368946E+01
  0.780990E-01  0.354616E+01  0.362129E+01
  0.785770E-01  0.351056E+01  0.355409E+01
  0.790550E-01  0.346066E+01  0.348797E+01
  0.795320E-01  0.335676E+01  0.342305E+01
  0.800100E-01  0.329616E+01  0.335903E+01
  0.804880E-01  0.321106E+01  0.329605E+01
  0.809650E-01  0.315186E+01  0.323421E+01
  0.814430E-01  0.312186E+01  0.317325E+01
  0.819200E-01  0.308046E+01  0.311342E+01
  0.823980E-01  0.303926E+01  0.305447E+01
  0.828760E-01  0.300876E+01  0.299651E+01
  0.833530E-01  0.293926E+01  0.293966E+01
  0.838310E-01  0.285436E+01  0.288366E+01
  0.843090E-01  0.281316E+01  0.282864E+01
  0.847860E-01  0.276196E+01  0.277469E+01
  0.852640E-01  0.272316E+01  0.272158E+01
  0.857410E-01  0.264646E+01  0.266952E+01
  0.862190E-01  0.261516E+01  0.261828E+01
  0.866970E-01  0.259376E+01  0.256797E+01
  0.871740E-01  0.254496E+01  0.251868E+01
  0.876520E-01  0.250056E+01  0.247018E+01
  0.881290E-01  0.244876E+01  0.242269E+01
  0.886070E-01  0.241436E+01  0.237597E+01
  0.890850E-01  0.235426E+01  0.233013E+01
  0.895620E-01  0.224466E+01  0.228525E+01
  0.900400E-01  0.227676E+01  0.224113E+01
  0.905170E-01  0.219266E+01  0.219794E+01
  0.909950E-01  0.214366E+01  0.215549E+01
  0.914730E-01  0.213246E+01  0.211388E+01
  0.919500E-01  0.210416E+01  0.207318E+01
  0.924280E-01  0.211046E+01  0.203321E+01
  0.929050E-01  0.202466E+01  0.199413E+01
  0.933830E-01  0.195986E+01  0.195578E+01
  0.938610E-01  0.199546E+01  0.191822E+01
  0.943380E-01  0.191536E+01  0.188152E+01
  0.948160E-01  0.190866E+01  0.184553E+01
  0.952930E-01  0.188946E+01  0.181038E+01
  0.957710E-01  0.188686E+01  0.177591E+01
  0.962490E-01  0.180096E+01  0.174220E+01
  0.967260E-01  0.178626E+01  0.170930E+01
  0.972040E-01  0.168796E+01  0.167706E+01
  0.976810E-01  0.171316E+01  0.164561E+01
  0.981590E-01  0.166816E+01  0.161481E+01
  0.986370E-01  0.163776E+01  0.158471E+01
  0.991140E-01  0.160986E+01  0.155536E+01
  0.995920E-01  0.154466E+01  0.152664E+01
  0.100070E+00  0.151916E+01  0.149859E+01
  0.100550E+00  0.153906E+01  0.147108E+01
  0.101020E+00  0.148516E+01  0.144478E+01
  0.101500E+00  0.143516E+01  0.141855E+01
  0.101980E+00  0.142456E+01  0.139295E+01
  0.102460E+00  0.142026E+01  0.136795E+01
  0.102930E+00  0.139026E+01  0.134405E+01
  0.103410E+00  0.136456E+01  0.132022E+01
  0.103890E+00  0.135236E+01  0.129696E+01
  0.104370E+00  0.131166E+01  0.127426E+01
  0.104850E+00  0.129176E+01  0.125210E+01
  0.105320E+00  0.124356E+01  0.123091E+01
  0.105800E+00  0.123876E+01  0.120979E+01
  0.106280E+00  0.126666E+01  0.118918E+01
  0.106750E+00  0.124216E+01  0.116948E+01
  0.107230E+00  0.122136E+01  0.114984E+01
  0.107710E+00  0.119106E+01  0.113067E+01
  0.108190E+00  0.114086E+01  0.111197E+01
  0.108660E+00  0.116466E+01  0.109410E+01
  0.109140E+00  0.108616E+01  0.107629E+01
  0.109620E+00  0.107306E+01  0.105891E+01
  0.110100E+00  0.106906E+01  0.104195E+01
  0.110580E+00  0.105196E+01  0.102541E+01
  0.111050E+00  0.105386E+01  0.100960E+01
  0.111530E+00  0.102236E+01  0.993833E+00
  0.112010E+00  0.100806E+01  0.978440E+00
  0.112490E+00  0.100966E+01  0.963407E+00
  0.112960E+00  0.965467E+00  0.949024E+00
  0.113440E+00  0.989347E+00  0.934667E+00
  0.113920E+00  0.976987E+00  0.920636E+00
  0.114400E+00  0.901127E+00  0.906918E+00
  0.114870E+00  0.901437E+00  0.893781E+00
  0.115350E+00  0.884177E+00  0.880654E+00
  0.115830E+00  0.839097E+00  0.867811E+00
  0.116310E+00  0.840397E+00  0.855242E+00
  0.116780E+00  0.819717E+00  0.843191E+00
  0.117260E+00  0.834567E+00  0.831138E+00
  0.117740E+00  0.795387E+00  0.819334E+00
  0.118220E+00  0.775087E+00  0.807769E+00
  0.118690E+00  0.774957E+00  0.796669E+00
  0.119170E+00  0.760397E+00  0.785556E+00
  0.119650E+00  0.763167E+00  0.774660E+00
  0.120130E+00  0.714187E+00  0.763974E+00
  0.120600E+00  0.705717E+00  0.753707E+00
  0.121080E+00  0.733687E+00  0.743417E+00
  0.121560E+00  0.726847E+00  0.733316E+00
  0.122040E+00  0.690987E+00  0.723400E+00
  0.122510E+00  0.681387E+00  0.713862E+00
  0.122990E+00  0.695027E+00  0.704292E+00
  0.123470E+00  0.673597E+00  0.694889E+00
  0.123950E+00  0.685757E+00  0.685646E+00
  0.124420E+00  0.676257E+00  0.676748E+00
  0.124900E+00  0.622547E+00  0.667809E+00
  0.125380E+00  0.592047E+00  0.659016E+00
  0.125860E+00  0.653687E+00  0.650365E+00
  0.126330E+00  0.602307E+00  0.642027E+00
  0.126810E+00  0.562767E+00  0.633642E+00
  0.127290E+00  0.577067E+00  0.625385E+00
  0.127770E+00  0.594967E+00  0.617252E+00
  0.128240E+00  0.563717E+00  0.609405E+00
  0.128720E+00  0.535477E+00  0.601506E+00
  0.129200E+00  0.556777E+00  0.593720E+00
  0.129680E+00  0.578637E+00  0.586043E+00
  0.130150E+00  0.522257E+00  0.578628E+00
  0.130630E+00  0.511027E+00  0.571157E+00
  0.131110E+00  0.529187E+00  0.563787E+00
  0.131590E+00  0.513947E+00  0.556516E+00
  0.132060E+00  0.500327E+00  0.549490E+00
  0.132540E+00  0.505107E+00  0.542410E+00
  0.133020E+00  0.510247E+00  0.535423E+00
  0.133500E+00  0.501347E+00  0.528529E+00
  0.133970E+00  0.452287E+00  0.521865E+00
  0.134450E+00  0.480167E+00  0.515148E+00
  0.134930E+00  0.411817E+00  0.508518E+00
  0.135410E+00  0.427827E+00  0.501974E+00
  0.135880E+00  0.475497E+00  0.495648E+00
  0.136360E+00  0.425157E+00  0.489270E+00
  0.136840E+00  0.477677E+00  0.482973E+00
  0.137320E+00  0.455267E+00  0.476756E+00
  0.137790E+00  0.434917E+00  0.470744E+00
  0.138270E+00  0.441957E+00  0.464682E+00
  0.138750E+00  0.433357E+00  0.458695E+00
  0.139230E+00  0.431737E+00  0.452784E+00
  0.139700E+00  0.410157E+00  0.447067E+00
  0.140180E+00  0.402417E+00  0.441299E+00
  0.140660E+00  0.402277E+00  0.435603E+00
  0.141140E+00  0.405987E+00  0.429978E+00
  0.141610E+00  0.426047E+00  0.424539E+00
  0.142090E+00  0.382927E+00  0.419052E+00
  0.142570E+00  0.373127E+00  0.413634E+00
  0.143050E+00  0.404177E+00  0.408285E+00
  0.143520E+00  0.392377E+00  0.403113E+00
  0.144000E+00  0.368987E+00  0.397897E+00
  0.144480E+00  0.348857E+00  0.392748E+00
  0.144960E+00  0.356577E+00  0.387665E+00
  0.145430E+00  0.379607E+00  0.382751E+00
  0.145910E+00  0.365257E+00  0.377796E+00
  0.146390E+00  0.374797E+00  0.372906E+00
  0.146870E+00  0.362597E+00  0.368079E+00
  0.147340E+00  0.344557E+00  0.363414E+00
  0.147820E+00  0.344587E+00  0.358710E+00
  0.148300E+00  0.328697E+00  0.354069E+00
  0.148770E+00  0.326627E+00  0.349583E+00
  0.149250E+00  0.320387E+00  0.345062E+00
  0.149730E+00  0.312557E+00  0.340600E+00
  0.150210E+00  0.313737E+00  0.336198E+00
  0.150690E+00  0.276657E+00  0.331854E+00
  0.151160E+00  0.303287E+00  0.327657E+00
  0.151640E+00  0.313917E+00  0.323428E+00
  0.152120E+00  0.317687E+00  0.319256E+00
  0.152590E+00  0.275987E+00  0.315227E+00
  0.153070E+00  0.273547E+00  0.311168E+00
  0.153550E+00  0.313817E+00  0.307165E+00
  0.154030E+00  0.310487E+00  0.303218E+00
  0.154510E+00  0.311757E+00  0.299326E+00
  0.154980E+00  0.328367E+00  0.295569E+00
  0.155460E+00  0.307827E+00  0.291785E+00
  0.155940E+00  0.344857E+00  0.288055E+00
  0.156410E+00  0.326827E+00  0.284454E+00
  0.156890E+00  0.255057E+00  0.280830E+00
  0.157370E+00  0.296247E+00  0.277258E+00
  0.157850E+00  0.277467E+00  0.273737E+00
  0.158320E+00  0.260657E+00  0.270340E+00
  0.158800E+00  0.301707E+00  0.266922E+00
  0.159280E+00  0.284367E+00  0.263553E+00
  0.159760E+00  0.294507E+00  0.260235E+00
  0.160230E+00  0.299647E+00  0.257034E+00
  0.160710E+00  0.267397E+00  0.253814E+00
  0.161190E+00  0.291987E+00  0.250642E+00
  0.161670E+00  0.236877E+00  0.247519E+00
  0.162140E+00  0.260157E+00  0.244507E+00
  0.162620E+00  0.275517E+00  0.241479E+00
  0.163100E+00  0.296557E+00  0.238499E+00
  0.163580E+00  0.239237E+00  0.235566E+00
  0.164050E+00  0.280597E+00  0.232740E+00
  0.164530E+00  0.268957E+00  0.229899E+00
  0.165010E+00  0.247347E+00  0.227105E+00
  0.165480E+00  0.228007E+00  0.224413E+00
  0.165960E+00  0.238947E+00  0.221709E+00
  0.166440E+00  0.292357E+00  0.219051E+00
  0.166920E+00  0.249987E+00  0.216437E+00
  0.167390E+00  0.228547E+00  0.213920E+00
  0.167870E+00  0.246157E+00  0.211394E+00
  0.168350E+00  0.226757E+00  0.208911E+00
  0.168830E+00  0.269037E+00  0.206471E+00
  0.169300E+00  0.244547E+00  0.204124E+00
  0.169780E+00  0.249327E+00  0.201768E+00
  0.170260E+00  0.240077E+00  0.199455E+00
  0.170740E+00  0.236947E+00  0.197183E+00
  0.171210E+00  0.199797E+00  0.194998E+00
  0.171690E+00  0.212567E+00  0.192806E+00
  0.172170E+00  0.216407E+00  0.190654E+00
  0.172650E+00  0.220567E+00  0.188541E+00
  0.173120E+00  0.244127E+00  0.186509E+00
  0.173600E+00  0.228367E+00  0.184472E+00
  0.174080E+00  0.223677E+00  0.182471E+00
  0.174550E+00  0.226537E+00  0.180548E+00
  0.175030E+00  0.238437E+00  0.178620E+00
  0.175510E+00  0.230317E+00  0.176727E+00
  0.175990E+00  0.221357E+00  0.174870E+00
  0.176460E+00  0.206817E+00  0.173084E+00
  0.176940E+00  0.202487E+00  0.171295E+00
  0.177420E+00  0.229907E+00  0.169539E+00
  0.177900E+00  0.235587E+00  0.167815E+00
  0.178370E+00  0.208737E+00  0.166160E+00
  0.178850E+00  0.191927E+00  0.164501E+00
  0.179330E+00  0.200937E+00  0.162873E+00
  0.179800E+00  0.202937E+00  0.161310E+00
  0.180280E+00  0.207697E+00  0.159743E+00
  0.180760E+00  0.210967E+00  0.158207E+00
  0.181240E+00  0.159117E+00  0.156699E+00
  0.181710E+00  0.177647E+00  0.155250E+00
  0.182190E+00  0.219777E+00  0.153797E+00
  0.182670E+00  0.199317E+00  0.152370E+00
  0.183150E+00  0.171367E+00  0.150969E+00
  0.183620E+00  0.185557E+00  0.149620E+00
  0.184100E+00  0.195347E+00  0.148266E+00
  0.184580E+00  0.184417E+00  0.146935E+00
  0.185050E+00  0.184267E+00  0.145654E+00
  0.185530E+00  0.193697E+00  0.144366E+00
  0.186010E+00  0.171537E+00  0.143099E+00
  0.186490E+00  0.188007E+00  0.141851E+00
  0.186960E+00  0.153037E+00  0.140649E+00
  0.187440E+00  0.196127E+00  0.139439E+00
  0.187920E+00  0.177327E+00  0.138247E+00
  0.188400E+00  0.155977E+00  0.137072E+00
  0.188870E+00  0.187217E+00  0.135938E+00
  0.189350E+00  0.203837E+00  0.134796E+00
  0.189830E+00  0.166657E+00  0.133669E+00
  0.190300E+00  0.187057E+00  0.132581E+00
  0.190780E+00  0.177507E+00  0.131483E+00
  0.191260E+00  0.156977E+00  0.130399E+00
  0.191740E+00  0.155567E+00  0.129328E+00
  0.192210E+00  0.155177E+00  0.128291E+00
  0.192690E+00  0.182447E+00  0.127244E+00
  0.193170E+00  0.148307E+00  0.126208E+00
  0.193650E+00  0.135637E+00  0.125183E+00
  0.194120E+00  0.138987E+00  0.124189E+00
  0.194600E+00  0.122217E+00  0.123183E+00
  0.195080E+00  0.134877E+00  0.122187E+00
  0.195550E+00  0.132027E+00  0.121220E+00
  0.196030E+00  0.129167E+00  0.120240E+00
  0.196510E+00  0.133177E+00  0.119268E+00
  0.196990E+00  0.148827E+00  0.118303E+00
  0.197460E+00  0.170737E+00  0.117365E+00
  0.197940E+00  0.173197E+00  0.116413E+00
  0.198420E+00  0.166147E+00  0.115466E+00
  0.198900E+00  0.152987E+00  0.114526E+00
  0.199370E+00  0.132287E+00  0.113610E+00
  0.199850E+00  0.134467E+00  0.112679E+00
  0.200330E+00  0.133587E+00  0.111752E+00
  0.200800E+00  0.172707E+00  0.110849E+00
  0.201280E+00  0.143197E+00  0.109931E+00
  0.201760E+00  0.125047E+00  0.109018E+00
  0.202240E+00  0.136857E+00  0.108109E+00
  0.202710E+00  0.124707E+00  0.107224E+00
  0.203190E+00  0.111577E+00  0.106324E+00
  0.203670E+00  0.123497E+00  0.105429E+00
  0.204150E+00  0.118037E+00  0.104539E+00
  0.204620E+00  0.126287E+00  0.103672E+00
  0.205100E+00  0.139817E+00  0.102792E+00
  0.205580E+00  0.113307E+00  0.101917E+00
  0.206050E+00  0.106027E+00  0.101064E+00
  0.206530E+00  0.939867E-01  0.100199E+00
  0.207010E+00  0.120627E+00  0.993393E-01
  0.207490E+00  0.107007E+00  0.984845E-01
  0.207960E+00  0.114787E+00  0.976527E-01
  0.208440E+00  0.101867E+00  0.968085E-01
  0.208920E+00  0.106477E+00  0.959696E-01
  0.209390E+00  0.104847E+00  0.951535E-01
  0.209870E+00  0.884307E-01  0.943254E-01
  0.210350E+00  0.979567E-01  0.935029E-01
  0.210830E+00  0.850517E-01  0.926862E-01
  0.211300E+00  0.727157E-01  0.918927E-01
  0.211780E+00  0.844217E-01  0.910891E-01
  0.212260E+00  0.100377E+00  0.902927E-01
  0.212730E+00  0.114777E+00  0.895204E-01
  0.213210E+00  0.118867E+00  0.887397E-01
  0.213690E+00  0.109057E+00  0.879675E-01
  0.214170E+00  0.100297E+00  0.872042E-01
  0.214640E+00  0.837437E-01  0.864658E-01
  0.215120E+00  0.806667E-01  0.857211E-01
  0.215600E+00  0.918567E-01  0.849864E-01
  0.216080E+00  0.105357E+00  0.842620E-01
  0.216550E+00  0.920667E-01  0.835629E-01
  0.217030E+00  0.916767E-01  0.828597E-01
  0.217510E+00  0.860227E-01  0.821676E-01
  0.217980E+00  0.866747E-01  0.815010E-01
  0.218460E+00  0.850197E-01  0.808319E-01
  0.218940E+00  0.649477E-01  0.801746E-01
  0.219420E+00  0.920867E-01  0.795296E-01
  0.219890E+00  0.758617E-01  0.789100E-01
  0.220370E+00  0.101077E+00  0.782897E-01
  0.220850E+00  0.968867E-01  0.776822E-01
  0.221320E+00  0.881717E-01  0.770998E-01
  0.221800E+00  0.964867E-01  0.765179E-01
  0.222280E+00  0.984267E-01  0.759490E-01
  0.222750E+00  0.564657E-01  0.754048E-01
  0.223230E+00  0.827557E-01  0.748621E-01
  0.223710E+00  0.812207E-01  0.743328E-01
  0.224190E+00  0.953267E-01  0.738168E-01
  0.224660E+00  0.889217E-01  0.733248E-01
  0.225140E+00  0.987767E-01  0.728357E-01
  0.225620E+00  0.789507E-01  0.723603E-01
  0.226090E+00  0.802297E-01  0.719081E-01
  0.226570E+00  0.906367E-01  0.714600E-01
  0.227050E+00  0.713217E-01  0.710259E-01
  0.227530E+00  0.874397E-01  0.706057E-01
  0.228000E+00  0.720377E-01  0.702079E-01
  0.228480E+00  0.935767E-01  0.698157E-01
  0.228960E+00  0.572037E-01  0.694378E-01
  0.229430E+00  0.389477E-01  0.690816E-01
  0.229910E+00  0.521347E-01  0.687321E-01
  0.230390E+00  0.596147E-01  0.683971E-01
  0.230870E+00  0.601867E-01  0.680762E-01
  0.231340E+00  0.533787E-01  0.677752E-01
  0.231820E+00  0.600317E-01  0.674810E-01
  0.232300E+00  0.831547E-01  0.671995E-01
  0.232770E+00  0.758477E-01  0.669358E-01
  0.233250E+00  0.694247E-01  0.666784E-01
  0.233730E+00  0.582237E-01  0.664324E-01
  0.234200E+00  0.689167E-01  0.662024E-01
  0.234680E+00  0.557787E-01  0.659782E-01
  0.235160E+00  0.375317E-01  0.657643E-01
  0.235640E+00  0.493787E-01  0.655603E-01
  0.236110E+00  0.708707E-01  0.653700E-01
  0.236590E+00  0.717127E-01  0.651848E-01
  0.237070E+00  0.733757E-01  0.650086E-01
  0.237540E+00  0.585577E-01  0.648443E-01
  0.238020E+00  0.546037E-01  0.646848E-01
  0.238500E+00  0.414137E-01  0.645331E-01
  0.238970E+00  0.593997E-01  0.643920E-01
  0.239450E+00  0.647667E-01  0.642551E-01
  0.239930E+00  0.698937E-01  0.641252E-01
  0.240410E+00  0.563247E-01  0.640019E-01
  0.240880E+00  0.549457E-01  0.638872E-01
  0.241360E+00  0.635197E-01  0.637756E-01
  0.241840E+00  0.782207E-01  0.636692E-01
  0.242310E+00  0.464077E-01  0.635695E-01
  0.242790E+00  0.517067E-01  0.634717E-01
  0.243270E+00  0.500027E-01  0.633776E-01
  0.243750E+00  0.931867E-01  0.632867E-01
  0.244220E+00  0.808877E-01  0.632002E-01
  0.244700E+00  0.552867E-01  0.631140E-01
  0.245180E+00  0.424797E-01  0.630294E-01
  0.245650E+00  0.704427E-01  0.629478E-01
  0.246130E+00  0.666237E-01  0.628651E-01
  0.246610E+00  0.650777E-01  0.627827E-01
  0.247080E+00  0.443247E-01  0.627017E-01
  0.247560E+00  0.785807E-01  0.626183E-01
  0.248040E+00  0.696927E-01  0.625337E-01
  0.248510E+00  0.718647E-01  0.624493E-01
  0.248990E+00  0.704277E-01  0.623609E-01
  0.249470E+00  0.757187E-01  0.622700E-01
  0.249950E+00  0.518477E-01  0.621759E-01
  0.250420E+00  0.544997E-01  0.620805E-01
  0.250900E+00  0.735977E-01  0.619793E-01
  0.251380E+00  0.658557E-01  0.618742E-01
  0.251850E+00  0.506287E-01  0.617672E-01
  0.252330E+00  0.523417E-01  0.616535E-01
  0.252810E+00  0.402617E-01  0.615353E-01
  0.253280E+00  0.470117E-01  0.614148E-01
  0.253760E+00  0.739217E-01  0.612868E-01
  0.254240E+00  0.269597E-01  0.611536E-01
  0.254710E+00  0.361717E-01  0.610179E-01
  0.255190E+00  0.327527E-01  0.608738E-01
  0.255670E+00  0.470117E-01  0.607238E-01
  0.256150E+00  0.595317E-01  0.605679E-01
  0.256620E+00  0.544627E-01  0.604093E-01
  0.257100E+00  0.770887E-01  0.602410E-01
  0.257580E+00  0.877297E-01  0.600662E-01
  0.258050E+00  0.638277E-01  0.598885E-01
  0.258530E+00  0.883707E-01  0.597003E-01
  0.259010E+00  0.446777E-01  0.595051E-01
  0.259480E+00  0.280257E-01  0.593070E-01
  0.259960E+00  0.484337E-01  0.590974E-01
  0.260440E+00  0.567667E-01  0.588804E-01
  0.260920E+00  0.775827E-01  0.586561E-01
  0.261390E+00  0.566087E-01  0.584296E-01
  0.261870E+00  0.273737E-01  0.581913E-01
  0.262350E+00  0.189917E-01  0.579461E-01
  0.262820E+00  0.621237E-01  0.576996E-01
  0.263300E+00  0.350517E-01  0.574414E-01
  0.263780E+00  0.471697E-01  0.571769E-01
  0.264250E+00  0.429247E-01  0.569118E-01
  0.264730E+00  0.526777E-01  0.566352E-01
  0.265210E+00  0.585147E-01  0.563527E-01
  0.265680E+00  0.458757E-01  0.560706E-01
  0.266160E+00  0.589447E-01  0.557770E-01
  0.266640E+00  0.478277E-01  0.554780E-01
  0.267110E+00  0.379507E-01  0.551803E-01
  0.267590E+00  0.399507E-01  0.548712E-01
  0.268070E+00  0.242437E-01  0.545573E-01
  0.268540E+00  0.419997E-01  0.542454E-01
  0.269020E+00  0.434887E-01  0.539224E-01
  0.269500E+00  0.342207E-01  0.535951E-01
  0.269970E+00  0.425457E-01  0.532705E-01
  0.270450E+00  0.321437E-01  0.529350E-01
  0.270930E+00  0.434967E-01  0.525958E-01
  0.271410E+00  0.393707E-01  0.522534E-01
  0.271880E+00  0.773047E-01  0.519151E-01
  0.272360E+00  0.296117E-01  0.515670E-01
  0.272840E+00  0.290287E-01  0.512167E-01
  0.273310E+00  0.281717E-01  0.508716E-01
  0.273790E+00  0.493737E-01  0.505176E-01
  0.274270E+00  0.457757E-01  0.501622E-01
  0.274740E+00  0.579137E-01  0.498131E-01
  0.275220E+00  0.496257E-01  0.494559E-01
  0.275700E+00  0.230397E-01  0.490982E-01
  0.276170E+00  0.494217E-01  0.487477E-01
  0.276650E+00  0.413587E-01  0.483898E-01
  0.277130E+00  0.406347E-01  0.480323E-01
  0.277600E+00  0.474047E-01  0.476828E-01
  0.278080E+00  0.511577E-01  0.473267E-01
  0.278560E+00  0.436517E-01  0.469717E-01
  0.279040E+00  0.285807E-01  0.466180E-01
  0.279510E+00  0.326637E-01  0.462732E-01
  0.279990E+00  0.322127E-01  0.459229E-01
  0.280470E+00  0.499137E-01  0.455745E-01
  0.280940E+00  0.186057E-01  0.452356E-01
  0.281420E+00  0.393077E-01  0.448919E-01
  0.281900E+00  0.612527E-01  0.445507E-01
  0.282370E+00  0.430147E-01  0.442194E-01
  0.282850E+00  0.464887E-01  0.438839E-01
  0.283330E+00  0.470977E-01  0.435516E-01
  0.283800E+00  0.429657E-01  0.432294E-01
  0.284280E+00  0.452787E-01  0.429038E-01
  0.284760E+00  0.235947E-01  0.425818E-01
  0.285230E+00  0.557817E-01  0.422702E-01
  0.285710E+00  0.389077E-01  0.419559E-01
  0.286190E+00  0.272067E-01  0.416456E-01
  0.286660E+00  0.232927E-01  0.413458E-01
  0.287140E+00  0.310887E-01  0.410439E-01
  0.287620E+00  0.124197E-01  0.407465E-01
  0.288090E+00  0.311897E-01  0.404598E-01
  0.288570E+00  0.599047E-01  0.401715E-01
  0.289050E+00  0.510347E-01  0.398881E-01
  0.289520E+00  0.118507E-01  0.396154E-01
  0.290000E+00  0.249997E-01  0.393418E-01
  0.290480E+00  0.452757E-01  0.390733E-01
  0.290950E+00  0.611117E-01  0.388154E-01
  0.291430E+00  0.438737E-01  0.385568E-01
  0.291910E+00  0.157647E-01  0.383032E-01
  0.292380E+00  0.302867E-01  0.380595E-01
  0.292860E+00  0.508077E-01  0.378154E-01
  0.293340E+00  0.372667E-01  0.375759E-01
  0.293810E+00  0.236667E-01  0.373459E-01
  0.294290E+00  0.206087E-01  0.371155E-01
  0.294770E+00  0.328907E-01  0.368897E-01
  0.295240E+00  0.439997E-01  0.366728E-01
  0.295720E+00  0.383417E-01  0.364556E-01
  0.296200E+00  0.290197E-01  0.362427E-01
  0.296670E+00  0.239507E-01  0.360383E-01
  0.297150E+00  0.162867E-01  0.358338E-01
  0.297630E+00  0.166057E-01  0.356334E-01
  0.298100E+00  0.470977E-01  0.354411E-01
  0.298580E+00  0.214767E-01  0.352487E-01
  0.299060E+00  0.249397E-01  0.350602E-01
  0.299530E+00  0.534657E-01  0.348795E-01
  0.300010E+00  0.315887E-01  0.346988E-01
  0.300490E+00  0.346117E-01  0.345218E-01
  0.300960E+00  0.409507E-01  0.343521E-01
  0.301440E+00  0.217647E-01  0.341823E-01
  0.301920E+00  0.221547E-01  0.340159E-01
  0.302390E+00  0.559077E-01  0.338561E-01
  0.302870E+00  0.274597E-01  0.336961E-01
  0.303350E+00  0.312667E-01  0.335390E-01
  0.303820E+00  0.323417E-01  0.333880E-01
  0.304300E+00  0.293477E-01  0.332366E-01
  0.304780E+00  0.327787E-01  0.330878E-01
  0.305250E+00  0.219397E-01  0.329446E-01
  0.305730E+00  0.371667E-01  0.328007E-01
  0.306210E+00  0.286147E-01  0.326591E-01
  0.306680E+00  0.230147E-01  0.325226E-01
  0.307160E+00  0.126607E-01  0.323852E-01
  0.307640E+00  0.314887E-01  0.322499E-01
  0.308110E+00  0.378707E-01  0.321191E-01
  0.308590E+00  0.152847E-01  0.319874E-01
  0.309070E+00  0.362067E-01  0.318573E-01
  0.309540E+00  0.344477E-01  0.317314E-01
  0.310020E+00  0.470057E-01  0.316043E-01
  0.310500E+00  0.262037E-01  0.314786E-01
  0.310970E+00  0.273647E-01  0.313569E-01
  0.311450E+00  0.252417E-01  0.312338E-01
  0.311930E+00  0.107927E-01  0.311121E-01
  0.312400E+00  0.988473E-02  0.309942E-01
  0.312880E+00  0.212647E-01  0.308750E-01
  0.313350E+00  0.337877E-01  0.307595E-01
  0.313830E+00  0.141867E-01  0.306428E-01
  0.314310E+00  0.201517E-01  0.305274E-01
  0.314780E+00  0.403173E-02  0.304155E-01
  0.315260E+00  0.131777E-01  0.303024E-01
  0.315740E+00  0.567773E-02  0.301905E-01
  0.316210E+00  0.562037E-01  0.300821E-01
  0.316690E+00  0.338967E-01  0.299724E-01
  0.317170E+00  0.407497E-01  0.298639E-01
  0.317640E+00  0.156087E-01  0.297587E-01
  0.318120E+00  0.189657E-01  0.296524E-01
  0.318600E+00  0.170373E-02  0.295472E-01
  0.319070E+00 -0.576457E-02  0.294451E-01
  0.319550E+00  0.341977E-01  0.293420E-01
  0.320030E+00  0.669167E-01  0.292399E-01
  0.320500E+00  0.381927E-01  0.291409E-01
  0.320980E+00  0.290547E-01  0.290409E-01
  0.321460E+00  0.620073E-02  0.289420E-01
  0.321930E+00  0.236437E-01  0.288465E-01
  0.322410E+00  0.297897E-01  0.287503E-01
  0.322880E+00  0.282407E-01  0.286575E-01
  0.323360E+00  0.379537E-01  0.285643E-01
  0.323840E+00  0.416237E-01  0.284726E-01
  0.324310E+00  0.344597E-01  0.283845E-01
  0.324790E+00  0.270807E-01  0.282962E-01
  0.325270E+00  0.120657E-01  0.282098E-01
  0.325740E+00  0.371007E-01  0.281270E-01
  0.326220E+00  0.473387E-01  0.280444E-01
  0.326700E+00  0.438847E-01  0.279639E-01
  0.327170E+00  0.308097E-01  0.278872E-01
  0.327650E+00  0.269797E-01  0.278110E-01
  0.328120E+00  0.448127E-01  0.277385E-01
  0.328600E+00  0.368817E-01  0.276669E-01
  0.329080E+00  0.391437E-01  0.275977E-01
  0.329550E+00  0.242757E-01  0.275324E-01
  0.330030E+00  0.878673E-02  0.274682E-01
  0.330510E+00  0.183387E-01  0.274067E-01
  0.330980E+00  0.380117E-01  0.273490E-01
  0.331460E+00  0.340117E-01  0.272928E-01
  0.331940E+00  0.263507E-01  0.272394E-01
  0.332410E+00  0.170807E-01  0.271899E-01
  0.332890E+00  0.233847E-01  0.271421E-01
  0.333370E+00  0.302757E-01  0.270972E-01
  0.333840E+00 -0.916870E-03  0.270561E-01
  0.334320E+00  0.811773E-02  0.270171E-01
  0.334790E+00  0.866373E-02  0.269819E-01
  0.335270E+00  0.169967E-01  0.269490E-01
  0.335750E+00  0.337007E-01  0.269193E-01
  0.336220E+00  0.203787E-01  0.268932E-01
  0.336700E+00  0.132787E-01  0.268699E-01
  0.337180E+00  0.143017E-01  0.268498E-01
  0.337650E+00  0.192757E-01  0.268334E-01
  0.338130E+00  0.224937E-01  0.268200E-01
  0.338610E+00  0.434457E-01  0.268100E-01
  0.339080E+00  0.356377E-01  0.268037E-01
  0.339560E+00  0.283707E-01  0.268007E-01
  0.340030E+00  0.175087E-01  0.268014E-01
  0.340510E+00  0.304457E-01  0.268057E-01
  0.340990E+00  0.211207E-01  0.268136E-01
  0.341460E+00  0.148967E-01  0.268247E-01
  0.341940E+00  0.509707E-01  0.268396E-01
  0.342420E+00  0.305827E-01  0.268579E-01
  0.342890E+00  0.192757E-01  0.268791E-01
  0.343370E+00  0.161287E-01  0.269040E-01
  0.343850E+00  0.275887E-01  0.269322E-01
  0.344320E+00 -0.711797E-02  0.269629E-01
  0.344800E+00  0.189567E-01  0.269974E-01
  0.345270E+00  0.277617E-01  0.270341E-01
  0.345750E+00  0.296573E-02  0.270746E-01
  0.346230E+00 -0.550587E-02  0.271182E-01
  0.346700E+00 -0.526070E-03  0.271636E-01
  0.347180E+00  0.281867E-01  0.272129E-01
  0.347660E+00  0.307497E-01  0.272650E-01
  0.348130E+00  0.178537E-01  0.273187E-01
  0.348610E+00  0.362437E-01  0.273763E-01
  0.349090E+00  0.265887E-01  0.274365E-01
  0.349560E+00  0.161267E-01  0.274981E-01
  0.350040E+00  0.226237E-01  0.275635E-01
  0.350510E+00 -0.691698E-04  0.276299E-01
  0.350990E+00  0.130167E-01  0.277002E-01
  0.351470E+00  0.311317E-01  0.277728E-01
  0.351940E+00  0.252157E-01  0.278460E-01
  0.352420E+00  0.377237E-01  0.279229E-01
  0.352890E+00  0.264687E-01  0.280001E-01
  0.353370E+00  0.165487E-01  0.280809E-01
  0.353850E+00  0.153587E-01  0.281634E-01
  0.354320E+00  0.144687E-01  0.282458E-01
  0.354800E+00  0.252417E-01  0.283315E-01
  0.355280E+00  0.284247E-01  0.284187E-01
  0.355750E+00  0.267557E-01  0.285054E-01
  0.356230E+00  0.106607E-01  0.285951E-01
  0.356700E+00  0.171347E-01  0.286841E-01
  0.357180E+00  0.203737E-01  0.287759E-01
  0.357660E+00  0.351287E-01  0.288686E-01
  0.358130E+00  0.486347E-01  0.289601E-01
  0.358610E+00  0.756273E-02  0.290542E-01
  0.359090E+00  0.393557E-01  0.291488E-01
  0.359560E+00  0.339857E-01  0.292418E-01
  0.360040E+00  0.376317E-01  0.293371E-01
  0.360510E+00  0.362697E-01  0.294305E-01
  0.360990E+00  0.462527E-01  0.295259E-01
  0.361470E+00  0.330197E-01  0.296214E-01
  0.361940E+00  0.133557E-01  0.297147E-01
  0.362420E+00  0.299477E-01  0.298099E-01
  0.362890E+00  0.356717E-01  0.299028E-01
  0.363370E+00  0.180627E-01  0.299973E-01
  0.363850E+00  0.269537E-01  0.300914E-01
  0.364320E+00  0.113157E-01  0.301831E-01
  0.364800E+00  0.331177E-01  0.302761E-01
  0.365280E+00  0.357667E-01  0.303684E-01
  0.365750E+00  0.197867E-01  0.304580E-01
  0.366230E+00  0.320687E-01  0.305486E-01
  0.366700E+00  0.264827E-01  0.306364E-01
  0.367180E+00  0.292097E-01  0.307251E-01
  0.367660E+00  0.240457E-01  0.308126E-01
  0.368130E+00  0.198767E-01  0.308970E-01
  0.368610E+00  0.459657E-01  0.309820E-01
  0.369080E+00  0.168387E-01  0.310638E-01
  0.369560E+00  0.250917E-01  0.311458E-01
  0.370040E+00  0.256897E-01  0.312261E-01
  0.370510E+00  0.234197E-01  0.313032E-01
  0.370990E+00  0.107097E-01  0.313801E-01
  0.371460E+00  0.593373E-02  0.314537E-01
  0.371940E+00  0.270517E-01  0.315271E-01
  0.372420E+00  0.799373E-02  0.315985E-01
  0.372890E+00  0.113987E-01  0.316666E-01
  0.373370E+00  0.137357E-01  0.317343E-01
  0.373840E+00  0.314627E-01  0.317985E-01
  0.374320E+00  0.122897E-01  0.318622E-01
  0.374800E+00  0.336637E-01  0.319237E-01
  0.375270E+00  0.295397E-01  0.319819E-01
  0.375750E+00  0.222587E-01  0.320392E-01
  0.376220E+00  0.376697E-01  0.320932E-01
  0.376700E+00  0.476177E-01  0.321461E-01
  0.377180E+00  0.232007E-01  0.321967E-01
  0.377650E+00  0.210027E-01  0.322441E-01
  0.378130E+00  0.470807E-01  0.322901E-01
  0.378600E+00  0.358157E-01  0.323328E-01
  0.379080E+00  0.180057E-01  0.323741E-01
  0.379560E+00  0.164707E-01  0.324129E-01
  0.380030E+00  0.130777E-01  0.324484E-01
  0.380510E+00  0.300257E-01  0.324822E-01
  0.380980E+00  0.272757E-01  0.325129E-01
  0.381460E+00  0.109597E-01  0.325416E-01
  0.381940E+00  0.181927E-01  0.325678E-01
  0.382410E+00  0.246837E-01  0.325909E-01
  0.382890E+00  0.311057E-01  0.326119E-01
  0.383370E+00  0.262957E-01  0.326303E-01
  0.383840E+00  0.239917E-01  0.326458E-01
  0.384320E+00  0.188557E-01  0.326590E-01
  0.384790E+00  0.280317E-01  0.326694E-01
  0.385270E+00  0.227267E-01  0.326774E-01
  0.385750E+00  0.375747E-01  0.326827E-01
  0.386220E+00  0.439167E-01  0.326853E-01
  0.386700E+00  0.148327E-01  0.326853E-01
  0.387170E+00 -0.383347E-02  0.326828E-01
  0.387650E+00  0.171977E-01  0.326775E-01
  0.388120E+00  0.271267E-01  0.326697E-01
  0.388600E+00  0.244247E-01  0.326591E-01
  0.389080E+00  0.346777E-01  0.326457E-01
