 0.126690E-01  0.347860E+04  0.101896E+02
 0.132320E-01  0.348519E+04  0.137703E+02
 0.137950E-01  0.347011E+04  0.163280E+02
 0.143580E-01  0.344902E+04  0.130968E+02
 0.149210E-01  0.345277E+04  0.183228E+02
 0.154850E-01  0.343181E+04  0.127195E+02
 0.160480E-01  0.341089E+04  0.109199E+02
 0.166110E-01  0.340645E+04  0.111657E+02
 0.171740E-01  0.339059E+04  0.128191E+02
 0.177370E-01  0.336445E+04  0.110410E+02
 0.183000E-01  0.335705E+04  0.135664E+02
 0.188630E-01  0.332681E+04  0.108177E+02
 0.194260E-01  0.330222E+04  0.109275E+02
 0.199890E-01  0.328517E+04  0.861828E+01
 0.205520E-01  0.325919E+04  0.984030E+01
 0.211150E-01  0.323944E+04  0.964309E+01
 0.216780E-01  0.322018E+04  0.853462E+01
 0.222410E-01  0.318920E+04  0.102768E+02
 0.228050E-01  0.316690E+04  0.969973E+01
 0.233680E-01  0.314515E+04  0.100935E+02
 0.239310E-01  0.311748E+04  0.105745E+02
 0.244940E-01  0.309081E+04  0.108477E+02
 0.250570E-01  0.306801E+04  0.839880E+01
 0.256200E-01  0.303276E+04  0.869312E+01
 0.261830E-01  0.301334E+04  0.706156E+01
 0.267460E-01  0.298452E+04  0.781694E+01
 0.273090E-01  0.296035E+04  0.824302E+01
 0.278720E-01  0.293381E+04  0.783434E+01
 0.284350E-01  0.290064E+04  0.773788E+01
 0.289980E-01  0.286847E+04  0.809785E+01
 0.295610E-01  0.283877E+04  0.741928E+01
 0.301250E-01  0.280275E+04  0.720005E+01
 0.306880E-01  0.277038E+04  0.700894E+01
 0.312510E-01  0.273993E+04  0.650815E+01
 0.318140E-01  0.270767E+04  0.698372E+01
 0.323770E-01  0.267056E+04  0.748070E+01
 0.329400E-01  0.263534E+04  0.726652E+01
 0.335030E-01  0.260318E+04  0.701525E+01
 0.340660E-01  0.257278E+04  0.681328E+01
 0.346290E-01  0.254039E+04  0.628818E+01
 0.351920E-01  0.250617E+04  0.630420E+01
 0.357550E-01  0.246492E+04  0.648000E+01
 0.363180E-01  0.243307E+04  0.661006E+01
 0.368810E-01  0.240055E+04  0.614987E+01
 0.374440E-01  0.236766E+04  0.652504E+01
 0.380080E-01  0.233870E+04  0.620982E+01
 0.385710E-01  0.230012E+04  0.655162E+01
 0.391340E-01  0.226692E+04  0.597274E+01
 0.396970E-01  0.222299E+04  0.650967E+01
 0.402600E-01  0.218677E+04  0.637174E+01
 0.408230E-01  0.215510E+04  0.596495E+01
 0.413860E-01  0.212179E+04  0.596441E+01
 0.419490E-01  0.208212E+04  0.624677E+01
 0.425120E-01  0.204497E+04  0.554025E+01
 0.430750E-01  0.200531E+04  0.541772E+01
 0.436380E-01  0.196847E+04  0.569108E+01
 0.442010E-01  0.193580E+04  0.561524E+01
 0.447640E-01  0.189813E+04  0.569712E+01
 0.453270E-01  0.186431E+04  0.559393E+01
 0.458910E-01  0.182824E+04  0.533792E+01
 0.464540E-01  0.179233E+04  0.527354E+01
 0.470170E-01  0.175554E+04  0.510410E+01
 0.475800E-01  0.172334E+04  0.514217E+01
 0.481430E-01  0.168756E+04  0.479886E+01
 0.487060E-01  0.164959E+04  0.495890E+01
 0.492690E-01  0.161707E+04  0.471884E+01
 0.498320E-01  0.157847E+04  0.468130E+01
 0.503950E-01  0.154865E+04  0.469382E+01
 0.509580E-01  0.151342E+04  0.103450E+02
 0.515210E-01  0.148174E+04  0.252520E+02
 0.520840E-01  0.143211E+04  0.301618E+02
 0.526470E-01  0.139410E+04  0.308078E+02
 0.532100E-01  0.135405E+04  0.364175E+02
 0.537740E-01  0.132633E+04  0.304093E+02
 0.543370E-01  0.130750E+04  0.290922E+02
 0.549000E-01  0.127771E+04  0.289995E+02
 0.554630E-01  0.124646E+04  0.279979E+02
 0.560260E-01  0.121284E+04  0.292378E+02
 0.565890E-01  0.118479E+04  0.247649E+02
 0.571520E-01  0.115433E+04  0.276440E+02
 0.577150E-01  0.113134E+04  0.265044E+02
 0.582780E-01  0.109483E+04  0.219314E+02
 0.588410E-01  0.107017E+04  0.203329E+02
 0.594040E-01  0.104452E+04  0.205419E+02
 0.599670E-01  0.101391E+04  0.185106E+02
 0.605300E-01  0.988517E+03  0.193246E+02
 0.610930E-01  0.958435E+03  0.176588E+02
 0.616560E-01  0.927956E+03  0.184686E+02
 0.622200E-01  0.900291E+03  0.174241E+02
 0.627830E-01  0.874291E+03  0.157137E+02
 0.633460E-01  0.845888E+03  0.147371E+02
 0.639090E-01  0.818473E+03  0.154944E+02
 0.644720E-01  0.793839E+03  0.126403E+02
 0.650350E-01  0.772699E+03  0.124127E+02
 0.655980E-01  0.744799E+03  0.138196E+02
 0.661610E-01  0.724244E+03  0.141024E+02
 0.667240E-01  0.699042E+03  0.118104E+02
 0.672870E-01  0.677553E+03  0.107104E+02
 0.678500E-01  0.656206E+03  0.129435E+02
 0.684130E-01  0.636591E+03  0.100537E+02
 0.689760E-01  0.617415E+03  0.842891E+01
 0.695390E-01  0.594580E+03  0.112556E+02
 0.701020E-01  0.571613E+03  0.994776E+01
 0.706660E-01  0.551384E+03  0.892161E+01
 0.712290E-01  0.529973E+03  0.101622E+02
 0.717920E-01  0.510225E+03  0.736839E+01
 0.723550E-01  0.494881E+03  0.949365E+01
 0.729180E-01  0.479132E+03  0.795855E+01
 0.734810E-01  0.460109E+03  0.822022E+01
 0.740440E-01  0.440697E+03  0.938319E+01
 0.746070E-01  0.424719E+03  0.759397E+01
 0.751700E-01  0.408465E+03  0.799118E+01
 0.757330E-01  0.394402E+03  0.780122E+01
 0.762960E-01  0.381642E+03  0.640507E+01
 0.768590E-01  0.363934E+03  0.662539E+01
 0.774220E-01  0.348746E+03  0.710525E+01
 0.779850E-01  0.332977E+03  0.571018E+01
 0.785480E-01  0.319747E+03  0.579289E+01
 0.791110E-01  0.306322E+03  0.603281E+01
 0.796750E-01  0.294553E+03  0.481409E+01
 0.802380E-01  0.278964E+03  0.498203E+01
 0.808010E-01  0.268885E+03  0.442923E+01
 0.813640E-01  0.258597E+03  0.441792E+01
 0.819270E-01  0.248557E+03  0.502132E+01
 0.824900E-01  0.235476E+03  0.459979E+01
 0.830530E-01  0.224902E+03  0.401151E+01
 0.836160E-01  0.211893E+03  0.454264E+01
 0.841790E-01  0.200936E+03  0.332487E+01
 0.847420E-01  0.191948E+03  0.344785E+01
 0.853050E-01  0.182215E+03  0.353579E+01
 0.858680E-01  0.173988E+03  0.318172E+01
 0.864310E-01  0.163989E+03  0.323356E+01
 0.869940E-01  0.156360E+03  0.304916E+01
 0.875570E-01  0.147680E+03  0.291866E+01
 0.881200E-01  0.140021E+03  0.269951E+01
 0.886830E-01  0.134154E+03  0.271385E+01
 0.892470E-01  0.127913E+03  0.256552E+01
 0.898100E-01  0.121901E+03  0.257842E+01
 0.903730E-01  0.115581E+03  0.231681E+01
 0.909360E-01  0.107766E+03  0.140228E+01
 0.914990E-01  0.101709E+03  0.122868E+01
 0.920620E-01  0.952529E+02  0.114226E+01
 0.926250E-01  0.906897E+02  0.104339E+01
 0.931880E-01  0.855732E+02  0.107663E+01
 0.937510E-01  0.803641E+02  0.100396E+01
 0.943140E-01  0.760394E+02  0.918015E+00
 0.948770E-01  0.717461E+02  0.937793E+00
 0.954400E-01  0.679661E+02  0.912689E+00
 0.960030E-01  0.639408E+02  0.959240E+00
 0.965660E-01  0.602988E+02  0.914581E+00
 0.971290E-01  0.554996E+02  0.841450E+00
 0.976920E-01  0.535818E+02  0.814468E+00
 0.982550E-01  0.496090E+02  0.756190E+00
 0.988180E-01  0.466233E+02  0.765303E+00
 0.993820E-01  0.430863E+02  0.786662E+00
 0.999450E-01  0.407430E+02  0.754264E+00
 0.100508E+00  0.381344E+02  0.737532E+00
 0.101071E+00  0.369638E+02  0.731582E+00
 0.101634E+00  0.344805E+02  0.703402E+00
 0.102197E+00  0.323408E+02  0.673054E+00
 0.102760E+00  0.298749E+02  0.728133E+00
 0.103323E+00  0.279595E+02  0.738687E+00
 0.103886E+00  0.267632E+02  0.596010E+00
 0.104449E+00  0.257304E+02  0.669512E+00
 0.105012E+00  0.247471E+02  0.678419E+00
 0.105575E+00  0.233474E+02  0.679142E+00
 0.106138E+00  0.220336E+02  0.713052E+00
 0.106701E+00  0.212130E+02  0.715031E+00
 0.107264E+00  0.198167E+02  0.731500E+00
 0.107827E+00  0.197249E+02  0.768163E+00
 0.108390E+00  0.190958E+02  0.633958E+00
 0.108953E+00  0.174918E+02  0.634685E+00
 0.109516E+00  0.170889E+02  0.636703E+00
 0.110080E+00  0.161660E+02  0.623605E+00
 0.110643E+00  0.158071E+02  0.637083E+00
 0.111206E+00  0.157048E+02  0.634916E+00
 0.111769E+00  0.161148E+02  0.608444E+00
 0.112332E+00  0.151892E+02  0.701454E+00
 0.112895E+00  0.147417E+02  0.701128E+00
 0.113458E+00  0.149462E+02  0.633061E+00
 0.114021E+00  0.145516E+02  0.709933E+00
 0.114584E+00  0.148969E+02  0.694777E+00
 0.115147E+00  0.144426E+02  0.692583E+00
 0.115710E+00  0.147050E+02  0.629369E+00
 0.116273E+00  0.141301E+02  0.629016E+00
 0.116836E+00  0.145801E+02  0.592337E+00
 0.117399E+00  0.156972E+02  0.661837E+00
 0.117962E+00  0.160283E+02  0.640791E+00
 0.118525E+00  0.156880E+02  0.633305E+00
 0.119088E+00  0.155770E+02  0.604331E+00
 0.119651E+00  0.161773E+02  0.611141E+00
 0.120214E+00  0.155776E+02  0.666862E+00
 0.120777E+00  0.162534E+02  0.632814E+00
 0.121340E+00  0.164266E+02  0.664762E+00
 0.121903E+00  0.170904E+02  0.642358E+00
 0.122467E+00  0.168979E+02  0.656503E+00
 0.123030E+00  0.179303E+02  0.657788E+00
 0.123593E+00  0.188839E+02  0.637658E+00
 0.124156E+00  0.189675E+02  0.666926E+00
 0.124719E+00  0.203598E+02  0.804206E+00
 0.125282E+00  0.195084E+02  0.830038E-01
 0.125845E+00  0.199577E+02  0.871915E-01
 0.126408E+00  0.203125E+02  0.904480E-01
 0.126971E+00  0.204676E+02  0.100678E+00
 0.127534E+00  0.208263E+02  0.898898E-01
 0.128097E+00  0.210829E+02  0.933515E-01
 0.128660E+00  0.212381E+02  0.869678E-01
 0.129223E+00  0.216886E+02  0.836200E-01
 0.129786E+00  0.219841E+02  0.901539E-01
 0.130349E+00  0.224500E+02  0.833502E-01
 0.130912E+00  0.226476E+02  0.834810E-01
 0.131475E+00  0.230089E+02  0.776559E-01
 0.132038E+00  0.231621E+02  0.833856E-01
 0.132601E+00  0.233814E+02  0.791805E-01
 0.133164E+00  0.234019E+02  0.797785E-01
 0.133727E+00  0.236924E+02  0.783530E-01
 0.134290E+00  0.237971E+02  0.832619E-01
 0.134853E+00  0.239829E+02  0.811000E-01
 0.135416E+00  0.242782E+02  0.872294E-01
 0.135979E+00  0.243850E+02  0.830855E-01
 0.136542E+00  0.244390E+02  0.857068E-01
 0.137106E+00  0.246060E+02  0.832536E-01
 0.137669E+00  0.246381E+02  0.861741E-01
 0.138232E+00  0.247069E+02  0.895525E-01
 0.138795E+00  0.247783E+02  0.861465E-01
 0.139358E+00  0.247672E+02  0.910614E-01
 0.139921E+00  0.247939E+02  0.799620E-01
 0.140484E+00  0.247114E+02  0.797945E-01
 0.141047E+00  0.246046E+02  0.747947E-01
 0.141610E+00  0.245526E+02  0.747304E-01
 0.142173E+00  0.245917E+02  0.806283E-01
 0.142736E+00  0.245470E+02  0.806844E-01
 0.143299E+00  0.243792E+02  0.731064E-01
 0.143862E+00  0.243042E+02  0.770320E-01
 0.144425E+00  0.242199E+02  0.704779E-01
 0.144988E+00  0.240578E+02  0.829840E-01
 0.145551E+00  0.239037E+02  0.826550E-01
 0.146114E+00  0.237953E+02  0.869390E-01
 0.146677E+00  0.236553E+02  0.847749E-01
 0.147240E+00  0.235003E+02  0.812325E-01
 0.147803E+00  0.233281E+02  0.806698E-01
 0.148366E+00  0.230924E+02  0.762752E-01
 0.148929E+00  0.228017E+02  0.752065E-01
 0.149492E+00  0.225927E+02  0.721019E-01
 0.150055E+00  0.223105E+02  0.688643E-01
 0.150618E+00  0.220847E+02  0.673810E-01
 0.151181E+00  0.218715E+02  0.749362E-01
 0.151744E+00  0.215378E+02  0.681341E-01
 0.152307E+00  0.212921E+02  0.764960E-01
 0.152870E+00  0.209734E+02  0.744263E-01
 0.153433E+00  0.206872E+02  0.771234E-01
 0.153996E+00  0.203696E+02  0.797461E-01
 0.154559E+00  0.200569E+02  0.803338E-01
 0.155122E+00  0.196906E+02  0.829188E-01
 0.155685E+00  0.194115E+02  0.811474E-01
 0.156248E+00  0.190175E+02  0.819784E-01
 0.156811E+00  0.187483E+02  0.761578E-01
 0.157375E+00  0.183690E+02  0.727617E-01
 0.157938E+00  0.180778E+02  0.741903E-01
 0.158501E+00  0.177778E+02  0.769968E-01
 0.159064E+00  0.173843E+02  0.771164E-01
 0.159627E+00  0.170163E+02  0.782864E-01
 0.160190E+00  0.167246E+02  0.727624E-01
 0.160753E+00  0.162868E+02  0.737041E-01
 0.161316E+00  0.159169E+02  0.833817E-01
 0.161879E+00  0.155963E+02  0.829266E-01
 0.162442E+00  0.152008E+02  0.780061E-01
 0.163005E+00  0.149075E+02  0.805623E-01
 0.163568E+00  0.147174E+02  0.898288E-01
 0.164131E+00  0.143486E+02  0.811433E-01
 0.164694E+00  0.139204E+02  0.742557E-01
 0.165257E+00  0.134191E+02  0.715294E-01
 0.165820E+00  0.130624E+02  0.787577E-01
 0.166383E+00  0.128829E+02  0.983828E-01
 0.166946E+00  0.125069E+02  0.116968E+00
 0.167509E+00  0.121919E+02  0.879693E-01
 0.168072E+00  0.118833E+02  0.893090E-01
 0.168635E+00  0.115732E+02  0.127080E+00
 0.169198E+00  0.112302E+02  0.874498E-01
 0.169761E+00  0.108319E+02  0.745716E-01
 0.170324E+00  0.104715E+02  0.669643E-01
 0.170887E+00  0.102040E+02  0.683228E-01
 0.171450E+00  0.985291E+01  0.697787E-01
 0.172013E+00  0.955930E+01  0.699315E-01
 0.172576E+00  0.928779E+01  0.731031E-01
 0.173139E+00  0.900843E+01  0.701881E-01
 0.173702E+00  0.871045E+01  0.693566E-01
 0.174265E+00  0.847253E+01  0.687511E-01
 0.174828E+00  0.812945E+01  0.687131E-01
 0.175391E+00  0.792140E+01  0.671421E-01
 0.175954E+00  0.754937E+01  0.647838E-01
 0.176517E+00  0.731111E+01  0.622177E-01
 0.177080E+00  0.710305E+01  0.580470E-01
 0.177643E+00  0.682742E+01  0.647210E-01
 0.178206E+00  0.659768E+01  0.648330E-01
 0.178769E+00  0.630392E+01  0.597746E-01
 0.179332E+00  0.619489E+01  0.597509E-01
 0.179895E+00  0.593628E+01  0.580991E-01
 0.180458E+00  0.572827E+01  0.610607E-01
 0.181021E+00  0.556008E+01  0.608806E-01
 0.181584E+00  0.527254E+01  0.570345E-01
 0.182147E+00  0.507476E+01  0.586305E-01
 0.182710E+00  0.485325E+01  0.581100E-01
 0.183273E+00  0.468696E+01  0.614629E-01
 0.183836E+00  0.452037E+01  0.642085E-01
 0.184399E+00  0.435378E+01  0.616181E-01
 0.184962E+00  0.423107E+01  0.923136E-01
 0.185525E+00  0.409219E+01  0.124717E+00
 0.186088E+00  0.394381E+01  0.818932E-01
 0.186651E+00  0.379569E+01  0.878214E-01
 0.187214E+00  0.371397E+01  0.750561E-01
 0.187777E+00  0.360461E+01  0.649772E-01
 0.188340E+00  0.354252E+01  0.644379E-01
 0.188903E+00  0.348854E+01  0.646994E-01
 0.189466E+00  0.336500E+01  0.701032E-01
 0.190029E+00  0.324894E+01  0.107962E+00
 0.190592E+00  0.320246E+01  0.963452E-01
 0.191155E+00  0.308434E+01  0.159065E+00
 0.191718E+00  0.296567E+01  0.992033E-01
 0.192281E+00  0.288880E+01  0.747104E-01
 0.192844E+00  0.289764E+01  0.801745E-01
 0.193407E+00  0.277060E+01  0.696781E-01
 0.193970E+00  0.273028E+01  0.816620E-01
 0.194533E+00  0.271998E+01  0.669434E-01
 0.195096E+00  0.268226E+01  0.621421E-01
 0.195659E+00  0.260846E+01  0.584390E-01
 0.196222E+00  0.255113E+01  0.629264E-01
 0.196785E+00  0.248416E+01  0.605528E-01
 0.197348E+00  0.257881E+01  0.588555E-01
 0.197911E+00  0.254522E+01  0.581594E-01
 0.198474E+00  0.247564E+01  0.650524E-01
 0.199037E+00  0.255952E+01  0.828269E-01
 0.199600E+00  0.251761E+01  0.691158E-01
 0.200163E+00  0.245472E+01  0.952107E-01
 0.200726E+00  0.247727E+01  0.809179E-01
 0.201289E+00  0.258507E+01  0.653566E-01
 0.201852E+00  0.252873E+01  0.637086E-01
 0.202415E+00  0.253462E+01  0.637924E-01
 0.202978E+00  0.252271E+01  0.604167E-01
 0.203541E+00  0.256845E+01  0.586546E-01
 0.204104E+00  0.263816E+01  0.581206E-01
 0.204667E+00  0.259521E+01  0.618279E-01
 0.205230E+00  0.268463E+01  0.582584E-01
 0.205793E+00  0.269029E+01  0.658843E-01
 0.206356E+00  0.272984E+01  0.576168E-01
 0.206919E+00  0.278580E+01  0.604216E-01
 0.207482E+00  0.293741E+01  0.613196E-01
 0.208045E+00  0.301044E+01  0.581472E-01
 0.208608E+00  0.299164E+01  0.591102E-01
 0.209171E+00  0.293943E+01  0.560437E-01
 0.209734E+00  0.293545E+01  0.583350E-01
 0.210297E+00  0.304569E+01  0.555736E-01
 0.210859E+00  0.312136E+01  0.596531E-01
 0.211422E+00  0.319290E+01  0.578770E-01
 0.211985E+00  0.333977E+01  0.588379E-01
 0.212548E+00  0.332436E+01  0.638615E-01
 0.213111E+00  0.334123E+01  0.704929E-01
 0.213674E+00  0.341348E+01  0.603803E-01
 0.214237E+00  0.344169E+01  0.563219E-01
 0.214800E+00  0.359260E+01  0.561072E-01
 0.215363E+00  0.349463E+01  0.619539E-01
 0.215926E+00  0.366839E+01  0.605037E-01
 0.216489E+00  0.366016E+01  0.635135E-01
 0.217052E+00  0.360265E+01  0.727742E-01
 0.217615E+00  0.370580E+01  0.608291E-01
 0.218178E+00  0.368206E+01  0.635896E-01
 0.218741E+00  0.379128E+01  0.657444E-01
 0.219304E+00  0.384278E+01  0.646486E-01
 0.219867E+00  0.396766E+01  0.610660E-01
 0.220430E+00  0.395193E+01  0.667274E-01
 0.220993E+00  0.403453E+01  0.603364E-01
 0.221556E+00  0.408612E+01  0.622809E-01
 0.222119E+00  0.410936E+01  0.698384E-01
 0.222682E+00  0.416022E+01  0.650409E-01
 0.223245E+00  0.424045E+01  0.611914E-01
 0.223808E+00  0.426198E+01  0.610808E-01
 0.224371E+00  0.431892E+01  0.554994E-01
 0.224934E+00  0.429755E+01  0.578404E-01
 0.225497E+00  0.436496E+01  0.602089E-01
 0.226060E+00  0.435621E+01  0.589356E-01
 0.226623E+00  0.436794E+01  0.605684E-01
 0.227186E+00  0.435736E+01  0.597735E-01
 0.227749E+00  0.440170E+01  0.616676E-01
 0.228312E+00  0.438746E+01  0.603055E-01
 0.228874E+00  0.431855E+01  0.598999E-01
 0.229437E+00  0.438288E+01  0.626446E-01
 0.230000E+00  0.446445E+01  0.646106E-01
 0.230563E+00  0.446950E+01  0.603739E-01
 0.231126E+00  0.447841E+01  0.587810E-01
 0.231689E+00  0.452477E+01  0.534892E-01
 0.232252E+00  0.451485E+01  0.596893E-01
 0.232815E+00  0.443093E+01  0.575648E-01
 0.233378E+00  0.456309E+01  0.566712E-01
 0.233941E+00  0.456372E+01  0.602528E-01
 0.234504E+00  0.464912E+01  0.601787E-01
 0.235067E+00  0.461169E+01  0.643834E-01
 0.235630E+00  0.460158E+01  0.636973E-01
 0.236193E+00  0.460335E+01  0.702485E-01
 0.236756E+00  0.454248E+01  0.614519E-01
 0.237319E+00  0.449614E+01  0.630364E-01
 0.237882E+00  0.451034E+01  0.621041E-01
 0.238445E+00  0.448820E+01  0.616056E-01
 0.239008E+00  0.447827E+01  0.601619E-01
 0.239571E+00  0.448091E+01  0.863147E-01
 0.240134E+00  0.445761E+01  0.156899E+00
 0.240696E+00  0.437768E+01  0.847306E-01
 0.241259E+00  0.439876E+01  0.764101E-01
 0.241822E+00  0.428180E+01  0.710906E+00
 0.242385E+00  0.427953E+01  0.173596E+01
 0.242948E+00  0.423670E+01  0.104836E+01
 0.243511E+00  0.431344E+01  0.188853E+01
 0.244074E+00  0.427982E+01  0.772870E+00
 0.244637E+00  0.427629E+01  0.616316E-01
 0.245200E+00  0.419161E+01  0.563302E-01
 0.245763E+00  0.415362E+01  0.616645E-01
 0.246326E+00  0.408807E+01  0.561852E-01
 0.246889E+00  0.407915E+01  0.625875E-01
 0.247452E+00  0.401313E+01  0.545424E-01
 0.248015E+00  0.401379E+01  0.579627E-01
 0.248578E+00  0.389824E+01  0.557674E-01
 0.249141E+00  0.394805E+01  0.554762E-01
 0.249704E+00  0.387289E+01  0.551638E-01
 0.250266E+00  0.385567E+01  0.573015E-01
 0.250829E+00  0.377632E+01  0.499847E-01
 0.251392E+00  0.373889E+01  0.545946E-01
 0.251955E+00  0.365034E+01  0.567010E-01
 0.252518E+00  0.368786E+01  0.511044E-01
 0.253081E+00  0.368582E+01  0.521989E-01
 0.253644E+00  0.365630E+01  0.516985E-01
 0.254207E+00  0.356830E+01  0.524424E-01
 0.254770E+00  0.357113E+01  0.547347E-01
 0.255333E+00  0.354461E+01  0.567264E-01
 0.255896E+00  0.352014E+01  0.524229E-01
 0.256459E+00  0.338885E+01  0.566373E-01
 0.257022E+00  0.341384E+01  0.548930E-01
 0.257585E+00  0.329622E+01  0.568577E-01
 0.258148E+00  0.328112E+01  0.555838E-01
 0.258710E+00  0.319718E+01  0.595564E-01
 0.259273E+00  0.315817E+01  0.566458E-01
 0.259836E+00  0.316992E+01  0.574218E-01
 0.260399E+00  0.311296E+01  0.561987E-01
 0.260962E+00  0.307645E+01  0.545988E-01
 0.261525E+00  0.306288E+01  0.583387E-01
 0.262088E+00  0.296875E+01  0.504890E-01
 0.262651E+00  0.290495E+01  0.515826E-01
 0.263214E+00  0.281699E+01  0.551633E-01
 0.263777E+00  0.285127E+01  0.522866E-01
 0.264340E+00  0.278591E+01  0.512657E-01
 0.264903E+00  0.276637E+01  0.546669E-01
 0.265466E+00  0.271375E+01  0.530098E-01
 0.266028E+00  0.268441E+01  0.532793E-01
 0.266591E+00  0.269266E+01  0.532727E-01
 0.267154E+00  0.263211E+01  0.521024E-01
 0.267717E+00  0.254459E+01  0.521391E-01
 0.268280E+00  0.260236E+01  0.545283E-01
 0.268843E+00  0.252208E+01  0.545924E-01
 0.269406E+00  0.248998E+01  0.505135E-01
 0.269969E+00  0.249231E+01  0.511075E-01
 0.270532E+00  0.245134E+01  0.478431E-01
 0.271095E+00  0.242698E+01  0.484038E-01
 0.271658E+00  0.234423E+01  0.521130E-01
 0.272221E+00  0.238086E+01  0.500357E-01
 0.272783E+00  0.234794E+01  0.473186E-01
 0.273346E+00  0.236643E+01  0.493363E-01
 0.273909E+00  0.233020E+01  0.450573E-01
 0.274472E+00  0.232288E+01  0.469430E-01
 0.275035E+00  0.229612E+01  0.497009E-01
 0.275598E+00  0.224234E+01  0.490757E-01
 0.276161E+00  0.223337E+01  0.502687E-01
 0.276724E+00  0.226166E+01  0.518389E-01
 0.277287E+00  0.222347E+01  0.605005E-01
 0.277850E+00  0.219015E+01  0.808971E-01
 0.278413E+00  0.215542E+01  0.633297E-01
 0.278975E+00  0.215480E+01  0.718067E-01
 0.279538E+00  0.214288E+01  0.749004E-01
 0.280101E+00  0.212323E+01  0.113729E+00
 0.280664E+00  0.214216E+01  0.807294E-01
 0.281227E+00  0.221472E+01  0.599003E-01
 0.281790E+00  0.214945E+01  0.537022E-01
 0.282353E+00  0.215136E+01  0.547380E-01
 0.282916E+00  0.218446E+01  0.543876E-01
 0.283479E+00  0.216276E+01  0.518056E-01
 0.284042E+00  0.216742E+01  0.530456E-01
 0.284604E+00  0.222088E+01  0.516531E-01
 0.285167E+00  0.224762E+01  0.470614E-01
 0.285730E+00  0.232077E+01  0.505252E-01
 0.286293E+00  0.227463E+01  0.530532E-01
 0.286856E+00  0.226506E+01  0.551845E-01
 0.287419E+00  0.227079E+01  0.526360E-01
 0.287982E+00  0.222262E+01  0.518210E-01
 0.288545E+00  0.225727E+01  0.520490E-01
 0.289108E+00  0.226273E+01  0.497437E-01
 0.289670E+00  0.230367E+01  0.499355E-01
 0.290233E+00  0.226937E+01  0.518345E-01
 0.290796E+00  0.232355E+01  0.521641E-01
 0.291359E+00  0.232538E+01  0.612960E-01
 0.291922E+00  0.233985E+01  0.552940E-01
 0.292485E+00  0.243543E+01  0.519776E-01
 0.293048E+00  0.240632E+01  0.565142E-01
 0.293611E+00  0.246251E+01  0.545896E-01
 0.294174E+00  0.242222E+01  0.519381E-01
 0.294736E+00  0.249811E+01  0.550274E-01
 0.295299E+00  0.253819E+01  0.536183E-01
 0.295862E+00  0.259292E+01  0.566661E-01
 0.296425E+00  0.263266E+01  0.560363E-01
 0.296988E+00  0.262741E+01  0.699907E-01
 0.297551E+00  0.260814E+01  0.578293E-01
 0.298114E+00  0.264678E+01  0.550275E-01
 0.298677E+00  0.273172E+01  0.574052E-01
 0.299239E+00  0.279439E+01  0.545229E-01
 0.299802E+00  0.274711E+01  0.566828E-01
 0.300365E+00  0.278623E+01  0.570072E-01
 0.300928E+00  0.276810E+01  0.686597E-01
 0.301491E+00  0.274014E+01  0.586174E-01
 0.302054E+00  0.281647E+01  0.513154E-01
 0.302617E+00  0.276945E+01  0.551990E-01
 0.303180E+00  0.278894E+01  0.534275E-01
 0.303742E+00  0.282731E+01  0.549554E-01
 0.304305E+00  0.284868E+01  0.532745E-01
 0.304868E+00  0.289770E+01  0.535594E-01
 0.305431E+00  0.293994E+01  0.526475E-01
 0.305994E+00  0.294330E+01  0.552609E-01
 0.306557E+00  0.296155E+01  0.539752E-01
 0.307120E+00  0.304746E+01  0.581551E-01
 0.307683E+00  0.304726E+01  0.557654E-01
 0.308245E+00  0.303274E+01  0.560480E-01
 0.308808E+00  0.302133E+01  0.542395E-01
 0.309371E+00  0.308656E+01  0.576683E-01
 0.309934E+00  0.312188E+01  0.562487E-01
 0.310497E+00  0.315813E+01  0.528732E-01
 0.311060E+00  0.319089E+01  0.552360E-01
 0.311623E+00  0.310119E+01  0.530859E-01
 0.312185E+00  0.318050E+01  0.528765E-01
 0.312748E+00  0.324524E+01  0.548239E-01
 0.313311E+00  0.322382E+01  0.560536E-01
 0.313874E+00  0.329103E+01  0.537840E-01
 0.314437E+00  0.327309E+01  0.557590E-01
 0.315000E+00  0.332215E+01  0.543390E-01
 0.315563E+00  0.333146E+01  0.548488E-01
 0.316125E+00  0.335961E+01  0.537762E-01
 0.316688E+00  0.333795E+01  0.523558E-01
 0.317251E+00  0.337526E+01  0.536467E-01
 0.317814E+00  0.330076E+01  0.575372E-01
 0.318377E+00  0.334703E+01  0.551427E-01
 0.318940E+00  0.341452E+01  0.548595E-01
 0.319503E+00  0.344892E+01  0.556010E-01
 0.320065E+00  0.337857E+01  0.540867E-01
 0.320628E+00  0.340213E+01  0.539410E-01
 0.321191E+00  0.340289E+01  0.552601E-01
 0.321754E+00  0.333570E+01  0.612045E-01
 0.322317E+00  0.344046E+01  0.946464E-01
 0.322880E+00  0.346715E+01  0.779204E-01
 0.323442E+00  0.347830E+01  0.113243E+00
 0.324005E+00  0.356150E+01  0.683524E-01
 0.324568E+00  0.354040E+01  0.559647E-01
 0.325131E+00  0.355598E+01  0.545101E-01
 0.325694E+00  0.357531E+01  0.545310E-01
 0.326257E+00  0.362797E+01  0.544761E-01
 0.326819E+00  0.364939E+01  0.536350E-01
 0.327382E+00  0.364041E+01  0.580461E-01
 0.327945E+00  0.355580E+01  0.539860E-01
 0.328508E+00  0.359988E+01  0.519297E-01
 0.329071E+00  0.356613E+01  0.530319E-01
 0.329634E+00  0.356741E+01  0.544791E-01
 0.330196E+00  0.357772E+01  0.558387E-01
 0.330759E+00  0.355538E+01  0.538971E-01
 0.331322E+00  0.361268E+01  0.530361E-01
 0.331885E+00  0.356990E+01  0.514775E-01
 0.332448E+00  0.359332E+01  0.514295E-01
 0.333011E+00  0.354198E+01  0.526826E-01
 0.333573E+00  0.353190E+01  0.525478E-01
 0.334136E+00  0.357770E+01  0.535122E-01
 0.334699E+00  0.356595E+01  0.549575E-01
 0.335262E+00  0.358974E+01  0.566629E-01
 0.335825E+00  0.354986E+01  0.720742E-01
 0.336388E+00  0.353832E+01  0.704778E-01
 0.336950E+00  0.349516E+01  0.118202E+00
 0.337513E+00  0.350640E+01  0.790665E-01
 0.338076E+00  0.353289E+01  0.109613E+00
 0.338639E+00  0.346245E+01  0.689829E-01
 0.339202E+00  0.352255E+01  0.552120E-01
 0.339765E+00  0.348287E+01  0.503998E-01
 0.340327E+00  0.353653E+01  0.514242E-01
 0.340890E+00  0.356220E+01  0.512723E-01
 0.341453E+00  0.360319E+01  0.532365E-01
 0.342016E+00  0.351058E+01  0.545365E-01
 0.342579E+00  0.354181E+01  0.525714E-01
 0.343141E+00  0.351893E+01  0.518337E-01
 0.343704E+00  0.354716E+01  0.523256E-01
 0.344267E+00  0.353279E+01  0.532216E-01
 0.344830E+00  0.357796E+01  0.555903E-01
 0.345393E+00  0.353929E+01  0.541699E-01
 0.345956E+00  0.358108E+01  0.562765E-01
 0.346518E+00  0.349109E+01  0.526252E-01
 0.347081E+00  0.343982E+01  0.540629E-01
 0.347644E+00  0.345559E+01  0.544775E-01
 0.348207E+00  0.347440E+01  0.546072E-01
 0.348770E+00  0.348671E+01  0.542761E-01
 0.349332E+00  0.353807E+01  0.554198E-01
 0.349895E+00  0.345671E+01  0.550328E-01
 0.350458E+00  0.345213E+01  0.546380E-01
 0.351021E+00  0.337431E+01  0.591708E-01
 0.351584E+00  0.333612E+01  0.575550E-01
 0.352146E+00  0.335939E+01  0.598900E-01
 0.352709E+00  0.343034E+01  0.557576E-01
 0.353272E+00  0.335636E+01  0.533641E-01
 0.353835E+00  0.333495E+01  0.482965E+00
 0.354398E+00  0.334937E+01  0.131527E+01
 0.354960E+00  0.340269E+01  0.158424E+01
 0.355523E+00  0.335019E+01  0.142901E+01
 0.356086E+00  0.337255E+01  0.162665E+01
 0.356649E+00  0.339265E+01  0.637929E+00
 0.357212E+00  0.337603E+01  0.543240E-01
 0.357774E+00  0.346813E+01  0.552928E-01
 0.358337E+00  0.338951E+01  0.555528E-01
 0.358900E+00  0.345167E+01  0.526910E-01
 0.359463E+00  0.335011E+01  0.551709E-01
 0.360025E+00  0.335063E+01  0.620848E-01
 0.360588E+00  0.334523E+01  0.593120E-01
 0.361151E+00  0.334941E+01  0.535530E-01
 0.361714E+00  0.338874E+01  0.526968E-01
 0.362277E+00  0.336696E+01  0.556491E-01
 0.362839E+00  0.334335E+01  0.534758E-01
 0.363402E+00  0.335886E+01  0.517652E-01
 0.363965E+00  0.330444E+01  0.599159E-01
 0.364528E+00  0.331735E+01  0.612046E-01
 0.365091E+00  0.326984E+01  0.650653E-01
 0.365653E+00  0.326710E+01  0.645386E-01
 0.366216E+00  0.335687E+01  0.559785E-01
 0.366779E+00  0.337196E+01  0.564581E-01
 0.367342E+00  0.334915E+01  0.686101E-01
 0.367904E+00  0.335300E+01  0.107140E+00
 0.368467E+00  0.333463E+01  0.983916E-01
 0.369030E+00  0.335012E+01  0.163832E+00
 0.369593E+00  0.342075E+01  0.871027E-01
 0.370156E+00  0.338018E+01  0.557593E-01
 0.370718E+00  0.343665E+01  0.541625E-01
 0.371281E+00  0.335532E+01  0.550389E-01
 0.371844E+00  0.329493E+01  0.618848E-01
 0.372407E+00  0.335589E+01  0.593715E-01
 0.372969E+00  0.335391E+01  0.558490E-01
 0.373532E+00  0.339508E+01  0.554914E-01
 0.374095E+00  0.338721E+01  0.611670E-01
 0.374658E+00  0.338448E+01  0.563726E-01
 0.375220E+00  0.343699E+01  0.620077E-01
 0.375783E+00  0.352432E+01  0.618771E-01
 0.376346E+00  0.347920E+01  0.579211E-01
 0.376909E+00  0.349597E+01  0.612536E-01
 0.377471E+00  0.347776E+01  0.647617E-01
 0.378034E+00  0.351076E+01  0.599454E-01
 0.378597E+00  0.345898E+01  0.626302E-01
 0.379160E+00  0.348458E+01  0.623622E-01
 0.379722E+00  0.339640E+01  0.599828E-01
 0.380285E+00  0.344925E+01  0.605890E-01
 0.380848E+00  0.338449E+01  0.630620E-01
 0.381411E+00  0.342889E+01  0.643220E-01
 0.381974E+00  0.344741E+01  0.673778E-01
 0.382536E+00  0.352246E+01  0.660535E-01
 0.383099E+00  0.355834E+01  0.648587E-01
 0.383662E+00  0.350751E+01  0.727266E-01
 0.384225E+00  0.359652E+01  0.724868E-01
 0.384787E+00  0.355268E+01  0.854424E-01
 0.385350E+00  0.356555E+01  0.866802E-01
 0.385913E+00  0.348797E+01  0.721857E-01
 0.386475E+00  0.356308E+01  0.631254E-01
 0.387038E+00  0.358508E+01  0.686778E-01
 0.387601E+00  0.362147E+01  0.653174E-01
 0.388164E+00  0.367170E+01  0.657205E-01
 0.388726E+00  0.366121E+01  0.668093E-01
 0.389289E+00  0.374119E+01  0.682520E-01
 0.389852E+00  0.370328E+01  0.668501E-01
 0.390415E+00  0.372688E+01  0.668347E-01
 0.390977E+00  0.371778E+01  0.666873E-01
 0.391540E+00  0.369562E+01  0.671674E-01
 0.392103E+00  0.380830E+01  0.690942E-01
 0.392666E+00  0.383548E+01  0.670835E-01
 0.393228E+00  0.386913E+01  0.654240E-01
 0.393791E+00  0.389058E+01  0.678025E-01
 0.394354E+00  0.384794E+01  0.645711E-01
 0.394917E+00  0.388997E+01  0.644548E-01
 0.395479E+00  0.386743E+01  0.658706E-01
 0.396042E+00  0.392692E+01  0.618475E-01
 0.396605E+00  0.396450E+01  0.664767E-01
 0.397167E+00  0.396103E+01  0.680910E-01
 0.397730E+00  0.397334E+01  0.660620E-01
 0.398293E+00  0.398136E+01  0.630467E-01
 0.398856E+00  0.393557E+01  0.666569E-01
 0.399418E+00  0.389799E+01  0.644556E-01
 0.399981E+00  0.385486E+01  0.675214E-01
 0.400544E+00  0.386974E+01  0.668944E-01
 0.401106E+00  0.389666E+01  0.640181E-01
 0.401669E+00  0.389955E+01  0.680113E-01
 0.402232E+00  0.399680E+01  0.678702E-01
 0.402795E+00  0.405072E+01  0.682824E-01
 0.403357E+00  0.397993E+01  0.654478E-01
 0.403920E+00  0.396002E+01  0.676945E-01
 0.404483E+00  0.393723E+01  0.639171E-01
 0.405045E+00  0.399024E+01  0.659150E-01
 0.405608E+00  0.401885E+01  0.653636E-01
 0.406171E+00  0.406590E+01  0.618209E-01
 0.406734E+00  0.410406E+01  0.632800E-01
 0.407296E+00  0.405725E+01  0.632707E-01
 0.407859E+00  0.405822E+01  0.647794E-01
 0.408422E+00  0.402581E+01  0.648720E-01
 0.408984E+00  0.404349E+01  0.668638E-01
 0.409547E+00  0.395533E+01  0.652787E-01
 0.410110E+00  0.406541E+01  0.618698E-01
 0.410673E+00  0.405633E+01  0.623698E-01
 0.411235E+00  0.406529E+01  0.671472E-01
 0.411798E+00  0.403869E+01  0.667329E-01
 0.412361E+00  0.412089E+01  0.646976E-01
 0.412923E+00  0.422630E+01  0.626961E-01
 0.413486E+00  0.421009E+01  0.679686E-01
 0.414049E+00  0.422333E+01  0.633511E-01
 0.414611E+00  0.423899E+01  0.623675E-01
 0.415174E+00  0.421221E+01  0.593421E-01
 0.415737E+00  0.420732E+01  0.593798E-01
 0.416300E+00  0.428723E+01  0.644433E-01
 0.416862E+00  0.429735E+01  0.688055E-01
 0.417425E+00  0.429272E+01  0.651625E-01
 0.417988E+00  0.435331E+01  0.594882E-01
 0.418550E+00  0.434900E+01  0.660291E-01
 0.419113E+00  0.431941E+01  0.784018E-01
 0.419676E+00  0.434435E+01  0.918848E-01
 0.420238E+00  0.427256E+01  0.719521E-01
 0.420801E+00  0.424344E+01  0.703201E-01
 0.421364E+00  0.419512E+01  0.600948E-01
 0.421926E+00  0.424355E+01  0.614511E-01
 0.422489E+00  0.416887E+01  0.831475E-01
 0.423052E+00  0.416222E+01  0.736011E-01
 0.423614E+00  0.415817E+01  0.992708E-01
 0.424177E+00  0.413117E+01  0.667183E-01
 0.424740E+00  0.412509E+01  0.623669E-01
 0.425302E+00  0.415676E+01  0.590978E-01
 0.425865E+00  0.415256E+01  0.584708E-01
 0.426428E+00  0.417731E+01  0.563096E-01
 0.426990E+00  0.417899E+01  0.535936E-01
 0.427553E+00  0.411120E+01  0.551445E-01
 0.428116E+00  0.412518E+01  0.567044E-01
 0.428678E+00  0.409634E+01  0.519274E-01
 0.429241E+00  0.403906E+01  0.572933E-01
 0.429804E+00  0.410374E+01  0.579191E-01
 0.430366E+00  0.408951E+01  0.566652E-01
 0.430929E+00  0.407555E+01  0.590401E-01
 0.431492E+00  0.409814E+01  0.598121E-01
 0.432054E+00  0.407820E+01  0.558574E-01
 0.432617E+00  0.415539E+01  0.622049E-01
 0.433180E+00  0.408327E+01  0.583547E-01
 0.433742E+00  0.411886E+01  0.578490E-01
 0.434305E+00  0.408265E+01  0.612289E-01
 0.434868E+00  0.415955E+01  0.631120E-01
 0.435430E+00  0.412788E+01  0.592272E-01
 0.435993E+00  0.403866E+01  0.598874E-01
 0.436556E+00  0.410976E+01  0.681182E-01
 0.437118E+00  0.396962E+01  0.561294E-01
 0.437681E+00  0.403167E+01  0.577124E-01
 0.438244E+00  0.401939E+01  0.571352E-01
 0.438806E+00  0.409504E+01  0.592900E-01
 0.439369E+00  0.407167E+01  0.591529E-01
 0.439932E+00  0.402988E+01  0.602811E-01
 0.440494E+00  0.401306E+01  0.532866E-01
 0.441057E+00  0.395179E+01  0.565273E-01
 0.441620E+00  0.400450E+01  0.548489E-01
 0.442182E+00  0.395363E+01  0.581448E-01
 0.442745E+00  0.396654E+01  0.569322E-01
 0.443307E+00  0.395958E+01  0.574213E-01
 0.443870E+00  0.386539E+01  0.575724E-01
 0.444433E+00  0.382223E+01  0.576936E-01
 0.444995E+00  0.378324E+01  0.533365E-01
 0.445558E+00  0.380847E+01  0.595366E-01
 0.446121E+00  0.377228E+01  0.634622E-01
 0.446683E+00  0.382166E+01  0.557894E-01
 0.447246E+00  0.385086E+01  0.621417E-01
 0.447809E+00  0.386423E+01  0.626378E-01
 0.448371E+00  0.382574E+01  0.622101E-01
 0.448934E+00  0.379003E+01  0.583686E-01
 0.449496E+00  0.385466E+01  0.578526E-01
 0.450059E+00  0.380885E+01  0.560323E-01
 0.450622E+00  0.375646E+01  0.551428E-01
 0.451184E+00  0.379988E+01  0.556050E-01
 0.451747E+00  0.374898E+01  0.552253E-01
 0.452310E+00  0.369615E+01  0.584476E-01
 0.452872E+00  0.364733E+01  0.592389E-01
 0.453435E+00  0.363517E+01  0.611999E-01
 0.453997E+00  0.368712E+01  0.590987E-01
 0.454560E+00  0.365597E+01  0.670457E-01
 0.455123E+00  0.369161E+01  0.602834E-01
 0.455685E+00  0.358145E+01  0.575793E-01
 0.456248E+00  0.356146E+01  0.559153E-01
 0.456810E+00  0.351112E+01  0.559100E-01
 0.457373E+00  0.353436E+01  0.538968E-01
 0.457936E+00  0.361016E+01  0.610537E-01
 0.458498E+00  0.357262E+01  0.667056E-01
 0.459061E+00  0.347127E+01  0.596664E-01
 0.459624E+00  0.343731E+01  0.594594E-01
 0.460186E+00  0.345376E+01  0.578780E-01
 0.460749E+00  0.342544E+01  0.599579E-01
 0.461311E+00  0.341132E+01  0.725862E-01
 0.461874E+00  0.341606E+01  0.780138E-01
 0.462437E+00  0.341242E+01  0.594265E-01
 0.462999E+00  0.343425E+01  0.578837E-01
 0.463562E+00  0.343690E+01  0.548805E-01
 0.464124E+00  0.332592E+01  0.558827E-01
 0.464687E+00  0.337902E+01  0.535060E-01
 0.465250E+00  0.337779E+01  0.593168E-01
 0.465812E+00  0.341526E+01  0.554153E-01
 0.466375E+00  0.332908E+01  0.567052E-01
 0.466937E+00  0.337944E+01  0.598199E-01
 0.467500E+00  0.346989E+01  0.579458E-01
 0.468062E+00  0.345925E+01  0.602541E-01
 0.468625E+00  0.340666E+01  0.585810E-01
 0.469188E+00  0.331563E+01  0.581847E-01
 0.469750E+00  0.336490E+01  0.565897E-01
 0.470313E+00  0.326335E+01  0.610084E-01
 0.470875E+00  0.324300E+01  0.644666E-01
 0.471438E+00  0.330756E+01  0.623246E-01
 0.472001E+00  0.338999E+01  0.645453E-01
 0.472563E+00  0.334790E+01  0.637878E-01
 0.473126E+00  0.336628E+01  0.576003E-01
 0.473688E+00  0.325708E+01  0.659582E-01
 0.474251E+00  0.324892E+01  0.597193E-01
 0.474813E+00  0.321842E+01  0.619921E-01
 0.475376E+00  0.319874E+01  0.621891E-01
 0.475939E+00  0.325775E+01  0.643473E-01
 0.476501E+00  0.324194E+01  0.594965E-01
 0.477064E+00  0.326899E+01  0.647495E-01
 0.477626E+00  0.328305E+01  0.598588E-01
 0.478189E+00  0.325714E+01  0.622834E-01
 0.478751E+00  0.332993E+01  0.620801E-01
 0.479314E+00  0.333413E+01  0.666059E-01
 0.479877E+00  0.329353E+01  0.634107E-01
 0.480439E+00  0.328338E+01  0.595401E-01
 0.481002E+00  0.318723E+01  0.591732E-01
 0.481564E+00  0.337188E+01  0.633976E-01
 0.482127E+00  0.326417E+01  0.632532E-01
 0.482689E+00  0.325006E+01  0.609539E-01
 0.483252E+00  0.320551E+01  0.657214E-01
 0.483815E+00  0.330266E+01  0.619777E-01
 0.484377E+00  0.325237E+01  0.753791E-01
 0.484940E+00  0.326047E+01  0.154851E+00
 0.485502E+00  0.325416E+01  0.253518E+00
 0.486065E+00  0.325596E+01  0.115015E+00
 0.486627E+00  0.328541E+01  0.605855E-01
 0.487190E+00  0.326131E+01  0.616927E-01
 0.487752E+00  0.326988E+01  0.617721E-01
 0.488315E+00  0.321425E+01  0.620697E-01
 0.488877E+00  0.327296E+01  0.564645E-01
 0.489440E+00  0.325250E+01  0.587627E-01
 0.490003E+00  0.332217E+01  0.576775E-01
 0.490565E+00  0.330579E+01  0.598601E-01
 0.491128E+00  0.333260E+01  0.594149E-01
 0.491690E+00  0.331529E+01  0.611069E-01
 0.492253E+00  0.328094E+01  0.598942E-01
 0.492815E+00  0.334457E+01  0.626983E-01
 0.493378E+00  0.340873E+01  0.626832E-01
 0.493940E+00  0.336378E+01  0.669144E-01
 0.494503E+00  0.329239E+01  0.659855E-01
 0.495065E+00  0.332309E+01  0.654497E-01
 0.495628E+00  0.340554E+01  0.711087E-01
 0.496190E+00  0.344303E+01  0.683850E-01
 0.496753E+00  0.338139E+01  0.683746E-01
 0.497315E+00  0.334465E+01  0.626246E-01
 0.497878E+00  0.323741E+01  0.651127E-01
 0.498441E+00  0.323211E+01  0.618801E-01
 0.499003E+00  0.324413E+01  0.710493E-01
 0.499566E+00  0.332560E+01  0.650164E-01
 0.500128E+00  0.335387E+01  0.670970E-01
 0.500691E+00  0.337697E+01  0.650440E-01
 0.501253E+00  0.336313E+01  0.651759E-01
 0.501816E+00  0.346506E+01  0.615586E-01
 0.502378E+00  0.338752E+01  0.609874E-01
 0.502941E+00  0.342676E+01  0.685650E-01
 0.503503E+00  0.338640E+01  0.687694E-01
 0.504066E+00  0.340166E+01  0.655994E-01
 0.504628E+00  0.337305E+01  0.620178E-01
 0.505191E+00  0.338065E+01  0.660947E-01
 0.505753E+00  0.346685E+01  0.713409E-01
 0.506316E+00  0.347065E+01  0.670267E-01
 0.506878E+00  0.346529E+01  0.701890E-01
 0.507441E+00  0.345149E+01  0.705544E-01
 0.508003E+00  0.346311E+01  0.688713E-01
 0.508566E+00  0.338751E+01  0.888101E-01
 0.509128E+00  0.346716E+01  0.947512E-01
 0.509691E+00  0.340759E+01  0.814133E-01
 0.510253E+00  0.336400E+01  0.101978E+00
 0.510816E+00  0.340607E+01  0.130515E+00
 0.511378E+00  0.347379E+01  0.107983E+00
 0.511941E+00  0.343569E+01  0.195859E+00
 0.512503E+00  0.350499E+01  0.101913E+00
 0.513066E+00  0.351518E+01  0.701292E-01
 0.513628E+00  0.359754E+01  0.702715E-01
 0.514191E+00  0.369242E+01  0.709701E-01
 0.514753E+00  0.371292E+01  0.692617E-01
 0.515316E+00  0.370232E+01  0.714303E-01
 0.515878E+00  0.361756E+01  0.657228E-01
 0.516441E+00  0.359582E+01  0.682713E-01
 0.517003E+00  0.358098E+01  0.714022E-01
 0.517566E+00  0.366062E+01  0.616412E-01
 0.518128E+00  0.364645E+01  0.680599E-01
 0.518691E+00  0.357074E+01  0.659185E-01
 0.519253E+00  0.364119E+01  0.652410E-01
 0.519816E+00  0.358371E+01  0.673225E-01
 0.520378E+00  0.362069E+01  0.699997E-01
 0.520940E+00  0.363730E+01  0.702429E-01
 0.521503E+00  0.370793E+01  0.767189E-01
 0.522065E+00  0.361947E+01  0.761274E-01
 0.522628E+00  0.372062E+01  0.780304E-01
 0.523190E+00  0.367977E+01  0.775365E-01
 0.523753E+00  0.365451E+01  0.768912E-01
 0.524315E+00  0.370833E+01  0.822820E-01
 0.524878E+00  0.363199E+01  0.124949E+00
 0.525440E+00  0.365661E+01  0.873900E-01
 0.526003E+00  0.361526E+01  0.844654E-01
 0.526565E+00  0.366832E+01  0.831270E-01
 0.527128E+00  0.377865E+01  0.765939E-01
 0.527690E+00  0.372433E+01  0.783895E-01
 0.528253E+00  0.378474E+01  0.802398E-01
 0.528815E+00  0.382123E+01  0.830982E-01
 0.529377E+00  0.385257E+01  0.799424E-01
 0.529940E+00  0.395416E+01  0.827723E-01
 0.530502E+00  0.394777E+01  0.801382E-01
 0.531065E+00  0.391366E+01  0.843726E-01
 0.531627E+00  0.392278E+01  0.892283E-01
 0.532190E+00  0.400043E+01  0.793304E-01
 0.532752E+00  0.401438E+01  0.773668E-01
 0.533315E+00  0.396493E+01  0.829254E-01
 0.533877E+00  0.385801E+01  0.814163E-01
 0.534439E+00  0.398525E+01  0.787932E-01
 0.535002E+00  0.395097E+01  0.863214E-01
 0.535564E+00  0.393169E+01  0.902912E-01
 0.536127E+00  0.397889E+01  0.221398E+00
 0.536689E+00  0.400163E+01  0.511569E+00
 0.537252E+00  0.390836E+01  0.256414E+00
 0.537814E+00  0.400388E+01  0.995024E-01
 0.538377E+00  0.395345E+01  0.907253E-01
 0.538939E+00  0.394411E+01  0.840201E-01
 0.539501E+00  0.394662E+01  0.901756E-01
 0.540064E+00  0.398297E+01  0.862335E-01
 0.540626E+00  0.406162E+01  0.888431E-01
 0.541189E+00  0.410447E+01  0.832199E-01
 0.541751E+00  0.390821E+01  0.896479E-01
 0.542313E+00  0.394461E+01  0.946243E-01
 0.542876E+00  0.398440E+01  0.943272E-01
 0.543438E+00  0.386890E+01  0.987209E-01
 0.544001E+00  0.408941E+01  0.901738E-01
 0.544563E+00  0.401416E+01  0.100849E+00
 0.545126E+00  0.415598E+01  0.971427E-01
 0.545688E+00  0.403136E+01  0.992457E-01
 0.546250E+00  0.421834E+01  0.101120E+00
 0.546813E+00  0.393302E+01  0.116170E+00
 0.547375E+00  0.403553E+01  0.104772E+00
 0.547938E+00  0.398558E+01  0.109081E+00
 0.548500E+00  0.390572E+01  0.103901E+00
 0.549062E+00  0.395219E+01  0.107676E+00
 0.549625E+00  0.406169E+01  0.103271E+00
 0.550187E+00  0.409630E+01  0.116433E+00
 0.550750E+00  0.417418E+01  0.106509E+00
 0.551312E+00  0.407038E+01  0.116133E+00
 0.551874E+00  0.406562E+01  0.121721E+00
 0.552437E+00  0.412111E+01  0.121549E+00
 0.552999E+00  0.391972E+01  0.134405E+00
 0.553562E+00  0.414314E+01  0.115884E+00
 0.554124E+00  0.412785E+01  0.131989E+00
 0.554686E+00  0.409305E+01  0.115575E+00
 0.555249E+00  0.396378E+01  0.153091E+00
 0.555811E+00  0.399046E+01  0.130487E+00
 0.556374E+00  0.402888E+01  0.152257E+00
 0.556936E+00  0.419648E+01  0.144722E+00
 0.557498E+00  0.436006E+01  0.155867E+00
