 0.878000E-02  0.811412E+03  0.140905E+02
 0.909900E-02  0.835446E+03  0.136289E+02
 0.941800E-02  0.812630E+03  0.730971E+01
 0.973800E-02  0.801829E+03  0.151160E+02
 0.100570E-01  0.796437E+03  0.123674E+02
 0.103760E-01  0.787869E+03  0.914241E+01
 0.106950E-01  0.780655E+03  0.862489E+01
 0.110150E-01  0.762378E+03  0.148825E+02
 0.113340E-01  0.745116E+03  0.726413E+01
 0.116530E-01  0.741872E+03  0.128831E+02
 0.119730E-01  0.718256E+03  0.974811E+01
 0.122920E-01  0.702278E+03  0.718603E+01
 0.126110E-01  0.698890E+03  0.758694E+01
 0.129300E-01  0.687440E+03  0.997840E+01
 0.132500E-01  0.666657E+03  0.723377E+01
 0.135690E-01  0.648205E+03  0.776367E+01
 0.138880E-01  0.649653E+03  0.828000E+01
 0.142070E-01  0.626937E+03  0.699774E+01
 0.145270E-01  0.623951E+03  0.789624E+01
 0.148460E-01  0.608433E+03  0.628183E+01
 0.151650E-01  0.596277E+03  0.678415E+01
 0.154840E-01  0.581866E+03  0.624782E+01
 0.158040E-01  0.565595E+03  0.650215E+01
 0.161230E-01  0.561081E+03  0.518200E+01
 0.164420E-01  0.543282E+03  0.612793E+01
 0.167620E-01  0.539833E+03  0.485147E+01
 0.170810E-01  0.519337E+03  0.449793E+01
 0.174000E-01  0.517492E+03  0.522659E+01
 0.177190E-01  0.500682E+03  0.453672E+01
 0.180390E-01  0.487867E+03  0.519246E+01
 0.183580E-01  0.456107E+03  0.119565E+02
 0.186770E-01  0.457004E+03  0.981879E+01
 0.189960E-01  0.452701E+03  0.411149E+01
 0.193160E-01  0.442032E+03  0.437136E+01
 0.196350E-01  0.435349E+03  0.431726E+01
 0.199540E-01  0.428385E+03  0.404634E+01
 0.202730E-01  0.419344E+03  0.339951E+01
 0.205930E-01  0.408422E+03  0.472276E+01
 0.209120E-01  0.402105E+03  0.340014E+01
 0.212310E-01  0.386550E+03  0.969973E+01
 0.215510E-01  0.381935E+03  0.669147E+01
 0.218700E-01  0.371454E+03  0.318274E+01
 0.221890E-01  0.345756E+03  0.116346E+02
 0.225080E-01  0.326281E+03  0.124088E+02
 0.228280E-01  0.341914E+03  0.336083E+01
 0.231470E-01  0.334241E+03  0.732601E+01
 0.234660E-01  0.296300E+03  0.135098E+02
 0.237850E-01  0.318287E+03  0.282134E+01
 0.241050E-01  0.316357E+03  0.285495E+01
 0.244240E-01  0.277531E+03  0.111895E+02
 0.247430E-01  0.298922E+03  0.302338E+01
 0.250620E-01  0.293693E+03  0.274538E+01
 0.253820E-01  0.256155E+03  0.111775E+02
 0.257010E-01  0.278217E+03  0.268269E+01
 0.260200E-01  0.271014E+03  0.254028E+01
 0.263400E-01  0.243185E+03  0.956177E+01
 0.266590E-01  0.257001E+03  0.220715E+01
 0.269780E-01  0.253120E+03  0.221409E+01
 0.272970E-01  0.224683E+03  0.808331E+01
 0.276170E-01  0.242890E+03  0.201428E+01
 0.279360E-01  0.231570E+03  0.217467E+01
 0.282550E-01  0.212573E+03  0.788711E+01
 0.285740E-01  0.224675E+03  0.205852E+01
 0.288940E-01  0.216198E+03  0.223950E+01
 0.292130E-01  0.198582E+03  0.606587E+01
 0.295320E-01  0.211301E+03  0.203361E+01
 0.298510E-01  0.203040E+03  0.162617E+01
 0.301710E-01  0.185566E+03  0.593485E+01
 0.304900E-01  0.193854E+03  0.189476E+01
 0.308090E-01  0.188949E+03  0.151154E+01
 0.311290E-01  0.177872E+03  0.463526E+01
 0.314480E-01  0.178727E+03  0.172419E+01
 0.317670E-01  0.174828E+03  0.152496E+01
 0.320860E-01  0.169017E+03  0.342054E+01
 0.324060E-01  0.166094E+03  0.145506E+01
 0.327250E-01  0.163444E+03  0.129005E+01
 0.330440E-01  0.159251E+03  0.271333E+01
 0.333630E-01  0.156051E+03  0.144803E+01
 0.336830E-01  0.152615E+03  0.145098E+01
 0.340020E-01  0.149488E+03  0.207213E+01
 0.343210E-01  0.145041E+03  0.153608E+01
 0.346400E-01  0.141809E+03  0.133715E+01
 0.349600E-01  0.138639E+03  0.211109E+01
 0.352790E-01  0.134154E+03  0.138006E+01
 0.355980E-01  0.131340E+03  0.112170E+01
 0.359180E-01  0.132067E+03  0.135943E+01
 0.362370E-01  0.126981E+03  0.135046E+01
 0.365560E-01  0.124520E+03  0.126925E+01
 0.368750E-01  0.121074E+03  0.122785E+01
 0.371950E-01  0.120442E+03  0.120003E+01
 0.375140E-01  0.115464E+03  0.937410E+00
 0.378330E-01  0.113489E+03  0.114646E+01
 0.381520E-01  0.111042E+03  0.893866E+00
 0.384720E-01  0.108328E+03  0.978998E+00
 0.387910E-01  0.107181E+03  0.964914E+00
 0.391100E-01  0.103226E+03  0.102405E+01
 0.394290E-01  0.101084E+03  0.923880E+00
 0.397490E-01  0.101540E+03  0.961165E+00
 0.400680E-01  0.979851E+02  0.888692E+00
 0.403870E-01  0.955702E+02  0.735647E+00
 0.407060E-01  0.936789E+02  0.824185E+00
 0.410260E-01  0.916677E+02  0.812449E+00
 0.413450E-01  0.900077E+02  0.793140E+00
 0.416640E-01  0.865652E+02  0.745369E+00
 0.417350E-01  0.862433E+02  0.616606E+00
 0.419840E-01  0.853979E+02  0.774584E+00
 0.421960E-01  0.782343E+02  0.233083E+01
 0.423030E-01  0.830952E+02  0.632965E+00
 0.426220E-01  0.807592E+02  0.741288E+00
 0.426580E-01  0.812758E+02  0.646489E+00
 0.429410E-01  0.792507E+02  0.700979E+00
 0.431190E-01  0.787345E+02  0.548059E+00
 0.432610E-01  0.771036E+02  0.644777E+00
 0.435800E-01  0.737853E+02  0.113842E+01
 0.438990E-01  0.749454E+02  0.705699E+00
 0.440410E-01  0.744568E+02  0.560771E+00
 0.442180E-01  0.724833E+02  0.612654E+00
 0.445020E-01  0.717884E+02  0.529380E+00
 0.445380E-01  0.711478E+02  0.669195E+00
 0.448570E-01  0.706664E+02  0.591631E+00
 0.449630E-01  0.670167E+02  0.168490E+01
 0.451760E-01  0.687499E+02  0.592180E+00
 0.454250E-01  0.676904E+02  0.528028E+00
 0.454950E-01  0.665477E+02  0.644881E+00
 0.458150E-01  0.663099E+02  0.583177E+00
 0.458860E-01  0.658131E+02  0.469461E+00
 0.461340E-01  0.648170E+02  0.641913E+00
 0.463470E-01  0.628159E+02  0.124221E+01
 0.464530E-01  0.627514E+02  0.670206E+00
 0.467720E-01  0.619786E+02  0.717407E+00
 0.468080E-01  0.621772E+02  0.475276E+00
 0.470920E-01  0.595813E+02  0.601537E+00
 0.472690E-01  0.599146E+02  0.367460E+00
 0.474110E-01  0.594115E+02  0.571738E+00
 0.477300E-01  0.578706E+02  0.544648E+00
 0.480500E-01  0.565469E+02  0.514825E+00
 0.481910E-01  0.567183E+02  0.423509E+00
 0.483690E-01  0.557544E+02  0.543894E+00
 0.486530E-01  0.549471E+02  0.406735E+00
 0.486880E-01  0.542734E+02  0.645273E+00
 0.490070E-01  0.537162E+02  0.655128E+00
 0.491140E-01  0.533466E+02  0.688254E+00
 0.493270E-01  0.529386E+02  0.559229E+00
 0.495750E-01  0.521244E+02  0.450108E+00
 0.496460E-01  0.518344E+02  0.519499E+00
 0.499650E-01  0.514681E+02  0.483374E+00
 0.500360E-01  0.505104E+02  0.305907E+00
 0.502840E-01  0.498917E+02  0.579769E+00
 0.504970E-01  0.489589E+02  0.686322E+00
 0.506040E-01  0.481967E+02  0.491971E+00
 0.509230E-01  0.476042E+02  0.541878E+00
 0.509580E-01  0.476003E+02  0.369550E+00
 0.512420E-01  0.462291E+02  0.474548E+00
 0.514200E-01  0.460497E+02  0.360430E+00
 0.515610E-01  0.458049E+02  0.522832E+00
 0.518810E-01  0.450191E+02  0.310705E+00
 0.522000E-01  0.439150E+02  0.478350E+00
 0.523420E-01  0.436933E+02  0.319743E+00
 0.525190E-01  0.420894E+02  0.546103E+00
 0.528030E-01  0.422309E+02  0.381460E+00
 0.528380E-01  0.422309E+02  0.556969E+00
 0.531580E-01  0.411676E+02  0.432492E+00
 0.532640E-01  0.411243E+02  0.295145E+00
 0.534770E-01  0.404470E+02  0.535380E+00
 0.537250E-01  0.403850E+02  0.310297E+00
 0.537960E-01  0.406807E+02  0.439097E+00
 0.541160E-01  0.395236E+02  0.487218E+00
 0.541870E-01  0.387700E+02  0.237838E+00
 0.544350E-01  0.383871E+02  0.446621E+00
 0.546480E-01  0.378216E+02  0.268470E+00
 0.547540E-01  0.384286E+02  0.429426E+00
 0.550730E-01  0.362395E+02  0.438070E+00
 0.551090E-01  0.368152E+02  0.213796E+00
 0.553930E-01  0.357322E+02  0.409724E+00
 0.555700E-01  0.355954E+02  0.232390E+00
 0.557120E-01  0.357272E+02  0.450406E+00
 0.560310E-01  0.344348E+02  0.258147E+00
 0.563500E-01  0.335330E+02  0.497078E+00
 0.564920E-01  0.337909E+02  0.218713E+00
 0.566700E-01  0.336840E+02  0.397554E+00
 0.569540E-01  0.328628E+02  0.193704E+00
 0.569890E-01  0.319577E+02  0.428103E+00
 0.573080E-01  0.319291E+02  0.395937E+00
 0.574150E-01  0.320736E+02  0.186277E+00
 0.576270E-01  0.312675E+02  0.408262E+00
 0.578760E-01  0.313898E+02  0.184619E+00
 0.579470E-01  0.305633E+02  0.358048E+00
 0.582660E-01  0.308331E+02  0.377880E+00
 0.583370E-01  0.302037E+02  0.185102E+00
 0.585850E-01  0.297388E+02  0.397249E+00
 0.587980E-01  0.296438E+02  0.167596E+00
 0.589040E-01  0.286354E+02  0.387189E+00
 0.592240E-01  0.293494E+02  0.395879E+00
 0.592590E-01  0.288053E+02  0.165389E+00
 0.595430E-01  0.281944E+02  0.389413E+00
 0.597200E-01  0.280224E+02  0.177907E+00
 0.598620E-01  0.275104E+02  0.370466E+00
 0.601815E-01  0.268658E+02  0.194286E+00
 0.605010E-01  0.263510E+02  0.337320E+00
 0.606430E-01  0.266982E+02  0.169191E+00
 0.608200E-01  0.259842E+02  0.341033E+00
 0.611040E-01  0.258680E+02  0.141065E+00
 0.611390E-01  0.252691E+02  0.360744E+00
 0.614590E-01  0.247435E+02  0.313355E+00
 0.615650E-01  0.249787E+02  0.148481E+00
 0.617780E-01  0.246711E+02  0.373026E+00
 0.620260E-01  0.246700E+02  0.140553E+00
 0.620970E-01  0.241163E+02  0.315742E+00
 0.624160E-01  0.243453E+02  0.397085E+00
 0.624870E-01  0.239307E+02  0.143417E+00
 0.627360E-01  0.227813E+02  0.324657E+00
 0.629490E-01  0.232124E+02  0.134518E+00
 0.630550E-01  0.227875E+02  0.357744E+00
 0.633740E-01  0.222287E+02  0.329736E+00
 0.634100E-01  0.227788E+02  0.143161E+00
 0.636930E-01  0.216791E+02  0.340992E+00
 0.638710E-01  0.220964E+02  0.140752E+00
 0.640130E-01  0.217216E+02  0.311564E+00
 0.643320E-01  0.211788E+02  0.185629E+00
 0.646510E-01  0.208940E+02  0.324011E+00
 0.647930E-01  0.210868E+02  0.108570E+00
 0.649700E-01  0.204099E+02  0.297031E+00
 0.652540E-01  0.205557E+02  0.116582E+00
 0.652900E-01  0.193876E+02  0.373007E+00
 0.656090E-01  0.196051E+02  0.333362E+00
 0.657160E-01  0.200445E+02  0.106469E+00
 0.659280E-01  0.192416E+02  0.392783E+00
 0.661770E-01  0.194800E+02  0.996843E-01
 0.662470E-01  0.190288E+02  0.341253E+00
 0.665670E-01  0.189797E+02  0.365476E+00
 0.666380E-01  0.189318E+02  0.108352E+00
 0.668860E-01  0.183394E+02  0.291670E+00
 0.670990E-01  0.187806E+02  0.101099E+00
 0.672050E-01  0.181486E+02  0.368163E+00
 0.675240E-01  0.181006E+02  0.307505E+00
 0.675600E-01  0.182895E+02  0.122295E+00
 0.678440E-01  0.173611E+02  0.327379E+00
 0.680210E-01  0.178212E+02  0.885188E-01
 0.681630E-01  0.170782E+02  0.305264E+00
 0.684820E-01  0.171613E+02  0.174172E+00
 0.688020E-01  0.170321E+02  0.325826E+00
 0.689440E-01  0.171647E+02  0.100871E+00
 0.691210E-01  0.167379E+02  0.328055E+00
 0.694050E-01  0.168320E+02  0.910968E-01
 0.694400E-01  0.163738E+02  0.309529E+00
 0.697590E-01  0.163852E+02  0.358906E+00
 0.698660E-01  0.163903E+02  0.816019E-01
 0.700790E-01  0.155696E+02  0.333438E+00
 0.703270E-01  0.161082E+02  0.924185E-01
 0.703980E-01  0.157851E+02  0.305393E+00
 0.707170E-01  0.156361E+02  0.343798E+00
 0.707880E-01  0.157522E+02  0.847655E-01
 0.710360E-01  0.149630E+02  0.304698E+00
 0.712490E-01  0.154895E+02  0.926060E-01
 0.713560E-01  0.144261E+02  0.311271E+00
 0.716750E-01  0.147403E+02  0.319217E+00
 0.717110E-01  0.152004E+02  0.893420E-01
 0.719940E-01  0.144348E+02  0.322829E+00
 0.721720E-01  0.149685E+02  0.798569E-01
 0.723130E-01  0.141785E+02  0.310962E+00
 0.726330E-01  0.143607E+02  0.149558E+00
 0.729520E-01  0.133892E+02  0.307776E+00
 0.730940E-01  0.142677E+02  0.755454E-01
 0.732710E-01  0.133748E+02  0.272998E+00
 0.735550E-01  0.141705E+02  0.782350E-01
 0.735900E-01  0.138955E+02  0.283231E+00
 0.739100E-01  0.135493E+02  0.304938E+00
 0.740160E-01  0.138047E+02  0.739872E-01
 0.742290E-01  0.135518E+02  0.301536E+00
 0.744780E-01  0.136986E+02  0.741831E-01
 0.745480E-01  0.130450E+02  0.291971E+00
 0.748670E-01  0.134296E+02  0.283495E+00
 0.749390E-01  0.135001E+02  0.783385E-01
 0.751870E-01  0.131897E+02  0.264303E+00
 0.754000E-01  0.132511E+02  0.686905E-01
 0.755060E-01  0.125573E+02  0.318742E+00
 0.758250E-01  0.125158E+02  0.264906E+00
 0.758610E-01  0.129898E+02  0.656012E-01
 0.761440E-01  0.121814E+02  0.280140E+00
 0.763220E-01  0.129205E+02  0.784179E-01
 0.764640E-01  0.125621E+02  0.275624E+00
 0.767830E-01  0.124186E+02  0.140969E+00
 0.771020E-01  0.119107E+02  0.254292E+00
 0.772440E-01  0.124897E+02  0.854843E-01
 0.774210E-01  0.121007E+02  0.251494E+00
 0.777060E-01  0.124069E+02  0.691998E-01
 0.777410E-01  0.117840E+02  0.282138E+00
 0.780600E-01  0.123954E+02  0.298912E+00
 0.781670E-01  0.121992E+02  0.754989E-01
 0.783790E-01  0.115956E+02  0.287509E+00
 0.786280E-01  0.119853E+02  0.662342E-01
 0.786980E-01  0.120013E+02  0.256955E+00
 0.790180E-01  0.118001E+02  0.281607E+00
 0.790890E-01  0.119900E+02  0.646459E-01
 0.793370E-01  0.109942E+02  0.281167E+00
 0.795500E-01  0.116761E+02  0.717328E-01
 0.796560E-01  0.113735E+02  0.273500E+00
 0.799750E-01  0.114982E+02  0.273434E+00
 0.800110E-01  0.115876E+02  0.569342E-01
 0.802950E-01  0.113013E+02  0.288673E+00
 0.804730E-01  0.114911E+02  0.651933E-01
 0.806140E-01  0.117297E+02  0.262238E+00
 0.809335E-01  0.111415E+02  0.136287E+00
 0.812530E-01  0.107642E+02  0.264725E+00
 0.813950E-01  0.111367E+02  0.569053E-01
 0.815720E-01  0.108868E+02  0.290098E+00
 0.818560E-01  0.111142E+02  0.608769E-01
 0.818910E-01  0.106483E+02  0.245367E+00
 0.822100E-01  0.109121E+02  0.291560E+00
 0.823170E-01  0.110146E+02  0.598937E-01
 0.825300E-01  0.103662E+02  0.279737E+00
 0.827780E-01  0.108648E+02  0.597805E-01
 0.828490E-01  0.105277E+02  0.269754E+00
 0.831680E-01  0.104329E+02  0.292017E+00
 0.832390E-01  0.107800E+02  0.617014E-01
 0.834870E-01  0.101493E+02  0.276991E+00
 0.837010E-01  0.106960E+02  0.585178E-01
 0.838070E-01  0.101088E+02  0.288354E+00
 0.841260E-01  0.102353E+02  0.265178E+00
 0.841620E-01  0.105583E+02  0.683423E-01
 0.844450E-01  0.100674E+02  0.266377E+00
 0.846230E-01  0.104284E+02  0.543873E-01
 0.847640E-01  0.959621E+01  0.254742E+00
 0.850840E-01  0.978211E+01  0.138715E+00
 0.854030E-01  0.100036E+02  0.251618E+00
 0.855450E-01  0.101370E+02  0.544416E-01
 0.857220E-01  0.952645E+01  0.281592E+00
 0.860060E-01  0.101096E+02  0.578600E-01
 0.860410E-01  0.947946E+01  0.258366E+00
 0.863610E-01  0.956886E+01  0.269763E+00
 0.864680E-01  0.995708E+01  0.590576E-01
 0.866800E-01  0.976240E+01  0.277333E+00
 0.869290E-01  0.988919E+01  0.485303E-01
 0.869990E-01  0.886805E+01  0.263820E+00
 0.873180E-01  0.951956E+01  0.233745E+00
 0.873900E-01  0.979863E+01  0.636090E-01
 0.876380E-01  0.928116E+01  0.261296E+00
 0.878510E-01  0.961544E+01  0.591025E-01
 0.879570E-01  0.909361E+01  0.233306E+00
 0.882760E-01  0.939734E+01  0.234617E+00
 0.883120E-01  0.968232E+01  0.604099E-01
 0.885950E-01  0.926342E+01  0.243002E+00
 0.887730E-01  0.946821E+01  0.539584E-01
 0.889150E-01  0.884037E+01  0.230155E+00
 0.892340E-01  0.929962E+01  0.135071E+00
 0.895530E-01  0.895216E+01  0.212105E+00
 0.896960E-01  0.942563E+01  0.539386E-01
 0.898720E-01  0.860051E+01  0.247338E+00
 0.901570E-01  0.921899E+01  0.608687E-01
 0.901920E-01  0.865146E+01  0.226450E+00
 0.905110E-01  0.877894E+01  0.234383E+00
 0.906180E-01  0.910868E+01  0.554419E-01
 0.908300E-01  0.854401E+01  0.220919E+00
 0.910790E-01  0.896941E+01  0.575598E-01
 0.911490E-01  0.838000E+01  0.235856E+00
 0.914690E-01  0.856772E+01  0.236486E+00
 0.915400E-01  0.881014E+01  0.592365E-01
 0.917880E-01  0.837051E+01  0.231322E+00
 0.920010E-01  0.877996E+01  0.596746E-01
 0.921070E-01  0.869966E+01  0.215002E+00
 0.924260E-01  0.811153E+01  0.224742E+00
 0.924630E-01  0.869873E+01  0.603541E-01
 0.927460E-01  0.840888E+01  0.263264E+00
 0.929240E-01  0.862472E+01  0.541522E-01
 0.930650E-01  0.811283E+01  0.244701E+00
 0.933845E-01  0.844077E+01  0.122171E+00
 0.937030E-01  0.818940E+01  0.223352E+00
 0.938460E-01  0.843418E+01  0.491502E-01
 0.940230E-01  0.842818E+01  0.240948E+00
 0.943070E-01  0.836880E+01  0.508639E-01
 0.943420E-01  0.810344E+01  0.215761E+00
 0.946610E-01  0.810625E+01  0.248721E+00
 0.947680E-01  0.825201E+01  0.479729E-01
 0.949800E-01  0.804866E+01  0.250788E+00
 0.952290E-01  0.815357E+01  0.541154E-01
 0.953000E-01  0.799276E+01  0.256265E+00
 0.956190E-01  0.778390E+01  0.228949E+00
 0.956910E-01  0.815202E+01  0.565053E-01
 0.959380E-01  0.817844E+01  0.229998E+00
 0.961520E-01  0.790512E+01  0.611693E-01
 0.962570E-01  0.800955E+01  0.244589E+00
 0.965770E-01  0.800326E+01  0.208308E+00
 0.966130E-01  0.793315E+01  0.458997E-01
 0.968960E-01  0.766643E+01  0.225896E+00
 0.970740E-01  0.783049E+01  0.606436E-01
 0.972150E-01  0.708270E+01  0.221374E+00
 0.975345E-01  0.758226E+01  0.130325E+00
 0.978540E-01  0.692621E+01  0.218515E+00
 0.979960E-01  0.752876E+01  0.610756E-01
 0.981730E-01  0.716813E+01  0.263143E+00
 0.984570E-01  0.758464E+01  0.585383E-01
 0.984920E-01  0.718049E+01  0.249779E+00
 0.988110E-01  0.744217E+01  0.239263E+00
 0.989190E-01  0.734640E+01  0.527679E-01
 0.991310E-01  0.669805E+01  0.228879E+00
 0.993800E-01  0.728643E+01  0.651503E-01
 0.994500E-01  0.727144E+01  0.222040E+00
 0.997690E-01  0.697544E+01  0.240053E+00
 0.998410E-01  0.713954E+01  0.551468E-01
 0.100088E+00  0.683908E+01  0.229747E+00
 0.100302E+00  0.701357E+01  0.556557E-01
 0.100408E+00  0.647221E+01  0.216455E+00
 0.100727E+00  0.687534E+01  0.232107E+00
 0.100763E+00  0.691890E+01  0.515596E-01
 0.101046E+00  0.665489E+01  0.218374E+00
 0.101224E+00  0.681840E+01  0.553474E-01
 0.101365E+00  0.673236E+01  0.213297E+00
 0.101685E+00  0.665865E+01  0.117035E+00
 0.102004E+00  0.624790E+01  0.208816E+00
 0.102147E+00  0.655549E+01  0.524068E-01
 0.102323E+00  0.604141E+01  0.223666E+00
 0.102608E+00  0.648531E+01  0.571994E-01
 0.102642E+00  0.619246E+01  0.217938E+00
 0.102962E+00  0.591281E+01  0.238776E+00
 0.103069E+00  0.643518E+01  0.542465E-01
 0.103281E+00  0.596558E+01  0.218980E+00
 0.103530E+00  0.627114E+01  0.477576E-01
 0.103600E+00  0.604112E+01  0.233933E+00
 0.103919E+00  0.611397E+01  0.225797E+00
 0.103991E+00  0.622198E+01  0.515778E-01
 0.104239E+00  0.599089E+01  0.228548E+00
 0.104452E+00  0.604861E+01  0.487435E-01
 0.104558E+00  0.595857E+01  0.231101E+00
 0.104877E+00  0.576168E+01  0.230739E+00
 0.104914E+00  0.601288E+01  0.522058E-01
 0.105196E+00  0.562665E+01  0.516990E+00
 0.105375E+00  0.578784E+01  0.494717E-01
 0.105516E+00  0.533172E+01  0.681038E+00
 0.105835E+00  0.548254E+01  0.281995E+00
 0.106154E+00  0.508397E+01  0.404654E+01
 0.106297E+00  0.568827E+01  0.548471E-01
 0.106473E+00  0.516492E+01  0.214145E+00
 0.106758E+00  0.559325E+01  0.489258E-01
 0.106793E+00  0.472076E+01  0.222351E+00
 0.107112E+00  0.539439E+01  0.231953E+00
 0.107219E+00  0.552296E+01  0.543313E-01
 0.107431E+00  0.530818E+01  0.219732E+00
 0.107680E+00  0.539798E+01  0.506552E-01
 0.107750E+00  0.509467E+01  0.205615E+00
 0.108070E+00  0.511793E+01  0.234100E+00
 0.108142E+00  0.522446E+01  0.517150E-01
 0.108389E+00  0.510418E+01  0.219333E+00
 0.108603E+00  0.508314E+01  0.477081E-01
 0.108708E+00  0.473303E+01  0.208031E+00
 0.109027E+00  0.488728E+01  0.223348E+00
 0.109064E+00  0.507315E+01  0.876404E-01
 0.109347E+00  0.473380E+01  0.218381E+00
 0.109525E+00  0.491972E+01  0.463514E-01
 0.109666E+00  0.439764E+01  0.216852E+00
 0.109985E+00  0.445556E+01  0.119890E+00
 0.110304E+00  0.405272E+01  0.202526E+00
 0.110447E+00  0.477088E+01  0.455537E-01
 0.110623E+00  0.423299E+01  0.205856E+00
 0.110909E+00  0.464749E+01  0.494607E-01
 0.110943E+00  0.405504E+01  0.201057E+00
 0.111262E+00  0.399163E+01  0.200908E+00
 0.111370E+00  0.461263E+01  0.504302E-01
 0.111581E+00  0.425862E+01  0.196746E+00
 0.111831E+00  0.443452E+01  0.432215E-01
 0.111900E+00  0.427566E+01  0.190837E+00
 0.112220E+00  0.374148E+01  0.207251E+00
 0.112292E+00  0.433525E+01  0.466659E-01
 0.112539E+00  0.396969E+01  0.203980E+00
 0.112753E+00  0.428158E+01  0.480053E-01
 0.112858E+00  0.382486E+01  0.204111E+00
 0.113177E+00  0.370052E+01  0.208090E+00
 0.113214E+00  0.418505E+01  0.411257E-01
 0.113497E+00  0.369802E+01  0.216102E+00
 0.113675E+00  0.405086E+01  0.470185E-01
 0.113816E+00  0.357747E+01  0.214990E+00
 0.114136E+00  0.363263E+01  0.103873E+00
 0.114454E+00  0.377706E+01  0.195313E+00
 0.114598E+00  0.393246E+01  0.427692E-01
 0.114774E+00  0.372720E+01  0.205197E+00
 0.115059E+00  0.371996E+01  0.458163E-01
 0.115093E+00  0.362552E+01  0.182720E+00
 0.115412E+00  0.373235E+01  0.225345E+00
 0.115520E+00  0.366161E+01  0.403681E-01
 0.115731E+00  0.343253E+01  0.217089E+00
 0.115981E+00  0.362491E+01  0.480760E-01
 0.116051E+00  0.333833E+01  0.184667E+00
 0.116370E+00  0.331657E+01  0.184924E+00
 0.116442E+00  0.355346E+01  0.446027E-01
 0.116903E+00  0.343062E+01  0.446338E-01
 0.117365E+00  0.351453E+01  0.457188E-01
 0.117826E+00  0.338876E+01  0.418180E-01
 0.118287E+00  0.329989E+01  0.445629E-01
 0.118748E+00  0.317173E+01  0.415598E-01
 0.119209E+00  0.315638E+01  0.402089E-01
 0.119670E+00  0.304570E+01  0.416565E-01
 0.120131E+00  0.299811E+01  0.410782E-01
 0.120593E+00  0.289584E+01  0.418438E-01
 0.121054E+00  0.290536E+01  0.433460E-01
 0.121515E+00  0.280086E+01  0.339713E-01
 0.121976E+00  0.278742E+01  0.389224E-01
 0.122437E+00  0.275283E+01  0.404018E-01
 0.122898E+00  0.265153E+01  0.386569E-01
 0.123359E+00  0.259177E+01  0.359570E-01
 0.123821E+00  0.254404E+01  0.417927E-01
 0.124282E+00  0.244956E+01  0.415713E-01
 0.124743E+00  0.238697E+01  0.403835E-01
 0.125204E+00  0.235751E+01  0.358446E-01
 0.125665E+00  0.233024E+01  0.415796E-01
 0.126126E+00  0.220871E+01  0.396866E-01
 0.126587E+00  0.218062E+01  0.397690E-01
 0.127049E+00  0.221051E+01  0.397921E-01
 0.127510E+00  0.212117E+01  0.350483E-01
 0.127971E+00  0.209002E+01  0.375560E-01
 0.128432E+00  0.203976E+01  0.358417E-01
 0.128893E+00  0.200598E+01  0.369079E-01
 0.129354E+00  0.200454E+01  0.342903E-01
 0.129815E+00  0.193069E+01  0.334007E-01
 0.130277E+00  0.187732E+01  0.374782E-01
 0.130738E+00  0.192927E+01  0.387233E-01
 0.131199E+00  0.184672E+01  0.335359E-01
 0.131660E+00  0.178598E+01  0.436330E-01
 0.132121E+00  0.178375E+01  0.370488E-01
 0.132582E+00  0.169650E+01  0.385332E-01
 0.133043E+00  0.171152E+01  0.398555E-01
 0.133505E+00  0.175000E+01  0.364451E-01
 0.133966E+00  0.167043E+01  0.375415E-01
 0.134427E+00  0.166826E+01  0.381700E-01
 0.134888E+00  0.168973E+01  0.376945E-01
 0.135349E+00  0.161352E+01  0.334040E-01
 0.135810E+00  0.161337E+01  0.363039E-01
 0.136271E+00  0.155352E+01  0.352104E-01
 0.136733E+00  0.156577E+01  0.376421E-01
 0.137194E+00  0.146639E+01  0.363532E-01
 0.137655E+00  0.154305E+01  0.353505E-01
 0.138116E+00  0.148973E+01  0.371707E-01
 0.138577E+00  0.157354E+01  0.373639E-01
 0.139038E+00  0.155709E+01  0.362100E-01
 0.139499E+00  0.145999E+01  0.348476E-01
 0.139960E+00  0.144012E+01  0.378081E-01
 0.140422E+00  0.149999E+01  0.373987E-01
 0.140883E+00  0.143712E+01  0.380940E-01
 0.141344E+00  0.142798E+01  0.312648E-01
 0.141805E+00  0.147194E+01  0.371551E-01
 0.142266E+00  0.144963E+01  0.332736E-01
 0.142727E+00  0.145435E+01  0.344094E-01
 0.143188E+00  0.140839E+01  0.389199E-01
 0.143650E+00  0.140599E+01  0.374112E-01
 0.144111E+00  0.133665E+01  0.363859E-01
 0.144572E+00  0.132895E+01  0.390954E-01
 0.145033E+00  0.129876E+01  0.365049E-01
 0.145494E+00  0.135173E+01  0.374764E-01
 0.145955E+00  0.128003E+01  0.347851E-01
 0.146416E+00  0.131612E+01  0.346748E-01
 0.146878E+00  0.131805E+01  0.383374E-01
 0.147339E+00  0.128719E+01  0.366663E-01
 0.147800E+00  0.133117E+01  0.366250E-01
 0.148261E+00  0.127000E+01  0.327797E-01
 0.148722E+00  0.122113E+01  0.375317E-01
 0.149183E+00  0.127888E+01  0.343896E-01
 0.149644E+00  0.123196E+01  0.389706E-01
 0.150105E+00  0.125877E+01  0.330322E-01
 0.150567E+00  0.122990E+01  0.360137E-01
 0.151028E+00  0.120470E+01  0.344311E-01
 0.151489E+00  0.123487E+01  0.366678E-01
 0.151950E+00  0.119721E+01  0.333766E-01
 0.152411E+00  0.124351E+01  0.327914E-01
 0.152872E+00  0.118293E+01  0.311508E-01
 0.153333E+00  0.110694E+01  0.357565E-01
 0.153795E+00  0.114577E+01  0.311467E-01
 0.154256E+00  0.105300E+01  0.337172E-01
 0.154717E+00  0.109226E+01  0.364698E-01
 0.155178E+00  0.108465E+01  0.360768E-01
 0.155639E+00  0.101495E+01  0.358937E-01
 0.156100E+00  0.108701E+01  0.394432E-01
 0.156561E+00  0.101805E+01  0.339477E-01
 0.157022E+00  0.106463E+01  0.358646E-01
 0.157484E+00  0.102547E+01  0.333616E-01
 0.157945E+00  0.975762E+00  0.365707E-01
 0.158406E+00  0.106074E+01  0.354770E-01
 0.158867E+00  0.102570E+01  0.346399E-01
 0.159328E+00  0.104019E+01  0.321731E-01
 0.159789E+00  0.977388E+00  0.325677E-01
 0.160250E+00  0.104974E+01  0.341913E-01
 0.160711E+00  0.101244E+01  0.334424E-01
 0.161173E+00  0.993955E+00  0.354008E-01
 0.161634E+00  0.101243E+01  0.331134E-01
 0.162095E+00  0.976817E+00  0.318655E-01
 0.162556E+00  0.971131E+00  0.341502E-01
 0.163017E+00  0.910111E+00  0.315171E-01
 0.163478E+00  0.987356E+00  0.348691E-01
 0.163939E+00  0.953955E+00  0.299372E-01
 0.164401E+00  0.949729E+00  0.502474E-01
 0.164862E+00  0.950649E+00  0.293335E-01
 0.165323E+00  0.942768E+00  0.322160E-01
 0.165784E+00  0.871846E+00  0.349346E-01
 0.166245E+00  0.869375E+00  0.307047E-01
 0.166706E+00  0.894218E+00  0.312238E-01
 0.167167E+00  0.845534E+00  0.281627E-01
 0.167628E+00  0.923617E+00  0.321418E-01
 0.168090E+00  0.906483E+00  0.308401E-01
 0.168551E+00  0.866465E+00  0.321455E-01
 0.169012E+00  0.812585E+00  0.298093E-01
 0.169473E+00  0.867126E+00  0.317895E-01
 0.169934E+00  0.839141E+00  0.299732E-01
 0.170395E+00  0.768621E+00  0.320715E-01
 0.170856E+00  0.814969E+00  0.294553E-01
 0.171317E+00  0.814829E+00  0.344538E-01
 0.171779E+00  0.767164E+00  0.334655E-01
 0.172240E+00  0.863672E+00  0.315074E-01
 0.172701E+00  0.801726E+00  0.302946E-01
 0.173162E+00  0.802504E+00  0.344628E-01
 0.173623E+00  0.857694E+00  0.324791E-01
 0.174084E+00  0.733136E+00  0.351041E-01
 0.174545E+00  0.786202E+00  0.594254E-01
 0.175006E+00  0.780509E+00  0.306620E-01
 0.175468E+00  0.709555E+00  0.649445E-01
 0.175929E+00  0.803051E+00  0.360511E-01
 0.176390E+00  0.764795E+00  0.413978E-01
 0.176851E+00  0.746910E+00  0.307279E-01
 0.177312E+00  0.752334E+00  0.308167E-01
 0.177773E+00  0.759415E+00  0.318340E-01
 0.178234E+00  0.756637E+00  0.322477E-01
 0.178695E+00  0.774231E+00  0.305690E-01
 0.179156E+00  0.708455E+00  0.338737E-01
 0.179618E+00  0.792379E+00  0.290682E-01
 0.180079E+00  0.712021E+00  0.286196E-01
 0.180540E+00  0.697826E+00  0.311102E-01
 0.181001E+00  0.728569E+00  0.302306E-01
 0.181462E+00  0.727482E+00  0.401687E-01
 0.181923E+00  0.752766E+00  0.320139E-01
 0.182384E+00  0.728240E+00  0.390726E-01
 0.182845E+00  0.713155E+00  0.683745E-01
 0.183307E+00  0.725600E+00  0.316058E-01
 0.183768E+00  0.709942E+00  0.324776E-01
 0.184229E+00  0.686747E+00  0.311411E-01
 0.184690E+00  0.657226E+00  0.318301E-01
 0.185151E+00  0.694425E+00  0.309285E-01
 0.185612E+00  0.736678E+00  0.344920E-01
 0.186073E+00  0.695059E+00  0.384311E-01
 0.186534E+00  0.730969E+00  0.338484E-01
 0.186996E+00  0.741644E+00  0.351585E-01
 0.187457E+00  0.824540E+00  0.336980E-01
 0.187918E+00  0.739120E+00  0.310967E-01
 0.188379E+00  0.789210E+00  0.317011E-01
 0.188840E+00  0.776177E+00  0.295885E-01
 0.189301E+00  0.724175E+00  0.311092E-01
 0.189762E+00  0.821024E+00  0.291389E-01
 0.190223E+00  0.750039E+00  0.316685E-01
 0.190684E+00  0.770105E+00  0.298814E-01
 0.191146E+00  0.773354E+00  0.323745E-01
 0.191607E+00  0.793657E+00  0.281244E-01
 0.192068E+00  0.806472E+00  0.369997E-01
 0.192529E+00  0.757550E+00  0.299068E-01
 0.192990E+00  0.804499E+00  0.298361E-01
 0.193451E+00  0.805134E+00  0.330788E-01
 0.193912E+00  0.791793E+00  0.297095E-01
 0.194373E+00  0.774298E+00  0.307776E-01
 0.194834E+00  0.777373E+00  0.310761E-01
 0.195296E+00  0.712207E+00  0.324366E-01
 0.195757E+00  0.783514E+00  0.342323E-01
 0.196218E+00  0.786865E+00  0.339772E-01
 0.196679E+00  0.839198E+00  0.306679E-01
 0.197140E+00  0.796054E+00  0.334332E-01
 0.197601E+00  0.747544E+00  0.277900E-01
 0.198062E+00  0.805764E+00  0.320413E-01
 0.198523E+00  0.763703E+00  0.275541E-01
 0.198984E+00  0.708674E+00  0.298276E-01
 0.199446E+00  0.744430E+00  0.292838E-01
 0.199907E+00  0.765837E+00  0.287728E-01
 0.200368E+00  0.768649E+00  0.307449E-01
 0.200829E+00  0.732516E+00  0.280307E-01
 0.201290E+00  0.774168E+00  0.313218E-01
 0.201751E+00  0.752342E+00  0.296242E-01
 0.202212E+00  0.711805E+00  0.283423E-01
 0.202673E+00  0.763290E+00  0.306379E-01
 0.203134E+00  0.746962E+00  0.292963E-01
 0.203596E+00  0.790455E+00  0.291542E-01
 0.204057E+00  0.737639E+00  0.339319E-01
 0.204518E+00  0.780081E+00  0.358396E-01
 0.204979E+00  0.750204E+00  0.750024E-01
 0.205440E+00  0.769879E+00  0.318222E-01
 0.205901E+00  0.705564E+00  0.528987E-01
 0.206362E+00  0.794800E+00  0.314596E-01
 0.206823E+00  0.750552E+00  0.291290E-01
 0.207284E+00  0.740720E+00  0.287138E-01
 0.207746E+00  0.838358E+00  0.300593E-01
 0.208207E+00  0.733340E+00  0.294030E-01
 0.208668E+00  0.774101E+00  0.295130E-01
 0.209129E+00  0.730677E+00  0.291753E-01
 0.209590E+00  0.733130E+00  0.267171E-01
 0.210051E+00  0.746017E+00  0.277606E-01
 0.210512E+00  0.724606E+00  0.277766E-01
 0.210973E+00  0.738849E+00  0.294006E-01
 0.211434E+00  0.753292E+00  0.260578E-01
 0.211895E+00  0.724884E+00  0.299795E-01
 0.212357E+00  0.681427E+00  0.272356E-01
 0.212818E+00  0.751128E+00  0.295861E-01
 0.213279E+00  0.701728E+00  0.274799E-01
 0.213740E+00  0.705656E+00  0.301565E-01
 0.214201E+00  0.727058E+00  0.286483E-01
 0.214662E+00  0.744230E+00  0.278763E-01
 0.215123E+00  0.715469E+00  0.276451E-01
 0.215584E+00  0.753058E+00  0.289384E-01
 0.216045E+00  0.756904E+00  0.291704E-01
 0.216507E+00  0.704896E+00  0.292860E-01
 0.216968E+00  0.737042E+00  0.280843E-01
 0.217429E+00  0.726959E+00  0.265291E-01
 0.217890E+00  0.647244E+00  0.277774E-01
 0.218351E+00  0.733224E+00  0.286488E-01
 0.218812E+00  0.681409E+00  0.275920E-01
 0.219273E+00  0.730536E+00  0.291128E-01
 0.219734E+00  0.702402E+00  0.275146E-01
 0.220195E+00  0.714478E+00  0.277256E-01
 0.220656E+00  0.754038E+00  0.291145E-01
 0.221118E+00  0.685223E+00  0.353661E-01
 0.221579E+00  0.710263E+00  0.482125E-01
 0.222040E+00  0.698986E+00  0.277479E-01
 0.222501E+00  0.701354E+00  0.526989E-01
 0.222962E+00  0.704381E+00  0.993515E-01
 0.223423E+00  0.715243E+00  0.250637E-01
 0.223884E+00  0.671904E+00  0.284894E-01
 0.224345E+00  0.714514E+00  0.270884E-01
 0.224806E+00  0.719678E+00  0.282109E-01
 0.225267E+00  0.684184E+00  0.266606E-01
 0.225728E+00  0.695995E+00  0.274743E-01
 0.226190E+00  0.619469E+00  0.272152E-01
 0.226651E+00  0.683449E+00  0.273805E-01
 0.227112E+00  0.683137E+00  0.265955E-01
 0.227573E+00  0.625229E+00  0.275984E-01
 0.228034E+00  0.656405E+00  0.284777E-01
 0.228495E+00  0.642561E+00  0.275039E-01
 0.228956E+00  0.610301E+00  0.578400E-01
 0.229417E+00  0.603287E+00  0.366079E-01
 0.229878E+00  0.601746E+00  0.298631E-01
 0.230339E+00  0.593104E+00  0.591140E-01
 0.230801E+00  0.572929E+00  0.372236E-01
 0.231262E+00  0.570899E+00  0.272798E-01
 0.231723E+00  0.594507E+00  0.309151E-01
 0.232184E+00  0.550993E+00  0.269620E-01
 0.232645E+00  0.529801E+00  0.280508E-01
 0.233106E+00  0.606686E+00  0.246980E-01
 0.233567E+00  0.593181E+00  0.262619E-01
 0.234028E+00  0.573693E+00  0.255260E-01
 0.234489E+00  0.574782E+00  0.272381E-01
 0.234950E+00  0.525339E+00  0.281501E-01
 0.235411E+00  0.590471E+00  0.267954E-01
 0.235873E+00  0.552950E+00  0.248714E-01
 0.236334E+00  0.559575E+00  0.255495E-01
 0.236795E+00  0.539486E+00  0.270738E-01
 0.237256E+00  0.595737E+00  0.264113E-01
 0.237717E+00  0.537318E+00  0.276967E-01
 0.238178E+00  0.575520E+00  0.250033E-01
 0.238639E+00  0.618928E+00  0.289371E-01
 0.239100E+00  0.557384E+00  0.247627E-01
 0.239561E+00  0.536291E+00  0.271019E-01
 0.240022E+00  0.558274E+00  0.244006E-01
 0.240483E+00  0.545247E+00  0.291018E-01
 0.240944E+00  0.569191E+00  0.269888E-01
 0.241406E+00  0.537137E+00  0.248080E-01
 0.241867E+00  0.543997E+00  0.282376E-01
 0.242328E+00  0.529638E+00  0.250113E-01
 0.242789E+00  0.510698E+00  0.255694E-01
 0.243250E+00  0.548412E+00  0.245344E-01
 0.243711E+00  0.548976E+00  0.243264E-01
 0.244172E+00  0.520856E+00  0.250329E-01
 0.244633E+00  0.516098E+00  0.272835E-01
 0.245094E+00  0.523359E+00  0.259352E-01
 0.245555E+00  0.500997E+00  0.238872E-01
 0.246016E+00  0.504099E+00  0.242278E-01
 0.246478E+00  0.492507E+00  0.267170E-01
 0.246939E+00  0.485078E+00  0.248494E-01
 0.247400E+00  0.486557E+00  0.293704E-01
 0.247861E+00  0.492985E+00  0.359041E-01
 0.248322E+00  0.479790E+00  0.403863E-01
 0.248783E+00  0.502197E+00  0.245681E-01
 0.249244E+00  0.481966E+00  0.252336E-01
 0.249705E+00  0.494542E+00  0.249342E-01
 0.250166E+00  0.466240E+00  0.248046E-01
 0.250627E+00  0.472541E+00  0.375245E-01
 0.251088E+00  0.525623E+00  0.264821E-01
 0.251549E+00  0.473356E+00  0.681514E-01
 0.252010E+00  0.478517E+00  0.230866E-01
 0.252472E+00  0.541353E+00  0.255207E-01
 0.252933E+00  0.516854E+00  0.521318E-01
 0.253394E+00  0.506957E+00  0.348394E-01
 0.253855E+00  0.463721E+00  0.262659E-01
 0.254316E+00  0.476598E+00  0.296355E-01
 0.254777E+00  0.478561E+00  0.382071E-01
 0.255238E+00  0.445883E+00  0.252806E-01
 0.255699E+00  0.445004E+00  0.262380E-01
 0.256160E+00  0.431450E+00  0.241811E-01
 0.256621E+00  0.459154E+00  0.251572E-01
 0.257082E+00  0.406220E+00  0.241565E-01
 0.257543E+00  0.453620E+00  0.256728E-01
 0.258004E+00  0.489166E+00  0.243864E-01
 0.258466E+00  0.403988E+00  0.260718E-01
 0.258927E+00  0.473737E+00  0.246445E-01
 0.259388E+00  0.477841E+00  0.241026E-01
 0.259849E+00  0.495072E+00  0.254269E-01
 0.260310E+00  0.458357E+00  0.248969E-01
 0.260771E+00  0.455159E+00  0.244271E-01
 0.261232E+00  0.486650E+00  0.238730E-01
 0.261693E+00  0.433871E+00  0.257456E-01
 0.262154E+00  0.429592E+00  0.276715E-01
 0.262615E+00  0.439388E+00  0.253973E-01
 0.263076E+00  0.464471E+00  0.264551E-01
 0.263537E+00  0.404740E+00  0.305582E-01
 0.263998E+00  0.408595E+00  0.235970E-01
 0.264460E+00  0.393782E+00  0.268534E-01
 0.264921E+00  0.393036E+00  0.244629E-01
 0.265382E+00  0.408076E+00  0.256516E-01
 0.265843E+00  0.436084E+00  0.329756E-01
 0.266304E+00  0.397988E+00  0.256404E-01
 0.266765E+00  0.366851E+00  0.244430E-01
 0.267226E+00  0.402805E+00  0.375579E-01
 0.267687E+00  0.393791E+00  0.258167E-01
 0.268148E+00  0.426409E+00  0.281589E-01
 0.268609E+00  0.405933E+00  0.311236E-01
 0.269070E+00  0.386851E+00  0.236321E-01
 0.269531E+00  0.400624E+00  0.251711E-01
 0.269992E+00  0.365772E+00  0.248296E-01
 0.270453E+00  0.380850E+00  0.246907E-01
 0.270914E+00  0.377863E+00  0.227356E-01
 0.271376E+00  0.395731E+00  0.266256E-01
 0.271837E+00  0.390679E+00  0.240131E-01
 0.272298E+00  0.355640E+00  0.248424E-01
 0.272759E+00  0.412241E+00  0.229161E-01
 0.273220E+00  0.373516E+00  0.233153E-01
 0.273681E+00  0.341929E+00  0.228520E-01
 0.274142E+00  0.398892E+00  0.240380E-01
 0.274603E+00  0.406869E+00  0.231789E-01
 0.275064E+00  0.386765E+00  0.243690E-01
 0.275525E+00  0.398836E+00  0.237651E-01
 0.275986E+00  0.421790E+00  0.237813E-01
 0.276447E+00  0.436226E+00  0.249286E-01
 0.276908E+00  0.404946E+00  0.233675E-01
 0.277369E+00  0.391560E+00  0.272264E-01
 0.277830E+00  0.414938E+00  0.259564E-01
 0.278291E+00  0.450457E+00  0.295154E-01
 0.278753E+00  0.373097E+00  0.532824E-01
 0.279214E+00  0.372597E+00  0.236833E-01
 0.279675E+00  0.418821E+00  0.286489E-01
 0.280136E+00  0.351734E+00  0.121491E+00
 0.280597E+00  0.354873E+00  0.211826E-01
 0.281058E+00  0.395470E+00  0.241968E-01
 0.281519E+00  0.396707E+00  0.229775E-01
 0.281980E+00  0.359040E+00  0.225995E-01
 0.282441E+00  0.393120E+00  0.268504E-01
 0.282902E+00  0.392829E+00  0.235692E-01
 0.283363E+00  0.354509E+00  0.247521E-01
 0.283824E+00  0.362653E+00  0.412448E-01
 0.284285E+00  0.380565E+00  0.295954E-01
 0.284746E+00  0.327298E+00  0.521513E-01
 0.285207E+00  0.432862E+00  0.755935E-01
 0.285668E+00  0.383721E+00  0.225079E-01
 0.286129E+00  0.376978E+00  0.755275E-01
 0.286591E+00  0.412179E+00  0.285348E-01
 0.287052E+00  0.382634E+00  0.240308E-01
 0.287513E+00  0.373881E+00  0.290377E-01
 0.287974E+00  0.434789E+00  0.282766E-01
 0.288435E+00  0.388830E+00  0.204642E-01
 0.288896E+00  0.346533E+00  0.262014E-01
 0.289357E+00  0.327058E+00  0.301792E-01
 0.289818E+00  0.393763E+00  0.218142E-01
 0.290279E+00  0.333493E+00  0.254404E-01
 0.290740E+00  0.330728E+00  0.231330E-01
 0.291201E+00  0.362366E+00  0.241626E-01
 0.291662E+00  0.373499E+00  0.239763E-01
 0.292123E+00  0.405527E+00  0.263185E-01
 0.292584E+00  0.377377E+00  0.211043E-01
 0.293045E+00  0.387733E+00  0.228904E-01
 0.293506E+00  0.416488E+00  0.230273E-01
 0.293967E+00  0.371768E+00  0.219613E-01
 0.294428E+00  0.377761E+00  0.212895E-01
 0.294889E+00  0.429323E+00  0.237243E-01
 0.295350E+00  0.397712E+00  0.216333E-01
 0.295812E+00  0.401059E+00  0.228596E-01
 0.296273E+00  0.373256E+00  0.229601E-01
 0.296734E+00  0.422708E+00  0.223141E-01
 0.297195E+00  0.403704E+00  0.219496E-01
 0.297656E+00  0.403334E+00  0.224856E-01
 0.298117E+00  0.321741E+00  0.290192E-01
 0.298578E+00  0.391033E+00  0.226707E-01
 0.299039E+00  0.365135E+00  0.232304E-01
 0.299500E+00  0.362784E+00  0.209325E-01
 0.299961E+00  0.353792E+00  0.226929E-01
 0.300422E+00  0.390335E+00  0.221833E-01
 0.300883E+00  0.415309E+00  0.226389E-01
 0.301344E+00  0.383949E+00  0.208955E-01
 0.301805E+00  0.410396E+00  0.215138E-01
 0.302266E+00  0.382280E+00  0.228346E-01
 0.302727E+00  0.352406E+00  0.215341E-01
 0.303188E+00  0.403860E+00  0.229906E-01
 0.303649E+00  0.377688E+00  0.233791E-01
 0.304110E+00  0.399045E+00  0.216145E-01
 0.304571E+00  0.426236E+00  0.225470E-01
 0.305032E+00  0.397220E+00  0.222939E-01
 0.305493E+00  0.419247E+00  0.218625E-01
 0.305954E+00  0.431860E+00  0.228671E-01
 0.306416E+00  0.414766E+00  0.212061E-01
 0.306877E+00  0.431816E+00  0.215165E-01
 0.307338E+00  0.385508E+00  0.244036E-01
 0.307799E+00  0.448690E+00  0.217446E-01
 0.308260E+00  0.433925E+00  0.219150E-01
 0.308721E+00  0.428399E+00  0.216701E-01
 0.309182E+00  0.452571E+00  0.215797E-01
 0.309643E+00  0.463655E+00  0.489443E-01
 0.310104E+00  0.475566E+00  0.372040E-01
 0.310565E+00  0.454098E+00  0.215645E-01
 0.311026E+00  0.417069E+00  0.231196E-01
 0.311487E+00  0.454150E+00  0.314155E-01
 0.311948E+00  0.399913E+00  0.356296E-01
 0.312409E+00  0.480593E+00  0.202966E-01
 0.312870E+00  0.481981E+00  0.324020E-01
 0.313331E+00  0.428650E+00  0.347709E-01
 0.313792E+00  0.450281E+00  0.200840E-01
 0.314253E+00  0.441377E+00  0.213023E-01
 0.314714E+00  0.441701E+00  0.205943E-01
 0.315175E+00  0.415418E+00  0.219545E-01
 0.315636E+00  0.432233E+00  0.215034E-01
 0.316097E+00  0.458592E+00  0.209206E-01
 0.316558E+00  0.436548E+00  0.324979E-01
 0.317019E+00  0.403248E+00  0.227805E-01
 0.317480E+00  0.494606E+00  0.220863E-01
 0.317941E+00  0.474236E+00  0.333205E-01
 0.318402E+00  0.441061E+00  0.378905E-01
 0.318863E+00  0.474273E+00  0.364868E-01
 0.319324E+00  0.445026E+00  0.465821E-01
 0.319785E+00  0.491843E+00  0.407740E-01
 0.320247E+00  0.452774E+00  0.332626E-01
 0.320708E+00  0.448151E+00  0.308742E-01
 0.321169E+00  0.441667E+00  0.261831E-01
 0.321630E+00  0.437955E+00  0.186011E-01
 0.322091E+00  0.481095E+00  0.224357E-01
 0.322552E+00  0.405416E+00  0.272543E-01
 0.323013E+00  0.433735E+00  0.198831E-01
 0.323474E+00  0.463901E+00  0.450318E-01
 0.323935E+00  0.459388E+00  0.218321E-01
 0.324396E+00  0.470645E+00  0.219543E-01
 0.324857E+00  0.469159E+00  0.211948E-01
 0.325318E+00  0.491690E+00  0.324330E-01
 0.325779E+00  0.503473E+00  0.241032E-01
 0.326240E+00  0.488076E+00  0.204010E-01
 0.326701E+00  0.493195E+00  0.819425E-01
 0.327162E+00  0.515192E+00  0.204910E-01
 0.327623E+00  0.522697E+00  0.191728E-01
 0.328084E+00  0.526484E+00  0.204670E-01
 0.328545E+00  0.497667E+00  0.202358E-01
 0.329006E+00  0.502221E+00  0.186506E-01
 0.329467E+00  0.513777E+00  0.204616E-01
 0.329928E+00  0.520344E+00  0.211643E-01
 0.330389E+00  0.506215E+00  0.205655E-01
 0.330850E+00  0.493029E+00  0.219023E-01
 0.331311E+00  0.482626E+00  0.205027E-01
 0.331772E+00  0.504659E+00  0.329078E-01
 0.332233E+00  0.488492E+00  0.196849E-01
 0.332694E+00  0.530550E+00  0.207038E-01
 0.333155E+00  0.493945E+00  0.208700E-01
 0.333616E+00  0.520796E+00  0.206817E-01
 0.334077E+00  0.500754E+00  0.247202E-01
 0.334538E+00  0.523000E+00  0.305001E-01
 0.334999E+00  0.504261E+00  0.393681E-01
 0.335460E+00  0.496098E+00  0.197134E-01
 0.335921E+00  0.497508E+00  0.276236E-01
 0.336382E+00  0.514288E+00  0.204041E-01
 0.336843E+00  0.491043E+00  0.203030E-01
 0.337304E+00  0.494186E+00  0.196189E-01
 0.337765E+00  0.508883E+00  0.202429E-01
 0.338226E+00  0.527118E+00  0.191958E-01
 0.338687E+00  0.495133E+00  0.197798E-01
 0.339148E+00  0.527395E+00  0.202723E-01
 0.339609E+00  0.503389E+00  0.198855E-01
 0.340070E+00  0.525250E+00  0.186746E-01
 0.340531E+00  0.505580E+00  0.202126E-01
 0.340992E+00  0.533912E+00  0.172462E-01
 0.341453E+00  0.518830E+00  0.190024E-01
 0.341914E+00  0.483148E+00  0.188329E-01
 0.342375E+00  0.504593E+00  0.187558E-01
 0.342836E+00  0.511608E+00  0.184396E-01
 0.343297E+00  0.510042E+00  0.175570E-01
