0.004043 682.14700000 660.10421176
0.004104 660.71400000 644.91667267
0.004165 644.19200000 630.04244172
0.004226 628.28200000 615.35386961
0.004287 616.13100000 600.83363400
0.004347 603.61200000 586.60228653
0.0044080000000000005 580.96200000 572.50453836
0.004469 570.60000000 558.73990528
0.00453 551.08500000 545.16928695
0.004591 538.58100000 531.80049602
0.004651000000000001 524.72300000 518.77533847
0.004712 507.78800000 505.89605162
0.004773 492.26300000 493.34751262
0.004834 475.05500000 481.03260086
0.004895 463.33400000 468.90431443
0.004954999999999999 455.32800000 457.16192965
0.0050160000000000005 442.80800000 445.57078824
0.005077 435.51500000 434.29247566
0.005138 425.61900000 423.27909262
0.0051990000000000005 414.38700000 412.42691010
0.005259 402.20400000 401.99086109
0.00532 391.38700000 391.70505484
0.0053809999999999995 379.69500000 381.70150884
0.005442000000000001 369.69400000 371.98595354
0.005503 361.17000000 362.41896847
0.005563 351.39600000 353.24741568
0.005624 340.74500000 344.23791686
0.005685 329.14100000 335.47350794
0.005745999999999999 320.84300000 327.00918303
0.005807 310.11100000 318.68547767
0.005867 305.55600000 310.70946345
0.005928 295.73100000 302.90972285
0.0059889999999999995 294.60800000 295.31375956
0.00605 286.27100000 288.02062932
0.006111 279.27500000 280.85682907
0.006171 270.72500000 273.98873127
0.006232 264.36000000 267.30406615
0.006293 257.60200000 260.78232572
0.006354 251.25200000 254.55538669
0.006415 244.45200000 248.44394479
0.006475 238.98800000 242.57660370
0.006536 232.94800000 236.89234912
0.006597 229.47400000 231.33251244
0.006658 222.69200000 226.05222016
0.006719 216.17200000 220.87226100
0.006779 211.37900000 215.88702054
0.006840000000000001 206.63100000 211.07839554
0.006901 204.01300000 206.36443716
0.006962 201.03000000 201.89937739
0.007023 197.06700000 197.52342103
0.007083000000000001 192.63500000 193.29807310
0.007144 188.34100000 189.23725331
0.0072050000000000005 184.13800000 185.25578803
0.007266 180.63100000 181.48144873
0.007327 176.05300000 177.78337693
0.007387 172.46300000 174.19793620
0.007448000000000001 167.84500000 170.76142293
0.007509 164.58100000 167.38984584
0.00757 160.83900000 164.16794159
0.007631000000000001 158.50400000 161.02872308
0.007691000000000001 156.05400000 157.97110943
0.007752 152.98100000 155.04441674
0.007813 151.72300000 152.16965581
0.007874 148.63200000 149.40653512
0.007935000000000001 145.95100000 146.71845328
0.007994999999999999 144.29100000 144.08719276
0.008056 140.93700000 141.56881419
0.008117000000000001 138.06600000 139.09116543
0.008178000000000001 135.42300000 136.69465067
0.008239 134.70800000 134.36424541
0.008298999999999999 133.87100000 132.07186169
0.00836 131.38600000 129.87460975
0.008421 128.75700000 127.70889861
0.008482 124.24300000 125.60116783
0.008543 123.04300000 123.55054368
0.008603 121.18000000 121.52851265
0.008664 120.45700000 119.57731082
0.008725 117.88800000 117.65447330
0.008785999999999999 115.96900000 115.77225347
0.008846999999999999 114.44600000 113.93887443
0.008907 113.83100000 112.12753738
0.008968 112.10200000 110.36786230
0.009028999999999999 111.00200000 108.63402285
0.009089999999999999 108.92700000 106.92851352
0.009151 105.79600000 105.26476944
0.009211 103.74700000 103.61823779
0.009271999999999999 101.56000000 102.00981069
0.009333 100.76700000 100.43128011
0.009394 99.40760000 98.86598088
0.009455 97.98950000 97.33730993
0.009515 97.54700000 95.82251004
0.009576 95.77300000 94.33634104
0.009637 93.82140000 92.87222662
0.009698 92.55900000 91.42229868
0.009759 90.53590000 90.00550656
0.009819 89.09370000 88.60047566
0.00988 87.79590000 87.21788869
0.009941 86.00230000 85.85639898
0.010002 85.03740000 84.50600000
0.010062999999999999 83.88750000 83.18517600
0.010123 83.37130000 81.87579094
0.010184 81.23810000 80.58468863
0.010245 79.96590000 79.31483656
0.010306 78.39040000 78.05515215
0.010367 77.14190000 76.82113235
0.010427 75.42200000 75.59981562
0.010488 73.46940000 74.39398364
0.010549 73.09300000 73.20992980
0.01061 71.25170000 72.03557075
0.010671 71.22680000 70.88437120
0.010731000000000001 69.78540000 69.74710691
0.010792 69.06560000 68.62289026
0.010853 66.54800000 67.52213918
0.010914 66.59400000 66.43093886
0.010975 65.45760000 65.36050486
0.011035 63.77700000 64.30566735
0.011096 63.11070000 63.26621001
0.011157 62.82640000 62.24735511
0.011218 61.35100000 61.23793031
0.011279 61.01690000 60.24728286
0.011339 59.85200000 59.27387476
0.0114 59.11220000 58.30991623
0.011461 58.23250000 57.37203835
0.011522000000000001 57.05910000 56.44352843
0.011583 56.20340000 55.53177770
0.011643 54.78340000 54.63862074
0.011704 53.99400000 53.75466821
0.011765000000000001 53.48410000 52.89429622
0.011826 53.20140000 52.04473258
0.011887 51.94230000 51.20983144
0.011947000000000001 50.84850000 50.39435800
0.012008000000000001 49.70080000 49.58773505
0.012069 48.82440000 48.80265424
0.01213 47.91700000 48.02934687
0.012191 46.49940000 47.26828704
0.012251 45.84100000 46.52731052
0.012312 45.55300000 45.79463934
0.012373 44.48330000 45.08042226
0.012434 43.77990000 44.37877610
0.012495000000000001 43.37910000 43.68717180
0.012555 43.24640000 43.01867108
0.012615999999999999 41.99680000 42.35491688
0.012676999999999999 41.68040000 41.70672026
0.012738 40.44340000 41.07137796
0.012799 39.74930000 40.44385707
0.012859 38.88410000 39.83600816
0.012920000000000001 38.52100000 39.23501781
0.012981000000000001 38.26540000 38.64688059
0.013042000000000002 37.37770000 38.07143716
0.013103 37.14400000 37.50252481
0.013163 36.46390000 36.95065114
0.013224 36.67940000 36.40560059
0.013285 35.77650000 35.87086932
0.013346 35.22470000 35.34837076
0.013406999999999999 34.79880000 34.83156308
0.013467000000000002 34.26460000 34.32858896
0.013528000000000002 33.93680000 33.83245321
0.013589 33.24640000 33.34422279
0.01365 33.22510000 32.86744163
0.013711000000000001 32.72260000 32.39549914
0.013771 32.24060000 31.93449515
0.013832 31.86060000 31.48018083
0.013892999999999999 31.28280000 31.03384400
0.013954 31.16380000 30.59594212
0.014015 30.23540000 30.16209802
0.014074999999999999 29.75130000 29.73677024
0.014136000000000001 29.32930000 29.31770772
0.014197000000000001 29.12860000 28.90290280
0.014258000000000002 28.10850000 28.49757338
0.014319000000000002 28.01270000 28.09557474
0.014379 27.80610000 27.70001722
0.01444 27.70250000 27.31036760
0.014501 26.94200000 26.92388342
0.014562 26.83280000 26.54565206
0.014623 26.14950000 26.17031434
0.014682999999999998 25.96820000 25.79986766
0.014743999999999998 25.36210000 25.43482978
0.014804999999999999 25.15480000 25.07239441
0.014865999999999999 24.74310000 24.71633324
0.014927000000000001 23.95570000 24.36321685
0.014987 23.31660000 24.01388663
0.015048 23.15460000 23.67111440
0.015109000000000001 22.93240000 23.32904298
0.01517 23.11950000 22.99228397
0.015231 22.43270000 22.65839972
0.015290999999999999 22.18080000 22.32735265
0.015352 22.01060000 22.00114142
0.015413 21.60140000 21.67690432
0.015473999999999998 21.30150000 21.35699653
0.015534999999999998 20.51290000 21.04010029
0.015595000000000001 20.40570000 20.72548446
0.015656 20.11920000 20.41583153
0.015717000000000002 19.96270000 20.10797897
0.015778 19.91990000 19.80371844
0.015839 19.65580000 19.50275948
0.015899 19.16420000 19.20369935
0.01596 18.68670000 18.90966531
0.016021 18.29350000 18.61747891
0.016082 17.71620000 18.32869929
0.016142999999999998 17.55800000 18.04344530
0.016203000000000002 17.43560000 17.76109447
0.016264 17.07090000 17.48242946
0.016325 17.19080000 17.20594898
0.016386 16.64740000 16.93259675
0.016447 16.31300000 16.66323511
0.016507 15.72330000 16.39575166
0.016568 15.57360000 16.13304648
0.016628999999999998 15.56130000 15.87287590
0.01669 15.26030000 15.61548466
0.016751 14.97460000 15.36267045
0.016811 14.93800000 15.11186065
0.016872 14.47190000 14.86573844
0.016933 14.08400000 14.62266680
0.016994000000000002 13.69030000 14.38216504
0.017055 13.12590000 14.14686212
0.017115 13.33170000 13.91364801
0.017176 13.58430000 13.68485142
0.017237 13.05330000 13.46051670
0.017298 12.61700000 13.23768064
0.017359 12.69280000 13.02074248
0.017419 12.54030000 12.80596648
0.017480000000000002 12.66140000 12.59533208
0.017541 12.56440000 12.38878107
0.017602 12.01240000 12.18439001
0.017663 12.13660000 11.98615981
0.017723 12.17240000 11.79029845
0.017784 11.36380000 11.59822317
0.017845 10.79850000 11.41087489
0.017906 10.66540000 11.22577902
0.017967 10.76810000 11.04630373
0.018027 10.85080000 10.86973076
0.018088 10.78010000 10.69669565
0.018149000000000002 10.51200000 10.52847757
0.01821 10.26230000 10.36306134
0.018271000000000003 9.96139000 10.20233558
0.018331 9.77005000 10.04477040
0.018392 9.76155000 9.89016449
0.018453 9.67855000 9.74089276
0.018514 9.76920000 9.59375458
0.018575 9.62890000 9.45120916
0.018635 9.11977000 9.31213784
0.018695999999999997 9.22452000 9.17555923
0.018757 9.03308000 9.04432624
0.018817999999999998 8.58357000 8.91514859
0.018879 8.33714000 8.79007518
0.018939 8.31769000 8.66844387
0.019 8.51735000 8.54870085
0.019061 8.38003000 8.43463288
0.019122 8.28725000 8.32233620
0.019183 8.22991000 8.21367917
0.019243 7.86353000 8.10830615
0.019303999999999998 8.24202000 8.00476573
0.019365 7.80189000 7.90559271
0.019426 7.78413000 7.80844832
0.019486999999999997 7.71753000 7.71405597
0.019547000000000002 7.54726000 7.62315972
0.019608 7.12076000 7.53383743
0.019669 7.10700000 7.44827159
0.01973 7.12546000 7.36468437
0.019791 7.46068000 7.28315545
0.019851 7.33093000 7.20503656
0.019912 7.12251000 7.12826264
0.019972999999999998 7.01601000 7.05436228
0.020034 6.85238000 6.98282812
0.020095 6.73020000 6.91249587
0.020155 6.62477000 6.84516051
0.020216 6.59115000 6.77896629
0.020277 6.39508000 6.71510952
0.020338000000000002 6.25792000 6.65302635
0.020399 6.24353000 6.59202235
0.020458999999999998 6.25279000 6.53372304
0.02052 6.19582000 6.47630661
0.020581 6.27403000 6.42053655
0.020642 6.26685000 6.36646883
0.020703 6.46327000 6.31326443
0.020763 6.25069000 6.26206392
0.020824000000000002 6.35593000 6.21175249
0.020885 6.42507000 6.16309983
0.020946 6.04304000 6.11538194
0.021007 6.15865000 6.06827174
0.021067 5.86193000 6.02278216
0.021128 5.88990000 5.97800980
0.021189 5.91846000 5.93406655
0.021249999999999998 6.16367000 5.89129532
0.021311 6.27101000 5.84901628
0.021371 5.71090000 5.80784217
0.021432 5.50755000 5.76735477
0.021493 5.42114000 5.72747730
0.021554 5.55580000 5.68846552
0.021615000000000002 5.47005000 5.64981439
0.021675 5.43827000 5.61194812
0.021736 5.34091000 5.57489548
0.021797 5.40842000 5.53795198
0.021858 5.69704000 5.50171775
0.021919 5.55546000 5.46575369
0.021979000000000002 5.34940000 5.43031907
0.02204 5.31640000 5.39537826
0.022101000000000003 5.30486000 5.36070081
0.022162 5.18441000 5.32664091
0.022223 5.10596000 5.29276062
0.022283 5.09485000 5.25918391
0.022344 5.19452000 5.22597922
0.022405 5.34788000 5.19296409
0.022466 5.35673000 5.16050516
0.022527 5.36777000 5.12841094
0.022587 5.43399000 5.09625695
0.022647999999999998 5.44784000 5.06451882
0.022709 5.32040000 5.03293884
0.022770000000000002 5.28601000 5.00164337
0.022831 5.25978000 4.97051667
0.022891 5.19034000 4.93955652
0.022952 5.44688000 4.90897131
0.023013 5.39922000 4.87850563
0.023074 5.11992000 4.84825233
0.023135 5.10273000 4.81819281
0.023195 4.68540000 4.78828002
0.023256 4.73824000 4.75887147
0.023316999999999997 4.74280000 4.72937294
0.023378 4.83530000 4.70010874
0.023438999999999998 5.04536000 4.67099111
0.023499 4.91060000 4.64195778
0.02356 4.85820000 4.61330936
0.023621 4.92073000 4.58475445
0.023682 5.01795000 4.55636950
0.023743 4.95570000 4.52823845
0.023802999999999998 4.92843000 4.50022836
0.023864 4.59470000 4.47242906
0.023925 4.50360000 4.44477862
0.023986 4.67671000 4.41752259
0.024047 4.40427000 4.39037374
0.024107 4.47279000 4.36334950
0.024168000000000002 4.34695000 4.33658645
0.024229 4.66051000 4.30996124
0.02429 4.22616000 4.28348720
0.024351 4.60213000 4.25731666
0.024411 4.37329000 4.23126005
0.024472 4.43228000 4.20543209
0.024533 4.17557000 4.17981328
0.024593999999999998 4.67051000 4.15437067
0.024655 4.57103000 4.12925848
0.024715 4.40882000 4.10443679
0.024776 4.33874000 4.07972119
0.024837 4.29606000 4.05520673
0.024898 4.21098000 4.03082165
0.024959000000000002 4.01659000 4.00683045
0.025019000000000003 3.74468000 3.98295790
0.02508 4.18163000 3.95930698
0.025141000000000004 3.86128000 3.93599721
0.025202000000000002 3.95337000 3.91286185
0.025263 3.74482000 3.89004268
0.025323000000000002 3.82663000 3.86739908
0.025384 3.41217000 3.84503610
0.025445000000000002 3.79632000 3.82311535
0.025506 3.71541000 3.80119295
0.025567 3.42129000 3.77967619
0.025627 3.62594000 3.75835929
0.025688 3.46066000 3.73728603
0.025749 3.82544000 3.71661787
0.02581 3.52645000 3.69612085
0.025870999999999998 3.74655000 3.67600676
0.025931 3.90845000 3.65615929
0.025991999999999998 4.01526000 3.63656146
0.026053 3.51717000 3.61734682
0.026114 3.59819000 3.59846551
0.026174999999999997 3.13553000 3.57993358
0.026235 3.21609000 3.56163272
0.026296000000000003 3.39943000 3.54349766
0.026357000000000002 3.28398000 3.52595947
0.026418000000000004 3.44284000 3.50862548
0.026479000000000003 3.33423000 3.49168864
0.026539 3.26059000 3.47511211
0.026600000000000002 3.31567000 3.45873332
0.026661 3.37259000 3.44297177
0.026722000000000003 3.10931000 3.42755757
0.026783 3.19578000 3.41241559
0.026843 3.16446000 3.39767579
0.026904 3.10474000 3.38314428
0.026965 3.30912000 3.36924696
0.027026 3.34043000 3.35559542
0.027087 3.43730000 3.34227730
0.027146999999999998 3.28954000 3.32955451
0.027208 3.29658000 3.31707803
0.027268999999999998 3.38676000 3.30510192
0.02733 3.55857000 3.29339996
0.027391 3.28820000 3.28209919
0.027450999999999996 3.43306000 3.27135954
0.027511999999999998 3.07957000 3.26085517
0.027572999999999997 3.42635000 3.25079428
0.027634 3.01938000 3.24115534
0.027694999999999997 3.03776000 3.23185347
0.027755000000000002 3.24803000 3.22313160
0.027816 3.27264000 3.21463825
0.027877000000000002 3.16578000 3.20661840
0.027938 3.33596000 3.19901758
0.027999000000000003 3.38738000 3.19178148
0.028059 2.96983000 3.18502956
0.02812 3.23832000 3.17853002
0.028181 3.13672000 3.17250956
0.028242 3.24636000 3.16686815
0.028303000000000002 3.27289000 3.16142583
0.028363 3.33244000 3.15658329
0.028423999999999998 3.25841000 3.15198823
0.028485 3.31586000 3.14776746
0.028546 3.12571000 3.14393812
0.028607 3.31419000 3.14029855
0.028666999999999998 3.54729000 3.13726957
0.028727999999999997 3.33575000 3.13438494
0.028789 3.27926000 3.13178888
0.028849999999999997 3.28573000 3.12961152
0.028911 3.28102000 3.12760576
0.028971000000000004 3.01021000 3.12597466
0.029032000000000002 2.83577000 3.12459598
0.029093 3.14480000 3.12344150
0.029154000000000003 2.89058000 3.12266785
0.029215 2.95505000 3.12213500
0.029275000000000002 2.89468000 3.12178536
0.029336 2.88796000 3.12161879
0.029397 3.11437000 3.12157661
0.029458 3.31096000 3.12191903
0.029519 3.05393000 3.12235606
0.029579 2.66712000 3.12296247
0.02964 2.97236000 3.12373024
0.029700999999999998 2.80286000 3.12458492
0.029762 2.93920000 3.12569223
0.029823 3.19002000 3.12697509
0.029883 3.26018000 3.12828235
0.029944 2.85523000 3.12966373
0.030004999999999997 2.82923000 3.13108679
0.030066 2.66129000 3.13266422
0.030126999999999998 2.52464000 3.13427309
0.030187000000000002 2.73883000 3.13592239
0.030248000000000004 2.95144000 3.13762819
0.030309000000000003 2.81843000 3.13935436
0.03037 2.89802000 3.14111272
0.030431000000000003 3.10962000 3.14293763
0.030491 2.87803000 3.14462771
0.030552000000000003 2.96920000 3.14630098
0.030613 3.03921000 3.14797026
0.030674 2.95721000 3.14963506
0.030735000000000002 3.15514000 3.15121447
0.030795 3.25159000 3.15272922
0.030856 3.21298000 3.15418208
0.030917 3.43961000 3.15558262
0.030978 3.16658000 3.15696251
0.031039 3.09351000 3.15816113
0.031098999999999998 3.09516000 3.15931363
0.03116 3.12423000 3.16025616
0.031221 3.10435000 3.16114016
0.031282 3.15504000 3.16191720
0.031342999999999996 3.01771000 3.16254125
0.031403 2.90993000 3.16308661
0.031464 2.75335000 3.16340720
0.031525 2.79711000 3.16374067
0.031585999999999996 2.86170000 3.16384604
0.031646999999999995 2.80826000 3.16378444
0.031707 3.12428000 3.16363245
0.031768000000000005 3.12462000 3.16319525
0.031829 3.54609000 3.16269635
0.03189 3.19233000 3.16212979
0.031951 3.17518000 3.16128699
0.032011 3.20244000 3.16034434
0.032072 2.86155000 3.15931123
0.032133 3.21066000 3.15805332
0.032194 3.25123000 3.15669103
0.032255 3.17140000 3.15506690
0.032314999999999997 3.29771000 3.15335584
0.032376 3.01896000 3.15147612
0.032437 3.31333000 3.14945338
0.032498 3.02666000 3.14733866
0.032559 3.14141000 3.14498440
0.032618999999999995 2.80845000 3.14266623
0.03268 3.39942000 3.14012675
0.032741 2.64942000 3.13747349
