 Merge of: pk_114.0051. Merge02.dat                                                                                                                                                                                                                             
pk_114.0051.  Conc = .10E+01  Mult = .10E+01  N1 =   70  N2 =  605  SCALE =  1
Merge02.dat   Conc = .10E+01  Mult = .11E+02  N1 =    1  N2 =  100  SCALE =  1
 0.125430E-01  0.396763E+04  0.649067E+02
 0.131000E-01  0.383193E+04  0.123304E+03
 0.136580E-01  0.380240E+04  0.105595E+03
 0.142150E-01  0.401704E+04  0.124833E+03
 0.147720E-01  0.383829E+04  0.588784E+02
 0.153300E-01  0.364188E+04  0.965811E+02
 0.158870E-01  0.349654E+04  0.896353E+02
 0.164450E-01  0.366513E+04  0.692628E+02
 0.170020E-01  0.350041E+04  0.523777E+02
 0.175600E-01  0.345871E+04  0.688155E+02
 0.181170E-01  0.332777E+04  0.588968E+02
 0.186750E-01  0.331776E+04  0.518877E+02
 0.192320E-01  0.319348E+04  0.547365E+02
 0.197890E-01  0.321663E+04  0.470135E+02
 0.203470E-01  0.314570E+04  0.482061E+02
 0.209040E-01  0.298932E+04  0.425905E+02
 0.214620E-01  0.296644E+04  0.459177E+02
 0.220190E-01  0.279862E+04  0.457853E+02
 0.225770E-01  0.284405E+04  0.508739E+02
 0.231340E-01  0.272325E+04  0.484288E+02
 0.236920E-01  0.264630E+04  0.483403E+02
 0.242490E-01  0.261252E+04  0.421567E+02
 0.248070E-01  0.248548E+04  0.388754E+02
 0.253640E-01  0.244143E+04  0.385841E+02
 0.259210E-01  0.231980E+04  0.323969E+02
 0.264790E-01  0.228930E+04  0.383719E+02
 0.270360E-01  0.213810E+04  0.337578E+02
 0.275940E-01  0.212540E+04  0.351687E+02
 0.281510E-01  0.199621E+04  0.335304E+02
 0.287090E-01  0.196575E+04  0.339569E+02
 0.292660E-01  0.185744E+04  0.303345E+02
 0.298240E-01  0.188275E+04  0.315189E+02
 0.303810E-01  0.171617E+04  0.288394E+02
 0.309380E-01  0.170926E+04  0.255671E+02
 0.314960E-01  0.163483E+04  0.326913E+02
 0.320530E-01  0.157467E+04  0.283026E+02
 0.326110E-01  0.153046E+04  0.249565E+02
 0.331680E-01  0.143698E+04  0.242746E+02
 0.337260E-01  0.138429E+04  0.232315E+02
 0.342830E-01  0.132931E+04  0.161177E+02
 0.348410E-01  0.126642E+04  0.171049E+02
 0.353980E-01  0.119601E+04  0.158791E+02
 0.359550E-01  0.116187E+04  0.136575E+02
 0.365130E-01  0.111738E+04  0.140269E+02
 0.370700E-01  0.107922E+04  0.127017E+02
 0.376280E-01  0.101731E+04  0.129122E+02
 0.381850E-01  0.990254E+03  0.119132E+02
 0.387430E-01  0.912304E+03  0.142870E+02
 0.393000E-01  0.888675E+03  0.107696E+02
 0.398580E-01  0.831973E+03  0.116414E+02
 0.404150E-01  0.809999E+03  0.104389E+02
 0.409720E-01  0.766364E+03  0.114856E+02
 0.415300E-01  0.723369E+03  0.982797E+01
 0.420870E-01  0.706010E+03  0.102804E+02
 0.426450E-01  0.661676E+03  0.918324E+01
 0.432020E-01  0.622035E+03  0.965183E+01
 0.437600E-01  0.592361E+03  0.839643E+01
 0.443170E-01  0.569242E+03  0.948097E+01
 0.448750E-01  0.535376E+03  0.901208E+01
 0.454320E-01  0.514832E+03  0.879524E+01
 0.459890E-01  0.481941E+03  0.750679E+01
 0.465470E-01  0.456006E+03  0.670246E+01
 0.471040E-01  0.434792E+03  0.774854E+01
 0.476620E-01  0.419662E+03  0.655150E+01
 0.482190E-01  0.385506E+03  0.613622E+01
 0.487770E-01  0.379783E+03  0.601178E+01
 0.493340E-01  0.360474E+03  0.580037E+01
 0.498920E-01  0.332610E+03  0.474612E+01
 0.504490E-01  0.317599E+03  0.573529E+01
 0.510060E-01  0.303739E+03  0.475909E+01
 0.515640E-01  0.282530E+03  0.483804E+01
 0.521210E-01  0.268336E+03  0.436587E+01
 0.526790E-01  0.253747E+03  0.231727E+01
 0.532360E-01  0.233548E+03  0.232542E+01
 0.537940E-01  0.224389E+03  0.200866E+01
 0.543510E-01  0.212103E+03  0.214800E+01
 0.549090E-01  0.198918E+03  0.222997E+01
 0.554660E-01  0.192818E+03  0.210044E+01
 0.560230E-01  0.184068E+03  0.209574E+01
 0.565810E-01  0.174753E+03  0.540808E+01
 0.571380E-01  0.164070E+03  0.667517E+01
 0.576960E-01  0.154355E+03  0.220890E+01
 0.582530E-01  0.147049E+03  0.686409E+01
 0.588110E-01  0.142197E+03  0.470535E+01
 0.593680E-01  0.133096E+03  0.132367E+01
 0.599260E-01  0.125773E+03  0.143521E+01
 0.604830E-01  0.120549E+03  0.139973E+01
 0.610400E-01  0.118652E+03  0.126193E+01
 0.615980E-01  0.111700E+03  0.136493E+01
 0.621550E-01  0.106995E+03  0.129668E+01
 0.627130E-01  0.102302E+03  0.137747E+01
 0.632700E-01  0.970063E+02  0.119398E+01
 0.638280E-01  0.929363E+02  0.141426E+01
 0.643850E-01  0.914161E+02  0.117730E+01
 0.649430E-01  0.869031E+02  0.116302E+01
 0.655000E-01  0.864221E+02  0.117433E+01
 0.660570E-01  0.821927E+02  0.113570E+01
 0.666150E-01  0.809835E+02  0.113630E+01
 0.671720E-01  0.784728E+02  0.135501E+01
 0.677300E-01  0.762593E+02  0.112396E+01
 0.682870E-01  0.714159E+02  0.393222E+00
 0.688450E-01  0.693475E+02  0.392993E+00
 0.694020E-01  0.687083E+02  0.359274E+00
 0.699600E-01  0.669653E+02  0.388504E+00
 0.705170E-01  0.657923E+02  0.373292E+00
 0.710740E-01  0.647835E+02  0.353131E+00
 0.716320E-01  0.633217E+02  0.361957E+00
 0.721890E-01  0.620718E+02  0.338249E+00
 0.727470E-01  0.619476E+02  0.338667E+00
 0.733040E-01  0.613073E+02  0.320379E+00
 0.738620E-01  0.601678E+02  0.312735E+00
 0.744190E-01  0.596954E+02  0.298630E+00
 0.749760E-01  0.587406E+02  0.352106E+00
 0.755340E-01  0.579166E+02  0.304415E+00
 0.760910E-01  0.576680E+02  0.348551E+00
 0.766490E-01  0.567416E+02  0.294572E+00
 0.772060E-01  0.562552E+02  0.303261E+00
 0.777640E-01  0.558837E+02  0.273207E+00
 0.783210E-01  0.546690E+02  0.291057E+00
 0.788790E-01  0.545135E+02  0.291967E+00
 0.794360E-01  0.537889E+02  0.509330E+00
 0.799930E-01  0.529008E+02  0.518519E+00
 0.805510E-01  0.527872E+02  0.697629E+00
 0.811080E-01  0.514991E+02  0.463805E+00
 0.816660E-01  0.510180E+02  0.302485E+00
 0.822230E-01  0.501630E+02  0.295688E+00
 0.827810E-01  0.498419E+02  0.276945E+00
 0.833380E-01  0.487947E+02  0.279280E+00
 0.838950E-01  0.482466E+02  0.275211E+00
 0.844530E-01  0.473389E+02  0.299336E+00
 0.850100E-01  0.463444E+02  0.281939E+00
 0.855680E-01  0.456896E+02  0.296463E+00
 0.861250E-01  0.451371E+02  0.255397E+00
 0.866830E-01  0.442835E+02  0.305419E+00
 0.872400E-01  0.440553E+02  0.304634E+00
 0.877970E-01  0.434494E+02  0.470095E+00
 0.883550E-01  0.424295E+02  0.287798E+00
 0.889120E-01  0.420587E+02  0.343264E+00
 0.894700E-01  0.416271E+02  0.372694E+00
 0.900270E-01  0.413158E+02  0.277088E+00
 0.905850E-01  0.409216E+02  0.261276E+00
 0.911420E-01  0.400633E+02  0.235636E+00
 0.916990E-01  0.397634E+02  0.226448E+00
 0.922570E-01  0.386720E+02  0.308031E+00
 0.928140E-01  0.384990E+02  0.258615E+00
 0.933720E-01  0.382664E+02  0.241420E+00
 0.939290E-01  0.384085E+02  0.250857E+00
 0.944870E-01  0.380375E+02  0.224936E+00
 0.950440E-01  0.376046E+02  0.224268E+00
 0.956010E-01  0.371018E+02  0.208749E+00
 0.961590E-01  0.361885E+02  0.221932E+00
 0.967160E-01  0.358640E+02  0.241904E+00
 0.972740E-01  0.358680E+02  0.214141E+00
 0.978310E-01  0.352564E+02  0.244118E+00
 0.983890E-01  0.355365E+02  0.210877E+00
 0.989460E-01  0.351891E+02  0.227353E+00
 0.995030E-01  0.354481E+02  0.205473E+00
 0.100061E+00  0.345627E+02  0.256608E+00
 0.100618E+00  0.346798E+02  0.283564E+00
 0.101176E+00  0.342329E+02  0.327728E+00
 0.101733E+00  0.340917E+02  0.287385E+00
 0.102291E+00  0.341480E+02  0.240429E+00
 0.102848E+00  0.335893E+02  0.214651E+00
 0.103405E+00  0.329125E+02  0.201993E+00
 0.103963E+00  0.333106E+02  0.214160E+00
 0.104520E+00  0.326760E+02  0.201208E+00
 0.105078E+00  0.330551E+02  0.202733E+00
 0.105635E+00  0.327156E+02  0.221158E+00
 0.106193E+00  0.328664E+02  0.213204E+00
 0.106750E+00  0.324047E+02  0.209889E+00
 0.107307E+00  0.324866E+02  0.219990E+00
 0.107865E+00  0.316591E+02  0.208913E+00
 0.108422E+00  0.318829E+02  0.213770E+00
 0.108980E+00  0.311743E+02  0.223496E+00
 0.109537E+00  0.308514E+02  0.222295E+00
 0.110095E+00  0.309219E+02  0.194694E+00
 0.110652E+00  0.308808E+02  0.205959E+00
 0.111209E+00  0.301107E+02  0.206379E+00
 0.111767E+00  0.305365E+02  0.212294E+00
 0.112324E+00  0.298269E+02  0.200385E+00
 0.112882E+00  0.297091E+02  0.209282E+00
 0.113439E+00  0.295778E+02  0.214988E+00
 0.113997E+00  0.290464E+02  0.196616E+00
 0.114554E+00  0.288374E+02  0.212491E+00
 0.115111E+00  0.281746E+02  0.196897E+00
 0.115669E+00  0.277686E+02  0.214438E+00
 0.116226E+00  0.271628E+02  0.192403E+00
 0.116784E+00  0.270837E+02  0.201427E+00
 0.117341E+00  0.265398E+02  0.184903E+00
 0.117898E+00  0.261718E+02  0.218198E+00
 0.118456E+00  0.259283E+02  0.191898E+00
 0.119013E+00  0.253843E+02  0.204362E+00
 0.119571E+00  0.253541E+02  0.215867E+00
 0.120128E+00  0.243860E+02  0.186659E+00
 0.120686E+00  0.243563E+02  0.187570E+00
 0.121243E+00  0.235018E+02  0.187832E+00
 0.121800E+00  0.229148E+02  0.197566E+00
 0.122358E+00  0.226923E+02  0.183980E+00
 0.122915E+00  0.220109E+02  0.213699E+00
 0.123473E+00  0.221262E+02  0.193513E+00
 0.124030E+00  0.211163E+02  0.198175E+00
 0.124587E+00  0.210630E+02  0.218535E+00
 0.125145E+00  0.204623E+02  0.203365E+00
 0.125702E+00  0.202211E+02  0.192462E+00
 0.126260E+00  0.198076E+02  0.199979E+00
 0.126817E+00  0.190467E+02  0.201265E+00
 0.127375E+00  0.190362E+02  0.205597E+00
 0.127932E+00  0.183626E+02  0.194095E+00
 0.128489E+00  0.182772E+02  0.288452E+00
 0.129047E+00  0.175645E+02  0.196645E+00
 0.129604E+00  0.172328E+02  0.191363E+00
 0.130162E+00  0.169397E+02  0.178569E+00
 0.130719E+00  0.164391E+02  0.205304E+00
 0.131276E+00  0.163694E+02  0.196646E+00
 0.131834E+00  0.163017E+02  0.261310E+00
 0.132391E+00  0.157955E+02  0.183656E+00
 0.132949E+00  0.155978E+02  0.196017E+00
 0.133506E+00  0.151568E+02  0.182635E+00
 0.134063E+00  0.148934E+02  0.183385E+00
 0.134621E+00  0.147807E+02  0.218100E+00
 0.135178E+00  0.143874E+02  0.183388E+00
 0.135736E+00  0.142661E+02  0.183329E+00
 0.136293E+00  0.143262E+02  0.199370E+00
 0.136851E+00  0.136153E+02  0.172890E+00
 0.137408E+00  0.134292E+02  0.161377E+00
 0.137965E+00  0.130795E+02  0.199003E+00
 0.138523E+00  0.130681E+02  0.192963E+00
 0.139080E+00  0.127618E+02  0.182522E+00
 0.139638E+00  0.126309E+02  0.179236E+00
 0.140195E+00  0.121648E+02  0.176251E+00
 0.140752E+00  0.123419E+02  0.167409E+00
 0.141310E+00  0.118995E+02  0.177514E+00
 0.141867E+00  0.117621E+02  0.165407E+00
 0.142425E+00  0.116995E+02  0.180395E+00
 0.142982E+00  0.111614E+02  0.172908E+00
 0.143539E+00  0.111628E+02  0.173227E+00
 0.144097E+00  0.111745E+02  0.174902E+00
 0.144654E+00  0.106766E+02  0.172974E+00
 0.145212E+00  0.105750E+02  0.170069E+00
 0.145769E+00  0.105470E+02  0.168852E+00
 0.146326E+00  0.103259E+02  0.165581E+00
 0.146884E+00  0.100061E+02  0.162875E+00
 0.147441E+00  0.100497E+02  0.163849E+00
 0.147999E+00  0.986979E+01  0.165141E+00
 0.148556E+00  0.959341E+01  0.163802E+00
 0.149113E+00  0.957520E+01  0.166101E+00
 0.149671E+00  0.939852E+01  0.171050E+00
 0.150228E+00  0.927679E+01  0.194569E+00
 0.150786E+00  0.934423E+01  0.246674E+00
 0.151343E+00  0.912537E+01  0.160741E+00
 0.151900E+00  0.897880E+01  0.201181E+00
 0.152458E+00  0.884555E+01  0.163004E+00
 0.153015E+00  0.871324E+01  0.185375E+00
 0.153573E+00  0.847941E+01  0.160746E+00
 0.154130E+00  0.857925E+01  0.162540E+00
 0.154687E+00  0.847308E+01  0.158816E+00
 0.155245E+00  0.829527E+01  0.165746E+00
 0.155802E+00  0.841623E+01  0.207994E+00
 0.156360E+00  0.820319E+01  0.167464E+00
 0.156917E+00  0.808774E+01  0.287970E+00
 0.157474E+00  0.796223E+01  0.210805E+00
 0.158032E+00  0.811144E+01  0.318019E+00
 0.158589E+00  0.816612E+01  0.212715E+00
 0.159147E+00  0.796377E+01  0.349777E+00
 0.159704E+00  0.802350E+01  0.175321E+00
 0.160261E+00  0.777066E+01  0.155243E+00
 0.160819E+00  0.768272E+01  0.154642E+00
 0.161376E+00  0.724229E+01  0.160311E+00
 0.161934E+00  0.710612E+01  0.173680E+00
 0.162491E+00  0.706330E+01  0.165394E+00
 0.163048E+00  0.726963E+01  0.158983E+00
 0.163606E+00  0.720698E+01  0.155726E+00
 0.164163E+00  0.738197E+01  0.153439E+00
 0.164720E+00  0.716686E+01  0.169669E+00
 0.165278E+00  0.714434E+01  0.156018E+00
 0.165835E+00  0.717236E+01  0.162360E+00
 0.166393E+00  0.700669E+01  0.146025E+00
 0.166950E+00  0.672107E+01  0.315519E+00
 0.167507E+00  0.656833E+01  0.178286E+00
 0.168065E+00  0.643701E+01  0.152859E+00
 0.168622E+00  0.629011E+01  0.157427E+00
 0.169180E+00  0.617263E+01  0.162282E+00
 0.169737E+00  0.624426E+01  0.188499E+00
 0.170294E+00  0.608323E+01  0.276628E+00
 0.170852E+00  0.635946E+01  0.170269E+00
 0.171409E+00  0.616416E+01  0.205304E+00
 0.171966E+00  0.588388E+01  0.398993E+00
 0.172524E+00  0.592702E+01  0.269207E+00
 0.173081E+00  0.595817E+01  0.157434E+00
 0.173639E+00  0.580011E+01  0.162456E+00
 0.174196E+00  0.599078E+01  0.153820E+00
 0.174753E+00  0.562649E+01  0.148890E+00
 0.175311E+00  0.553801E+01  0.152700E+00
 0.175868E+00  0.577004E+01  0.151305E+00
 0.176426E+00  0.543719E+01  0.158159E+00
 0.176983E+00  0.519811E+01  0.198736E+00
 0.177540E+00  0.525978E+01  0.162459E+00
 0.178098E+00  0.531959E+01  0.148772E+00
 0.178655E+00  0.530618E+01  0.172704E+00
 0.179212E+00  0.530405E+01  0.156064E+00
 0.179770E+00  0.511996E+01  0.186614E+00
 0.180327E+00  0.504033E+01  0.194041E+00
 0.180885E+00  0.490387E+01  0.141951E+00
 0.181442E+00  0.478459E+01  0.156623E+00
 0.181999E+00  0.460858E+01  0.148111E+00
 0.182557E+00  0.454784E+01  0.152366E+00
 0.183114E+00  0.460023E+01  0.145352E+00
 0.183671E+00  0.458540E+01  0.156793E+00
 0.184229E+00  0.455561E+01  0.145357E+00
 0.184786E+00  0.432116E+01  0.147799E+00
 0.185344E+00  0.457147E+01  0.141833E+00
 0.185901E+00  0.451785E+01  0.143085E+00
 0.186458E+00  0.456236E+01  0.148363E+00
 0.187016E+00  0.458225E+01  0.151030E+00
 0.187573E+00  0.442744E+01  0.150241E+00
 0.188130E+00  0.430467E+01  0.147495E+00
 0.188688E+00  0.412975E+01  0.148085E+00
 0.189245E+00  0.415089E+01  0.148673E+00
 0.189803E+00  0.447351E+01  0.139273E+00
 0.190360E+00  0.427227E+01  0.150457E+00
 0.190917E+00  0.443537E+01  0.148820E+00
 0.191475E+00  0.443377E+01  0.146993E+00
 0.192032E+00  0.429863E+01  0.142827E+00
 0.192589E+00  0.421515E+01  0.152291E+00
 0.193147E+00  0.416841E+01  0.148310E+00
 0.193704E+00  0.409943E+01  0.147324E+00
 0.194261E+00  0.398138E+01  0.147307E+00
 0.194819E+00  0.424975E+01  0.160894E+00
 0.195376E+00  0.407611E+01  0.176593E+00
 0.195934E+00  0.430256E+01  0.137626E+00
 0.196491E+00  0.410330E+01  0.145047E+00
 0.197048E+00  0.433714E+01  0.132222E+00
 0.197606E+00  0.392411E+01  0.137298E+00
 0.198163E+00  0.418267E+01  0.143411E+00
 0.198720E+00  0.402592E+01  0.157866E+00
 0.199278E+00  0.403511E+01  0.154803E+00
 0.199835E+00  0.399924E+01  0.140304E+00
 0.200392E+00  0.399657E+01  0.140603E+00
 0.200950E+00  0.414033E+01  0.137642E+00
 0.201507E+00  0.384068E+01  0.507164E+00
 0.202065E+00  0.387270E+01  0.142692E+00
 0.202622E+00  0.395998E+01  0.159766E+00
 0.203179E+00  0.393820E+01  0.209034E+00
 0.203737E+00  0.399391E+01  0.132239E+00
 0.204294E+00  0.382067E+01  0.148247E+00
 0.204851E+00  0.385880E+01  0.137609E+00
 0.205409E+00  0.379422E+01  0.131830E+00
 0.205966E+00  0.367099E+01  0.125730E+00
 0.206523E+00  0.353906E+01  0.152167E+00
 0.207081E+00  0.364803E+01  0.156851E+00
 0.207638E+00  0.384662E+01  0.142043E+00
 0.208195E+00  0.365337E+01  0.131726E+00
 0.208753E+00  0.361014E+01  0.133780E+00
 0.209310E+00  0.384798E+01  0.124210E+00
 0.209867E+00  0.371312E+01  0.125644E+00
 0.210425E+00  0.382599E+01  0.131471E+00
 0.210982E+00  0.369234E+01  0.132893E+00
 0.211540E+00  0.386251E+01  0.137003E+00
 0.212097E+00  0.348790E+01  0.131475E+00
 0.212654E+00  0.367187E+01  0.127796E+00
 0.213212E+00  0.336277E+01  0.132170E+00
 0.213769E+00  0.337501E+01  0.129878E+00
 0.214326E+00  0.352655E+01  0.124797E+00
 0.214884E+00  0.319789E+01  0.138054E+00
 0.215441E+00  0.336694E+01  0.125747E+00
 0.215998E+00  0.337982E+01  0.159515E+00
 0.216556E+00  0.310018E+01  0.219407E+00
 0.217113E+00  0.324138E+01  0.162796E+00
 0.217670E+00  0.320307E+01  0.151834E+00
 0.218228E+00  0.320191E+01  0.147687E+00
 0.218785E+00  0.328928E+01  0.127674E+00
 0.219342E+00  0.322424E+01  0.127427E+00
 0.219900E+00  0.339597E+01  0.133601E+00
 0.220457E+00  0.318328E+01  0.125537E+00
 0.221014E+00  0.318175E+01  0.131557E+00
 0.221572E+00  0.316478E+01  0.114307E+00
 0.222129E+00  0.306065E+01  0.130550E+00
 0.222686E+00  0.280680E+01  0.127398E+00
 0.223244E+00  0.306309E+01  0.167852E+00
 0.223801E+00  0.304493E+01  0.152371E+00
 0.224358E+00  0.343045E+01  0.231008E+00
 0.224916E+00  0.316438E+01  0.188464E+00
 0.225473E+00  0.338797E+01  0.277056E+00
 0.226030E+00  0.297168E+01  0.270555E+00
 0.226588E+00  0.303407E+01  0.117403E+00
 0.227145E+00  0.278849E+01  0.199675E+00
 0.227702E+00  0.298178E+01  0.125034E+00
 0.228260E+00  0.283963E+01  0.143155E+00
 0.228817E+00  0.273755E+01  0.119671E+00
 0.229374E+00  0.290766E+01  0.193691E+00
 0.229932E+00  0.257195E+01  0.122687E+00
 0.230489E+00  0.283113E+01  0.125407E+00
 0.231046E+00  0.269822E+01  0.135242E+00
 0.231604E+00  0.277301E+01  0.121372E+00
 0.232161E+00  0.258237E+01  0.285569E+00
 0.232718E+00  0.280649E+01  0.226836E+00
 0.233276E+00  0.254732E+01  0.116250E+00
 0.233833E+00  0.267022E+01  0.117736E+00
 0.234390E+00  0.253048E+01  0.118621E+00
 0.234948E+00  0.250026E+01  0.122028E+00
 0.235505E+00  0.286660E+01  0.124718E+00
 0.236062E+00  0.278148E+01  0.154279E+00
 0.236620E+00  0.256553E+01  0.132087E+00
 0.237177E+00  0.249189E+01  0.182615E+00
 0.237734E+00  0.268670E+01  0.127312E+00
 0.238292E+00  0.258345E+01  0.138168E+00
 0.238849E+00  0.241364E+01  0.132092E+00
 0.239406E+00  0.253580E+01  0.197164E+00
 0.239964E+00  0.252022E+01  0.262287E+00
 0.240521E+00  0.238665E+01  0.174309E+00
 0.241078E+00  0.280303E+01  0.133551E+00
 0.241636E+00  0.230018E+01  0.147164E+00
 0.242193E+00  0.245298E+01  0.155163E+00
 0.242750E+00  0.238236E+01  0.139974E+00
 0.243308E+00  0.254841E+01  0.136946E+00
 0.243865E+00  0.227353E+01  0.131989E+00
 0.244422E+00  0.226675E+01  0.135251E+00
 0.244980E+00  0.238162E+01  0.137365E+00
 0.245537E+00  0.228322E+01  0.142481E+00
 0.246094E+00  0.233590E+01  0.132042E+00
 0.246651E+00  0.233465E+01  0.168238E+00
 0.247209E+00  0.237079E+01  0.135418E+00
 0.247766E+00  0.252411E+01  0.136047E+00
 0.248323E+00  0.234818E+01  0.134802E+00
 0.248881E+00  0.241611E+01  0.128477E+00
 0.249438E+00  0.238309E+01  0.128123E+00
 0.249995E+00  0.233211E+01  0.137391E+00
 0.250553E+00  0.244803E+01  0.141056E+00
 0.251110E+00  0.219169E+01  0.158442E+00
 0.251667E+00  0.237774E+01  0.146205E+00
 0.252225E+00  0.233333E+01  0.179440E+00
 0.252782E+00  0.224660E+01  0.204107E+00
 0.253339E+00  0.217674E+01  0.198221E+00
 0.253896E+00  0.201915E+01  0.305862E+00
 0.254454E+00  0.200019E+01  0.137748E+00
 0.255011E+00  0.193382E+01  0.143000E+00
 0.255568E+00  0.226634E+01  0.131056E+00
 0.256126E+00  0.201558E+01  0.137349E+00
 0.256683E+00  0.201796E+01  0.132026E+00
 0.257240E+00  0.220738E+01  0.145352E+00
 0.257798E+00  0.212639E+01  0.139357E+00
 0.258355E+00  0.223169E+01  0.145128E+00
 0.258912E+00  0.240048E+01  0.145467E+00
 0.259470E+00  0.216739E+01  0.138202E+00
 0.260027E+00  0.222027E+01  0.167139E+00
 0.260584E+00  0.218257E+01  0.369691E+00
 0.261141E+00  0.204070E+01  0.324608E+00
 0.261699E+00  0.189822E+01  0.135227E+00
 0.262256E+00  0.175052E+01  0.140341E+00
 0.262813E+00  0.216985E+01  0.141283E+00
 0.263371E+00  0.213774E+01  0.145496E+00
 0.263928E+00  0.219335E+01  0.144656E+00
 0.264485E+00  0.217339E+01  0.153092E+00
 0.265042E+00  0.236126E+01  0.140996E+00
 0.265600E+00  0.235037E+01  0.145579E+00
 0.266157E+00  0.213329E+01  0.141927E+00
 0.266714E+00  0.206111E+01  0.142581E+00
 0.267272E+00  0.201589E+01  0.144733E+00
 0.267829E+00  0.182442E+01  0.137061E+00
 0.268386E+00  0.170032E+01  0.140492E+00
 0.268943E+00  0.200515E+01  0.151421E+00
 0.269501E+00  0.205439E+01  0.170187E+00
 0.270058E+00  0.239053E+01  0.154232E+00
 0.270615E+00  0.199112E+01  0.155038E+00
 0.271173E+00  0.225067E+01  0.138275E+00
 0.271730E+00  0.214842E+01  0.143766E+00
 0.272287E+00  0.193679E+01  0.157616E+00
 0.272844E+00  0.229335E+01  0.146931E+00
 0.273402E+00  0.191904E+01  0.149176E+00
 0.273959E+00  0.198087E+01  0.157716E+00
 0.274516E+00  0.172383E+01  0.150249E+00
 0.275074E+00  0.204548E+01  0.151381E+00
 0.275631E+00  0.172365E+01  0.156656E+00
 0.276188E+00  0.194918E+01  0.156018E+00
 0.276745E+00  0.208483E+01  0.147767E+00
 0.277303E+00  0.177818E+01  0.152925E+00
 0.277860E+00  0.176102E+01  0.144380E+00
 0.278417E+00  0.188500E+01  0.213863E+00
 0.278975E+00  0.157391E+01  0.150139E+00
 0.279532E+00  0.189702E+01  0.155853E+00
 0.280089E+00  0.180242E+01  0.154625E+00
 0.280646E+00  0.190787E+01  0.156644E+00
 0.281204E+00  0.221123E+01  0.161796E+00
 0.281761E+00  0.185844E+01  0.148906E+00
 0.282318E+00  0.206058E+01  0.160076E+00
 0.282875E+00  0.188721E+01  0.158169E+00
 0.283433E+00  0.194035E+01  0.159304E+00
 0.283990E+00  0.181313E+01  0.160026E+00
 0.284547E+00  0.180464E+01  0.149227E+00
 0.285105E+00  0.193303E+01  0.150356E+00
 0.285662E+00  0.182935E+01  0.151813E+00
 0.286219E+00  0.165645E+01  0.152784E+00
 0.286776E+00  0.176655E+01  0.162288E+00
 0.287334E+00  0.160694E+01  0.157937E+00
 0.287891E+00  0.165187E+01  0.174572E+00
 0.288448E+00  0.183546E+01  0.193870E+00
 0.289005E+00  0.154665E+01  0.152742E+00
 0.289563E+00  0.144191E+01  0.145774E+00
 0.290120E+00  0.153579E+01  0.156320E+00
 0.290677E+00  0.148614E+01  0.166634E+00
 0.291234E+00  0.185464E+01  0.145139E+00
 0.291792E+00  0.188286E+01  0.168914E+00
 0.292349E+00  0.174351E+01  0.186913E+00
 0.292906E+00  0.187007E+01  0.205572E+00
 0.293463E+00  0.176473E+01  0.286258E+00
 0.294021E+00  0.174695E+01  0.290869E+00
 0.294578E+00  0.138532E+01  0.151083E+00
 0.295135E+00  0.146955E+01  0.232079E+00
 0.295693E+00  0.156035E+01  0.154858E+00
 0.296250E+00  0.173130E+01  0.174592E+00
 0.296807E+00  0.167115E+01  0.194158E+00
 0.297364E+00  0.152201E+01  0.241939E+00
 0.297922E+00  0.126263E+01  0.179540E+00
 0.298479E+00  0.166038E+01  0.304928E+00
 0.299036E+00  0.152914E+01  0.187299E+00
 0.299593E+00  0.141231E+01  0.165908E+00
 0.300151E+00  0.161295E+01  0.161211E+00
 0.300708E+00  0.141498E+01  0.369759E+00
 0.301265E+00  0.174096E+01  0.154717E+00
 0.301822E+00  0.176166E+01  0.150137E+00
 0.302379E+00  0.196541E+01  0.166401E+00
 0.302937E+00  0.176684E+01  0.164894E+00
 0.303494E+00  0.173571E+01  0.163053E+00
 0.304051E+00  0.148198E+01  0.166542E+00
 0.304608E+00  0.135253E+01  0.178765E+00
 0.305166E+00  0.134736E+01  0.187091E+00
 0.305723E+00  0.121534E+01  0.171260E+00
 0.306280E+00  0.146487E+01  0.169665E+00
 0.306837E+00  0.122105E+01  0.161788E+00
 0.307395E+00  0.127577E+01  0.196029E+00
 0.307952E+00  0.136897E+01  0.164765E+00
 0.308509E+00  0.131728E+01  0.169888E+00
 0.309066E+00  0.162547E+01  0.152614E+00
 0.309624E+00  0.173137E+01  0.165285E+00
 0.310181E+00  0.178876E+01  0.177288E+00
 0.310738E+00  0.186417E+01  0.167156E+00
 0.311295E+00  0.171160E+01  0.171236E+00
 0.311853E+00  0.181644E+01  0.170084E+00
 0.312410E+00  0.161619E+01  0.176259E+00
 0.312967E+00  0.158213E+01  0.168172E+00
 0.313524E+00  0.138799E+01  0.174308E+00
 0.314081E+00  0.152718E+01  0.171534E+00
 0.314639E+00  0.144354E+01  0.174751E+00
 0.315196E+00  0.144720E+01  0.231255E+00
 0.315753E+00  0.144885E+01  0.189252E+00
 0.316310E+00  0.176552E+01  0.180684E+00
 0.316868E+00  0.142516E+01  0.214447E+00
 0.317425E+00  0.144202E+01  0.166916E+00
 0.317982E+00  0.111126E+01  0.233882E+00
 0.318539E+00  0.117509E+01  0.257027E+00
 0.319096E+00  0.124279E+01  0.219156E+00
 0.319654E+00  0.172725E+01  0.187308E+00
 0.320211E+00  0.199417E+01  0.195508E+00
 0.320768E+00  0.167857E+01  0.179279E+00
 0.321325E+00  0.165883E+01  0.180421E+00
 0.321883E+00  0.127154E+01  0.175357E+00
 0.322440E+00  0.166250E+01  0.180191E+00
 0.322997E+00  0.160446E+01  0.179936E+00
 0.323554E+00  0.162542E+01  0.181478E+00
 0.324111E+00  0.163683E+01  0.185031E+00
 0.324669E+00  0.149200E+01  0.184949E+00
 0.325226E+00  0.108612E+01  0.193762E+00
 0.325783E+00  0.148905E+01  0.201675E+00
 0.326340E+00  0.114766E+01  0.213362E+00
 0.326898E+00  0.118344E+01  0.197835E+00
 0.327455E+00  0.101538E+01  0.202360E+00
 0.328012E+00  0.135680E+01  0.183277E+00
 0.328569E+00  0.116189E+01  0.201830E+00
 0.329126E+00  0.164531E+01  0.185916E+00
 0.329684E+00  0.179159E+01  0.281355E+00
 0.330241E+00  0.175370E+01  0.298346E+00
 0.330798E+00  0.180425E+01  0.249126E+00
 0.331355E+00  0.120583E+01  0.780311E+00
 0.331912E+00  0.178862E+01  0.363338E+00
 0.332470E+00  0.168212E+01  0.217819E+00
 0.333027E+00  0.166416E+01  0.432673E+00
 0.333584E+00  0.192199E+01  0.230575E+00
 0.334141E+00  0.161115E+01  0.219472E+00
 0.334698E+00  0.166740E+01  0.234482E+00
 0.335256E+00  0.165320E+01  0.215160E+00
 0.335813E+00  0.130187E+01  0.225255E+00
 0.336370E+00  0.146904E+01  0.240095E+00
 0.336927E+00  0.164777E+01  0.232949E+00
 0.337484E+00  0.163830E+01  0.246738E+00
 0.338042E+00  0.169317E+01  0.252639E+00
 0.338599E+00  0.182791E+01  0.223247E+00
 0.339156E+00  0.153418E+01  0.230595E+00
 0.339713E+00  0.161754E+01  0.245672E+00
 0.340270E+00  0.159116E+01  0.342700E+00
 0.340828E+00  0.175034E+01  0.253266E+00
 0.341385E+00  0.180996E+01  0.232540E+00
 0.341942E+00  0.219180E+01  0.255963E+00
 0.342499E+00  0.192303E+01  0.224419E+00
 0.343056E+00  0.234866E+01  0.264358E+00
 0.343613E+00  0.232129E+01  0.263856E+00
 0.344171E+00  0.171720E+01  0.236107E+00
 0.344728E+00  0.194494E+01  0.231192E+00
 0.345285E+00  0.245649E+01  0.266242E+00
 0.345842E+00  0.196034E+01  0.250205E+00
 0.346399E+00  0.217774E+01  0.280450E+00
 0.346957E+00  0.178602E+01  0.290522E+00
 0.347514E+00  0.192439E+01  0.271488E+00
 0.348071E+00  0.195798E+01  0.558200E+00
 0.348628E+00  0.181087E+01  0.296264E+00
 0.349185E+00  0.212740E+01  0.476289E+00
 0.349742E+00  0.187248E+01  0.308087E+00
 0.350300E+00  0.198956E+01  0.463914E+00
---------C:\Documents and Settings\Michal Hammel\My Documents\DNAPkcs\070511\high\pk_114.0051.dat-------------------
---------C:\Documents and Settings\Michal Hammel\My Documents\DNAPkcs\070511\high\Merge02.dat-------------------
 Merge of: pk.0003.dat pk_56.0013.d                                                                                                                                                                                                                             
pk.0003.dat   Conc = .10E+01  Mult = .10E+01  N1 =    1  N2 =   60  SCALE =  1                                                                                                                                                                                  
pk_56.0013.d  Conc = .10E+01  Mult = .21E+00  N1 =   40  N2 =  190  SCALE =  1                                                                                                                                                                                  
