Yar1_mod  Dro:0.058  Ra:1.800  RGE:29.12  RGT:31.62  Vol: 30300.  Chi^2: 1.027
  0.000000E+00  0.225064E+01  0.219496E+02
  0.200000E-02  0.225064E+01  0.219146E+02
  0.400000E-02  0.225064E+01  0.218237E+02
  0.400110E-02  0.225064E+02  0.218237E+02
  0.443230E-02  0.218334E+02  0.217967E+02
  0.486350E-02  0.216164E+02  0.217672E+02
  0.529480E-02  0.220334E+02  0.217352E+02
  0.572600E-02  0.212954E+02  0.217005E+02
  0.615720E-02  0.217464E+02  0.216633E+02
  0.658840E-02  0.217814E+02  0.216235E+02
  0.701960E-02  0.214954E+02  0.215811E+02
  0.745080E-02  0.215354E+02  0.215362E+02
  0.788200E-02  0.216894E+02  0.214888E+02
  0.831330E-02  0.214614E+02  0.214389E+02
  0.874450E-02  0.214144E+02  0.213864E+02
  0.917570E-02  0.214224E+02  0.213314E+02
  0.960690E-02  0.214344E+02  0.212740E+02
  0.100380E-01  0.214094E+02  0.212141E+02
  0.104690E-01  0.212904E+02  0.211518E+02
  0.109010E-01  0.212174E+02  0.210869E+02
  0.113320E-01  0.209694E+02  0.210198E+02
  0.117630E-01  0.209764E+02  0.209504E+02
  0.121940E-01  0.209734E+02  0.208787E+02
  0.126250E-01  0.209694E+02  0.208047E+02
  0.130570E-01  0.207894E+02  0.207284E+02
  0.134880E-01  0.206054E+02  0.206500E+02
  0.139190E-01  0.205284E+02  0.205696E+02
  0.143500E-01  0.204434E+02  0.204871E+02
  0.147820E-01  0.204474E+02  0.204023E+02
  0.152130E-01  0.203694E+02  0.203158E+02
  0.156440E-01  0.202834E+02  0.202273E+02
  0.160750E-01  0.201964E+02  0.201369E+02
  0.165060E-01  0.199914E+02  0.200447E+02
  0.169380E-01  0.198954E+02  0.199505E+02
  0.173690E-01  0.199294E+02  0.198546E+02
  0.178000E-01  0.197464E+02  0.197571E+02
  0.182310E-01  0.195174E+02  0.196579E+02
  0.186620E-01  0.195394E+02  0.195571E+02
  0.190940E-01  0.193954E+02  0.194545E+02
  0.195250E-01  0.193484E+02  0.193505E+02
  0.199560E-01  0.192824E+02  0.192451E+02
  0.203870E-01  0.191824E+02  0.191383E+02
  0.208190E-01  0.189744E+02  0.190297E+02
  0.212500E-01  0.187994E+02  0.189201E+02
  0.216810E-01  0.187374E+02  0.188093E+02
  0.221120E-01  0.187264E+02  0.186971E+02
  0.225430E-01  0.185944E+02  0.185838E+02
  0.229750E-01  0.185534E+02  0.184691E+02
  0.234060E-01  0.184414E+02  0.183536E+02
  0.238370E-01  0.182294E+02  0.182371E+02
  0.242680E-01  0.181434E+02  0.181196E+02
  0.246990E-01  0.180034E+02  0.180011E+02
  0.251310E-01  0.178784E+02  0.178815E+02
  0.255620E-01  0.177604E+02  0.177614E+02
  0.259930E-01  0.176214E+02  0.176404E+02
  0.264240E-01  0.174644E+02  0.175188E+02
  0.268560E-01  0.173514E+02  0.173961E+02
  0.272870E-01  0.172444E+02  0.172731E+02
  0.277180E-01  0.170794E+02  0.171495E+02
  0.281490E-01  0.169784E+02  0.170254E+02
  0.285800E-01  0.168344E+02  0.169007E+02
  0.290120E-01  0.168234E+02  0.167753E+02
  0.294430E-01  0.167424E+02  0.166498E+02
  0.298740E-01  0.165234E+02  0.165239E+02
  0.303050E-01  0.164154E+02  0.163977E+02
  0.307360E-01  0.162314E+02  0.162712E+02
  0.311680E-01  0.160544E+02  0.161442E+02
  0.315990E-01  0.159584E+02  0.160172E+02
  0.320300E-01  0.158144E+02  0.158901E+02
  0.324610E-01  0.156674E+02  0.157629E+02
  0.328930E-01  0.156384E+02  0.156354E+02
  0.333240E-01  0.155384E+02  0.155081E+02
  0.337550E-01  0.153574E+02  0.153808E+02
  0.341860E-01  0.152324E+02  0.152536E+02
  0.346170E-01  0.150734E+02  0.151265E+02
  0.350490E-01  0.149694E+02  0.149993E+02
  0.354800E-01  0.147994E+02  0.148725E+02
  0.359110E-01  0.146944E+02  0.147459E+02
  0.363420E-01  0.146114E+02  0.146196E+02
  0.367740E-01  0.144794E+02  0.144933E+02
  0.372050E-01  0.143334E+02  0.143675E+02
  0.376360E-01  0.142464E+02  0.142422E+02
  0.380670E-01  0.140484E+02  0.141172E+02
  0.384980E-01  0.139684E+02  0.139926E+02
  0.389300E-01  0.138294E+02  0.138681E+02
  0.393610E-01  0.136734E+02  0.137445E+02
  0.397920E-01  0.135764E+02  0.136213E+02
  0.402230E-01  0.134644E+02  0.134986E+02
  0.406540E-01  0.132914E+02  0.133765E+02
  0.410860E-01  0.132134E+02  0.132547E+02
  0.415170E-01  0.131204E+02  0.131338E+02
  0.419480E-01  0.130014E+02  0.130134E+02
  0.423790E-01  0.128124E+02  0.128938E+02
  0.428110E-01  0.127374E+02  0.127745E+02
  0.432420E-01  0.126304E+02  0.126562E+02
  0.436730E-01  0.125284E+02  0.125386E+02
  0.441040E-01  0.124014E+02  0.124217E+02
  0.445350E-01  0.123114E+02  0.123056E+02
  0.449670E-01  0.121604E+02  0.121900E+02
  0.453980E-01  0.120404E+02  0.120754E+02
  0.458290E-01  0.119214E+02  0.119616E+02
  0.462600E-01  0.118314E+02  0.118486E+02
  0.466920E-01  0.117064E+02  0.117362E+02
  0.471230E-01  0.116634E+02  0.116249E+02
  0.475540E-01  0.115324E+02  0.115145E+02
  0.479850E-01  0.114524E+02  0.114049E+02
  0.484160E-01  0.112944E+02  0.112962E+02
  0.488480E-01  0.112314E+02  0.111881E+02
  0.492790E-01  0.111124E+02  0.110812E+02
  0.497100E-01  0.109924E+02  0.109752E+02
  0.501410E-01  0.108534E+02  0.108702E+02
  0.505720E-01  0.107524E+02  0.107660E+02
  0.510040E-01  0.106444E+02  0.106626E+02
  0.514350E-01  0.105474E+02  0.105603E+02
  0.518660E-01  0.104674E+02  0.104590E+02
  0.522970E-01  0.103874E+02  0.103586E+02
  0.527290E-01  0.103084E+02  0.102589E+02
  0.531600E-01  0.101924E+02  0.101603E+02
  0.535910E-01  0.101234E+02  0.100627E+02
  0.540220E-01  0.100264E+02  0.996610E+01
  0.544530E-01  0.989041E+01  0.987039E+01
  0.548850E-01  0.978341E+01  0.977540E+01
  0.553160E-01  0.970171E+01  0.968157E+01
  0.557470E-01  0.962501E+01  0.958867E+01
  0.561780E-01  0.950531E+01  0.949672E+01
  0.566090E-01  0.942361E+01  0.940569E+01
  0.570410E-01  0.934611E+01  0.931540E+01
  0.574720E-01  0.925921E+01  0.922624E+01
  0.579030E-01  0.921871E+01  0.913802E+01
  0.583340E-01  0.908161E+01  0.905072E+01
  0.587660E-01  0.900421E+01  0.896415E+01
  0.591970E-01  0.893261E+01  0.887871E+01
  0.596280E-01  0.880651E+01  0.879418E+01
  0.600590E-01  0.868841E+01  0.871057E+01
  0.604900E-01  0.865401E+01  0.862788E+01
  0.609220E-01  0.857751E+01  0.854590E+01
  0.613530E-01  0.850741E+01  0.846500E+01
  0.617840E-01  0.840211E+01  0.838499E+01
  0.622150E-01  0.834431E+01  0.830585E+01
  0.626460E-01  0.828781E+01  0.822758E+01
  0.630780E-01  0.821141E+01  0.814998E+01
  0.635090E-01  0.808851E+01  0.807341E+01
  0.639400E-01  0.802141E+01  0.799768E+01
  0.643710E-01  0.793371E+01  0.792277E+01
  0.648020E-01  0.790071E+01  0.784869E+01
  0.652340E-01  0.781641E+01  0.777524E+01
  0.656650E-01  0.778161E+01  0.770277E+01
  0.660960E-01  0.767061E+01  0.763108E+01
  0.665270E-01  0.757361E+01  0.756018E+01
  0.669590E-01  0.749401E+01  0.748989E+01
  0.673900E-01  0.743241E+01  0.742054E+01
  0.678210E-01  0.739431E+01  0.735194E+01
  0.682520E-01  0.728371E+01  0.728409E+01
  0.686830E-01  0.724491E+01  0.721697E+01
  0.691150E-01  0.714821E+01  0.715044E+01
  0.695460E-01  0.708831E+01  0.708479E+01
  0.699770E-01  0.700111E+01  0.701986E+01
  0.704080E-01  0.700351E+01  0.695563E+01
  0.708390E-01  0.695431E+01  0.689211E+01
  0.712710E-01  0.683951E+01  0.682912E+01
  0.717020E-01  0.678001E+01  0.676696E+01
  0.721330E-01  0.668081E+01  0.670546E+01
  0.725640E-01  0.666161E+01  0.664462E+01
  0.729960E-01  0.658091E+01  0.658429E+01
  0.734270E-01  0.654421E+01  0.652474E+01
  0.738580E-01  0.648391E+01  0.646581E+01
  0.742890E-01  0.642121E+01  0.640749E+01
  0.747210E-01  0.636171E+01  0.634966E+01
  0.751520E-01  0.627571E+01  0.629255E+01
  0.755830E-01  0.623941E+01  0.623604E+01
  0.760140E-01  0.619311E+01  0.618010E+01
  0.764450E-01  0.610991E+01  0.612474E+01
  0.768770E-01  0.605891E+01  0.606982E+01
  0.773080E-01  0.602311E+01  0.601557E+01
  0.777390E-01  0.596321E+01  0.596188E+01
  0.781700E-01  0.591921E+01  0.590872E+01
  0.786010E-01  0.585351E+01  0.585610E+01
  0.790330E-01  0.582341E+01  0.580387E+01
  0.794640E-01  0.578131E+01  0.575229E+01
  0.798950E-01  0.572861E+01  0.570121E+01
  0.803260E-01  0.565341E+01  0.565064E+01
  0.807580E-01  0.559491E+01  0.560044E+01
  0.811890E-01  0.553791E+01  0.555084E+01
  0.816200E-01  0.550931E+01  0.550173E+01
  0.820510E-01  0.544191E+01  0.545308E+01
  0.824820E-01  0.540251E+01  0.540491E+01
  0.829140E-01  0.536291E+01  0.535708E+01
  0.833450E-01  0.534851E+01  0.530982E+01
  0.837760E-01  0.531161E+01  0.526301E+01
  0.842070E-01  0.522501E+01  0.521663E+01
  0.846380E-01  0.522151E+01  0.517069E+01
  0.850700E-01  0.510661E+01  0.512508E+01
  0.855010E-01  0.507341E+01  0.507999E+01
  0.859320E-01  0.503251E+01  0.503532E+01
  0.863630E-01  0.497961E+01  0.499106E+01
  0.867940E-01  0.494171E+01  0.494721E+01
  0.872260E-01  0.491331E+01  0.490366E+01
  0.876570E-01  0.486341E+01  0.486061E+01
  0.880880E-01  0.481461E+01  0.481794E+01
  0.885190E-01  0.477821E+01  0.477566E+01
  0.889510E-01  0.471311E+01  0.473367E+01
  0.893820E-01  0.468791E+01  0.469214E+01
  0.898130E-01  0.464831E+01  0.465099E+01
  0.902440E-01  0.460741E+01  0.461020E+01
  0.906760E-01  0.456691E+01  0.456967E+01
  0.911070E-01  0.451441E+01  0.452960E+01
  0.915380E-01  0.448021E+01  0.448988E+01
  0.919690E-01  0.443431E+01  0.445051E+01
  0.924000E-01  0.438951E+01  0.441148E+01
  0.928320E-01  0.437711E+01  0.437271E+01
  0.932630E-01  0.433331E+01  0.433436E+01
  0.936940E-01  0.428351E+01  0.429635E+01
  0.941250E-01  0.426721E+01  0.425867E+01
  0.945560E-01  0.420521E+01  0.422131E+01
  0.949880E-01  0.418991E+01  0.418420E+01
  0.954190E-01  0.413741E+01  0.414749E+01
  0.958500E-01  0.410201E+01  0.411109E+01
  0.962810E-01  0.404471E+01  0.407501E+01
  0.967130E-01  0.402501E+01  0.403916E+01
  0.971440E-01  0.400681E+01  0.400370E+01
  0.975750E-01  0.396141E+01  0.396854E+01
  0.980060E-01  0.390551E+01  0.393368E+01
  0.984370E-01  0.387691E+01  0.389912E+01
  0.988690E-01  0.385181E+01  0.386477E+01
  0.993000E-01  0.381871E+01  0.383080E+01
  0.997310E-01  0.379791E+01  0.379711E+01
  0.100160E+00  0.373731E+01  0.376386E+01
  0.100590E+00  0.371601E+01  0.373082E+01
  0.101030E+00  0.368111E+01  0.369729E+01
  0.101460E+00  0.365951E+01  0.366481E+01
  0.101890E+00  0.362081E+01  0.363260E+01
  0.102320E+00  0.357411E+01  0.360066E+01
  0.102750E+00  0.355011E+01  0.356899E+01
  0.103180E+00  0.355361E+01  0.353758E+01
  0.103610E+00  0.352821E+01  0.350643E+01
  0.104040E+00  0.348671E+01  0.347555E+01
  0.104470E+00  0.344771E+01  0.344492E+01
  0.104910E+00  0.342571E+01  0.341384E+01
  0.105340E+00  0.338121E+01  0.338372E+01
  0.105770E+00  0.335101E+01  0.335386E+01
  0.106200E+00  0.333461E+01  0.332424E+01
  0.106630E+00  0.330441E+01  0.329487E+01
  0.107060E+00  0.326131E+01  0.326574E+01
  0.107490E+00  0.323301E+01  0.323685E+01
  0.107920E+00  0.320111E+01  0.320820E+01
  0.108360E+00  0.317731E+01  0.317912E+01
  0.108790E+00  0.315261E+01  0.315095E+01
  0.109220E+00  0.310871E+01  0.312300E+01
  0.109650E+00  0.308201E+01  0.309529E+01
  0.110080E+00  0.306971E+01  0.306780E+01
  0.110510E+00  0.305701E+01  0.304054E+01
  0.110940E+00  0.302551E+01  0.301350E+01
  0.111370E+00  0.298891E+01  0.298668E+01
  0.111810E+00  0.297331E+01  0.295946E+01
  0.112240E+00  0.293191E+01  0.293308E+01
  0.112670E+00  0.288651E+01  0.290692E+01
  0.113100E+00  0.287911E+01  0.288096E+01
  0.113530E+00  0.286071E+01  0.285522E+01
  0.113960E+00  0.283701E+01  0.282969E+01
  0.114390E+00  0.280831E+01  0.280436E+01
  0.114820E+00  0.276911E+01  0.277923E+01
  0.115250E+00  0.276441E+01  0.275431E+01
  0.115690E+00  0.271711E+01  0.272902E+01
  0.116120E+00  0.268241E+01  0.270450E+01
  0.116550E+00  0.266871E+01  0.268018E+01
  0.116980E+00  0.265281E+01  0.265605E+01
  0.117410E+00  0.262191E+01  0.263212E+01
  0.117840E+00  0.260421E+01  0.260838E+01
  0.118270E+00  0.257191E+01  0.258482E+01
  0.118700E+00  0.254291E+01  0.256146E+01
  0.119140E+00  0.253331E+01  0.253774E+01
  0.119570E+00  0.251341E+01  0.251475E+01
  0.120000E+00  0.248081E+01  0.249194E+01
  0.120430E+00  0.245661E+01  0.246931E+01
  0.120860E+00  0.243401E+01  0.244686E+01
  0.121290E+00  0.241951E+01  0.242459E+01
  0.121720E+00  0.238931E+01  0.240250E+01
  0.122150E+00  0.236111E+01  0.238058E+01
  0.122590E+00  0.235001E+01  0.235834E+01
  0.123020E+00  0.233541E+01  0.233677E+01
  0.123450E+00  0.230601E+01  0.231538E+01
  0.123880E+00  0.228891E+01  0.229416E+01
  0.124310E+00  0.228001E+01  0.227311E+01
  0.124740E+00  0.226761E+01  0.225222E+01
  0.125170E+00  0.224121E+01  0.223151E+01
  0.125600E+00  0.221491E+01  0.221096E+01
  0.126040E+00  0.219911E+01  0.219010E+01
  0.126470E+00  0.216461E+01  0.216988E+01
  0.126900E+00  0.214041E+01  0.214983E+01
  0.127330E+00  0.212731E+01  0.212993E+01
  0.127760E+00  0.211131E+01  0.211020E+01
  0.128190E+00  0.209371E+01  0.209063E+01
  0.128620E+00  0.208391E+01  0.207121E+01
  0.129050E+00  0.205121E+01  0.205195E+01
  0.129490E+00  0.204091E+01  0.203240E+01
  0.129920E+00  0.202161E+01  0.201346E+01
  0.130350E+00  0.199651E+01  0.199467E+01
  0.130780E+00  0.196961E+01  0.197603E+01
  0.131210E+00  0.196451E+01  0.195754E+01
  0.131640E+00  0.193431E+01  0.193921E+01
  0.132070E+00  0.191491E+01  0.192103E+01
  0.132500E+00  0.190451E+01  0.190300E+01
  0.132930E+00  0.188671E+01  0.188512E+01
  0.133370E+00  0.186471E+01  0.186698E+01
  0.133800E+00  0.185001E+01  0.184940E+01
  0.134230E+00  0.183041E+01  0.183198E+01
  0.134660E+00  0.181111E+01  0.181470E+01
  0.135090E+00  0.179001E+01  0.179757E+01
  0.135520E+00  0.178241E+01  0.178059E+01
  0.135950E+00  0.175771E+01  0.176375E+01
  0.136380E+00  0.174891E+01  0.174706E+01
  0.136820E+00  0.174571E+01  0.173013E+01
  0.137250E+00  0.172131E+01  0.171374E+01
  0.137680E+00  0.170051E+01  0.169749E+01
  0.138110E+00  0.169041E+01  0.168138E+01
  0.138540E+00  0.166981E+01  0.166542E+01
  0.138970E+00  0.165701E+01  0.164960E+01
  0.139400E+00  0.163161E+01  0.163392E+01
  0.139830E+00  0.161701E+01  0.161838E+01
  0.140270E+00  0.160271E+01  0.160262E+01
  0.140700E+00  0.159861E+01  0.158737E+01
  0.141130E+00  0.158411E+01  0.157225E+01
  0.141560E+00  0.156941E+01  0.155727E+01
  0.141990E+00  0.154141E+01  0.154244E+01
  0.142420E+00  0.153011E+01  0.152774E+01
  0.142850E+00  0.152271E+01  0.151317E+01
  0.143280E+00  0.149991E+01  0.149875E+01
  0.143720E+00  0.148991E+01  0.148413E+01
  0.144150E+00  0.147691E+01  0.146998E+01
  0.144580E+00  0.145441E+01  0.145596E+01
  0.145010E+00  0.144951E+01  0.144208E+01
  0.145440E+00  0.143761E+01  0.142834E+01
  0.145870E+00  0.140821E+01  0.141472E+01
  0.146300E+00  0.139581E+01  0.140125E+01
  0.146730E+00  0.139711E+01  0.138790E+01
  0.147160E+00  0.138441E+01  0.137468E+01
  0.147600E+00  0.137111E+01  0.136130E+01
  0.148030E+00  0.136061E+01  0.134835E+01
  0.148460E+00  0.134791E+01  0.133553E+01
  0.148890E+00  0.132461E+01  0.132284E+01
  0.149320E+00  0.131621E+01  0.131027E+01
  0.149750E+00  0.130841E+01  0.129784E+01
  0.150180E+00  0.129311E+01  0.128553E+01
  0.150620E+00  0.127821E+01  0.127307E+01
  0.151050E+00  0.126621E+01  0.126101E+01
  0.151480E+00  0.125631E+01  0.124908E+01
  0.151910E+00  0.124471E+01  0.123727E+01
  0.152340E+00  0.123241E+01  0.122559E+01
  0.152770E+00  0.122061E+01  0.121402E+01
  0.153200E+00  0.120141E+01  0.120258E+01
  0.153630E+00  0.120071E+01  0.119125E+01
  0.154060E+00  0.119731E+01  0.118004E+01
  0.154500E+00  0.116871E+01  0.116869E+01
  0.154930E+00  0.115411E+01  0.115771E+01
  0.155360E+00  0.114691E+01  0.114684E+01
  0.155790E+00  0.114761E+01  0.113609E+01
  0.156220E+00  0.113451E+01  0.112546E+01
  0.156650E+00  0.111501E+01  0.111493E+01
  0.157080E+00  0.110561E+01  0.110451E+01
  0.157510E+00  0.109051E+01  0.109420E+01
  0.157950E+00  0.107621E+01  0.108376E+01
  0.158380E+00  0.107581E+01  0.107367E+01
  0.158810E+00  0.105891E+01  0.106368E+01
  0.159240E+00  0.106341E+01  0.105380E+01
  0.159670E+00  0.105241E+01  0.104402E+01
  0.160100E+00  0.103631E+01  0.103435E+01
  0.160530E+00  0.103351E+01  0.102477E+01
  0.160960E+00  0.101871E+01  0.101530E+01
  0.161400E+00  0.100451E+01  0.100571E+01
  0.161830E+00  0.999309E+00  0.996429E+00
  0.162260E+00  0.991379E+00  0.987249E+00
  0.162690E+00  0.975689E+00  0.978162E+00
  0.163120E+00  0.968659E+00  0.969168E+00
  0.163550E+00  0.961899E+00  0.960266E+00
  0.163980E+00  0.952969E+00  0.951453E+00
  0.164410E+00  0.936059E+00  0.942730E+00
  0.164850E+00  0.938919E+00  0.933894E+00
  0.165280E+00  0.927559E+00  0.925346E+00
  0.165710E+00  0.922099E+00  0.916882E+00
  0.166140E+00  0.910679E+00  0.908503E+00
  0.166570E+00  0.902899E+00  0.900206E+00
  0.167000E+00  0.888919E+00  0.891990E+00
  0.167430E+00  0.874649E+00  0.883855E+00
  0.167860E+00  0.869229E+00  0.875798E+00
  0.168290E+00  0.865479E+00  0.867819E+00
  0.168730E+00  0.854649E+00  0.859735E+00
  0.169160E+00  0.847979E+00  0.851910E+00
  0.169590E+00  0.838589E+00  0.844160E+00
  0.170020E+00  0.832519E+00  0.836484E+00
  0.170450E+00  0.820509E+00  0.828880E+00
  0.170880E+00  0.811339E+00  0.821348E+00
  0.171310E+00  0.811509E+00  0.813886E+00
  0.171740E+00  0.798459E+00  0.806493E+00
  0.172170E+00  0.794989E+00  0.799169E+00
  0.172610E+00  0.787919E+00  0.791745E+00
  0.173040E+00  0.790309E+00  0.784557E+00
  0.173470E+00  0.779239E+00  0.777434E+00
  0.173900E+00  0.768929E+00  0.770376E+00
  0.174330E+00  0.760629E+00  0.763381E+00
  0.174760E+00  0.755969E+00  0.756450E+00
  0.175190E+00  0.749529E+00  0.749580E+00
  0.175630E+00  0.739849E+00  0.742615E+00
  0.176060E+00  0.732669E+00  0.735868E+00
  0.176490E+00  0.724689E+00  0.729181E+00
  0.176920E+00  0.722459E+00  0.722553E+00
  0.177350E+00  0.712779E+00  0.715982E+00
  0.177780E+00  0.712739E+00  0.709469E+00
  0.178210E+00  0.706339E+00  0.703012E+00
  0.178640E+00  0.700329E+00  0.696611E+00
  0.179080E+00  0.680409E+00  0.690118E+00
  0.179510E+00  0.676189E+00  0.683827E+00
  0.179940E+00  0.673489E+00  0.677590E+00
  0.180370E+00  0.664239E+00  0.671405E+00
  0.180800E+00  0.651639E+00  0.665273E+00
  0.181230E+00  0.651739E+00  0.659193E+00
  0.181660E+00  0.650679E+00  0.653166E+00
  0.182090E+00  0.646559E+00  0.647191E+00
  0.182520E+00  0.641809E+00  0.641267E+00
  0.182960E+00  0.647349E+00  0.635259E+00
  0.183390E+00  0.620769E+00  0.629440E+00
  0.183820E+00  0.616169E+00  0.623672E+00
  0.184250E+00  0.620359E+00  0.617956E+00
  0.184680E+00  0.612929E+00  0.612290E+00
  0.185110E+00  0.609909E+00  0.606675E+00
  0.185540E+00  0.599889E+00  0.601110E+00
  0.185970E+00  0.590619E+00  0.595596E+00
  0.186410E+00  0.592429E+00  0.590005E+00
  0.186840E+00  0.576749E+00  0.584591E+00
  0.187270E+00  0.578519E+00  0.579228E+00
  0.187700E+00  0.568639E+00  0.573913E+00
  0.188130E+00  0.568889E+00  0.568648E+00
  0.188560E+00  0.554859E+00  0.563431E+00
  0.188990E+00  0.550609E+00  0.558263E+00
  0.189420E+00  0.545509E+00  0.553143E+00
  0.189850E+00  0.543569E+00  0.548072E+00
  0.190290E+00  0.541599E+00  0.542932E+00
  0.190720E+00  0.533469E+00  0.537957E+00
  0.191150E+00  0.544349E+00  0.533030E+00
  0.191580E+00  0.528899E+00  0.528152E+00
  0.192010E+00  0.521529E+00  0.523323E+00
  0.192440E+00  0.516809E+00  0.518542E+00
  0.192870E+00  0.513719E+00  0.513811E+00
  0.193310E+00  0.510849E+00  0.509020E+00
  0.193740E+00  0.509209E+00  0.504388E+00
  0.194170E+00  0.495429E+00  0.499806E+00
  0.194600E+00  0.488199E+00  0.495273E+00
  0.195030E+00  0.489619E+00  0.490790E+00
  0.195460E+00  0.488379E+00  0.486356E+00
  0.195890E+00  0.476009E+00  0.481973E+00
  0.196320E+00  0.470659E+00  0.477639E+00
  0.196760E+00  0.471149E+00  0.473255E+00
  0.197190E+00  0.471859E+00  0.469022E+00
  0.197620E+00  0.462389E+00  0.464839E+00
  0.198050E+00  0.465399E+00  0.460705E+00
  0.198480E+00  0.463059E+00  0.456621E+00
  0.198910E+00  0.462619E+00  0.452587E+00
  0.199340E+00  0.449969E+00  0.448603E+00
  0.199770E+00  0.452719E+00  0.444668E+00
  0.200200E+00  0.453639E+00  0.440783E+00
  0.200640E+00  0.438849E+00  0.436858E+00
  0.201070E+00  0.434559E+00  0.433072E+00
  0.201500E+00  0.433799E+00  0.429336E+00
  0.201930E+00  0.430389E+00  0.425648E+00
  0.202360E+00  0.426659E+00  0.422009E+00
  0.202790E+00  0.422059E+00  0.418419E+00
  0.203220E+00  0.411669E+00  0.414878E+00
  0.203650E+00  0.419969E+00  0.411384E+00
  0.204080E+00  0.416779E+00  0.407939E+00
  0.204520E+00  0.404049E+00  0.404463E+00
  0.204950E+00  0.405619E+00  0.401114E+00
  0.205380E+00  0.406349E+00  0.397813E+00
  0.205810E+00  0.399139E+00  0.394559E+00
  0.206240E+00  0.392899E+00  0.391352E+00
  0.206670E+00  0.394559E+00  0.388192E+00
  0.207100E+00  0.377919E+00  0.385079E+00
  0.207530E+00  0.386409E+00  0.382012E+00
  0.207970E+00  0.388809E+00  0.378921E+00
  0.208400E+00  0.380839E+00  0.375948E+00
  0.208830E+00  0.375509E+00  0.373020E+00
  0.209260E+00  0.371939E+00  0.370138E+00
  0.209690E+00  0.369789E+00  0.367300E+00
  0.210120E+00  0.364029E+00  0.364508E+00
  0.210550E+00  0.368269E+00  0.361761E+00
  0.210980E+00  0.361249E+00  0.359058E+00
  0.211420E+00  0.355279E+00  0.356336E+00
  0.211850E+00  0.361079E+00  0.353719E+00
  0.212280E+00  0.359439E+00  0.351144E+00
  0.212710E+00  0.348759E+00  0.348611E+00
  0.213140E+00  0.353739E+00  0.346117E+00
  0.213570E+00  0.349599E+00  0.343664E+00
  0.214000E+00  0.345009E+00  0.341250E+00
  0.214430E+00  0.337659E+00  0.338874E+00
  0.214870E+00  0.337539E+00  0.336482E+00
  0.215300E+00  0.337009E+00  0.334183E+00
  0.215730E+00  0.334509E+00  0.331920E+00
  0.216160E+00  0.332919E+00  0.329693E+00
  0.216590E+00  0.324209E+00  0.327502E+00
  0.217020E+00  0.329139E+00  0.325346E+00
  0.217450E+00  0.325939E+00  0.323224E+00
  0.217880E+00  0.332699E+00  0.321136E+00
  0.218320E+00  0.320409E+00  0.319035E+00
  0.218750E+00  0.318099E+00  0.317014E+00
  0.219180E+00  0.316849E+00  0.315026E+00
  0.219610E+00  0.311729E+00  0.313070E+00
  0.220040E+00  0.311459E+00  0.311145E+00
  0.220470E+00  0.309409E+00  0.309251E+00
  0.220900E+00  0.314529E+00  0.307387E+00
  0.221330E+00  0.298199E+00  0.305553E+00
  0.221760E+00  0.302549E+00  0.303747E+00
  0.222200E+00  0.301739E+00  0.301928E+00
  0.222630E+00  0.303519E+00  0.300177E+00
  0.223060E+00  0.298139E+00  0.298453E+00
  0.223490E+00  0.296199E+00  0.296754E+00
  0.223920E+00  0.298199E+00  0.295080E+00
  0.224350E+00  0.293009E+00  0.293430E+00
  0.224780E+00  0.293249E+00  0.291804E+00
  0.225210E+00  0.294059E+00  0.290200E+00
  0.225650E+00  0.288729E+00  0.288582E+00
  0.226080E+00  0.286209E+00  0.287023E+00
  0.226510E+00  0.281759E+00  0.285484E+00
  0.226940E+00  0.278219E+00  0.283966E+00
  0.227370E+00  0.275069E+00  0.282467E+00
  0.227800E+00  0.278449E+00  0.280988E+00
  0.228230E+00  0.283539E+00  0.279527E+00
  0.228670E+00  0.279599E+00  0.278050E+00
  0.229100E+00  0.270389E+00  0.276625E+00
  0.229530E+00  0.270609E+00  0.275216E+00
  0.229960E+00  0.264509E+00  0.273824E+00
  0.230390E+00  0.264859E+00  0.272448E+00
  0.230820E+00  0.265909E+00  0.271086E+00
  0.231250E+00  0.261029E+00  0.269740E+00
  0.231680E+00  0.254399E+00  0.268409E+00
  0.232110E+00  0.254729E+00  0.267091E+00
  0.232550E+00  0.259099E+00  0.265758E+00
  0.232980E+00  0.254679E+00  0.264468E+00
  0.233410E+00  0.257069E+00  0.263192E+00
  0.233840E+00  0.254039E+00  0.261928E+00
  0.234270E+00  0.262619E+00  0.260677E+00
  0.234700E+00  0.262659E+00  0.259439E+00
  0.235130E+00  0.257399E+00  0.258212E+00
  0.235560E+00  0.261009E+00  0.256996E+00
  0.236000E+00  0.253909E+00  0.255765E+00
  0.236430E+00  0.252519E+00  0.254572E+00
  0.236860E+00  0.253029E+00  0.253390E+00
  0.237290E+00  0.254009E+00  0.252218E+00
  0.237720E+00  0.252689E+00  0.251056E+00
  0.238150E+00  0.247859E+00  0.249904E+00
  0.238580E+00  0.243479E+00  0.248762E+00
  0.239010E+00  0.242099E+00  0.247629E+00
  0.239450E+00  0.243489E+00  0.246479E+00
  0.239880E+00  0.240379E+00  0.245363E+00
  0.240310E+00  0.237159E+00  0.244256E+00
  0.240740E+00  0.241459E+00  0.243158E+00
  0.241170E+00  0.236539E+00  0.242068E+00
  0.241600E+00  0.231919E+00  0.240986E+00
  0.242030E+00  0.233479E+00  0.239913E+00
  0.242460E+00  0.229689E+00  0.238849E+00
  0.242890E+00  0.238269E+00  0.237793E+00
  0.243330E+00  0.230929E+00  0.236721E+00
  0.243760E+00  0.226039E+00  0.235683E+00
  0.244190E+00  0.226859E+00  0.234653E+00
  0.244620E+00  0.228249E+00  0.233632E+00
  0.245050E+00  0.232999E+00  0.232619E+00
  0.245480E+00  0.229899E+00  0.231616E+00
  0.245910E+00  0.229969E+00  0.230621E+00
  0.246340E+00  0.223069E+00  0.229635E+00
  0.246780E+00  0.225979E+00  0.228635E+00
  0.247210E+00  0.226439E+00  0.227667E+00
  0.247640E+00  0.223809E+00  0.226708E+00
  0.248070E+00  0.215169E+00  0.225758E+00
  0.248500E+00  0.218689E+00  0.224817E+00
  0.248930E+00  0.220889E+00  0.223885E+00
  0.249360E+00  0.217959E+00  0.222961E+00
  0.249790E+00  0.216219E+00  0.222047E+00
  0.250230E+00  0.222989E+00  0.221121E+00
  0.250660E+00  0.216689E+00  0.220225E+00
  0.251090E+00  0.216169E+00  0.219338E+00
  0.251520E+00  0.213509E+00  0.218461E+00
  0.251950E+00  0.206179E+00  0.217593E+00
  0.252380E+00  0.205269E+00  0.216735E+00
  0.252810E+00  0.198569E+00  0.215886E+00
  0.253240E+00  0.202429E+00  0.215047E+00
  0.253680E+00  0.202809E+00  0.214199E+00
  0.254110E+00  0.211529E+00  0.213380E+00
  0.254540E+00  0.203049E+00  0.212572E+00
  0.254970E+00  0.203859E+00  0.211773E+00
  0.255400E+00  0.211519E+00  0.210985E+00
  0.255830E+00  0.209239E+00  0.210207E+00
  0.256260E+00  0.210319E+00  0.209439E+00
  0.256690E+00  0.211669E+00  0.208682E+00
  0.257120E+00  0.209829E+00  0.207936E+00
  0.257560E+00  0.204869E+00  0.207183E+00
  0.257990E+00  0.207209E+00  0.206459E+00
  0.258420E+00  0.204209E+00  0.205745E+00
  0.258850E+00  0.209889E+00  0.205042E+00
  0.259280E+00  0.203649E+00  0.204350E+00
  0.259710E+00  0.201219E+00  0.203670E+00
  0.260140E+00  0.201029E+00  0.203001E+00
  0.260580E+00  0.207429E+00  0.202328E+00
  0.261010E+00  0.206649E+00  0.201681E+00
  0.261440E+00  0.200259E+00  0.201046E+00
  0.261870E+00  0.194729E+00  0.200422E+00
  0.262300E+00  0.202509E+00  0.199808E+00
  0.262730E+00  0.201789E+00  0.199206E+00
  0.263160E+00  0.202819E+00  0.198614E+00
  0.263590E+00  0.199529E+00  0.198034E+00
  0.264020E+00  0.199599E+00  0.197464E+00
  0.264460E+00  0.199769E+00  0.196892E+00
  0.264890E+00  0.197649E+00  0.196344E+00
  0.265320E+00  0.199179E+00  0.195806E+00
  0.265750E+00  0.200069E+00  0.195279E+00
  0.266180E+00  0.196889E+00  0.194762E+00
  0.266610E+00  0.196159E+00  0.194256E+00
  0.267040E+00  0.190409E+00  0.193761E+00
  0.267470E+00  0.200249E+00  0.193275E+00
  0.267910E+00  0.197839E+00  0.192789E+00
  0.268340E+00  0.199519E+00  0.192325E+00
  0.268770E+00  0.193269E+00  0.191870E+00
  0.269200E+00  0.195719E+00  0.191426E+00
  0.269630E+00  0.200279E+00  0.190992E+00
  0.270060E+00  0.198449E+00  0.190568E+00
  0.270490E+00  0.192549E+00  0.190154E+00
  0.270920E+00  0.189939E+00  0.189750E+00
  0.271360E+00  0.194119E+00  0.189347E+00
  0.271790E+00  0.190809E+00  0.188962E+00
  0.272220E+00  0.183449E+00  0.188586E+00
  0.272650E+00  0.189249E+00  0.188220E+00
  0.273080E+00  0.190369E+00  0.187863E+00
  0.273510E+00  0.193629E+00  0.187514E+00
  0.273940E+00  0.186079E+00  0.187173E+00
  0.274370E+00  0.188609E+00  0.186842E+00
  0.274810E+00  0.188349E+00  0.186510E+00
  0.275240E+00  0.192529E+00  0.186195E+00
  0.275670E+00  0.194349E+00  0.185887E+00
  0.276100E+00  0.190949E+00  0.185587E+00
  0.276530E+00  0.183169E+00  0.185295E+00
  0.276960E+00  0.190989E+00  0.185009E+00
  0.277390E+00  0.188289E+00  0.184731E+00
  0.277820E+00  0.182739E+00  0.184460E+00
  0.278250E+00  0.192349E+00  0.184196E+00
  0.278690E+00  0.189519E+00  0.183932E+00
  0.279120E+00  0.188329E+00  0.183682E+00
  0.279550E+00  0.187969E+00  0.183437E+00
  0.279980E+00  0.181489E+00  0.183199E+00
  0.280410E+00  0.183599E+00  0.182967E+00
  0.280840E+00  0.183819E+00  0.182740E+00
  0.281270E+00  0.183819E+00  0.182520E+00
  0.281700E+00  0.185749E+00  0.182305E+00
  0.282130E+00  0.185609E+00  0.182095E+00
  0.282570E+00  0.182629E+00  0.181887E+00
  0.283000E+00  0.178389E+00  0.181688E+00
  0.283430E+00  0.184349E+00  0.181494E+00
  0.283860E+00  0.174629E+00  0.181306E+00
  0.284290E+00  0.178989E+00  0.181122E+00
  0.284720E+00  0.183479E+00  0.180943E+00
  0.285150E+00  0.179209E+00  0.180769E+00
  0.285590E+00  0.182449E+00  0.180595E+00
  0.286020E+00  0.173649E+00  0.180429E+00
  0.286450E+00  0.181819E+00  0.180268E+00
  0.286880E+00  0.183209E+00  0.180111E+00
  0.287310E+00  0.176029E+00  0.179958E+00
  0.287740E+00  0.178639E+00  0.179808E+00
  0.288170E+00  0.172839E+00  0.179663E+00
  0.288600E+00  0.173989E+00  0.179521E+00
  0.289040E+00  0.177509E+00  0.179379E+00
  0.289470E+00  0.178639E+00  0.179244E+00
  0.289900E+00  0.186329E+00  0.179112E+00
  0.290330E+00  0.177979E+00  0.178983E+00
  0.290760E+00  0.172839E+00  0.178857E+00
  0.291190E+00  0.179179E+00  0.178735E+00
  0.291620E+00  0.181659E+00  0.178615E+00
  0.292050E+00  0.181819E+00  0.178498E+00
  0.292480E+00  0.182789E+00  0.178385E+00
  0.292920E+00  0.179589E+00  0.178271E+00
  0.293350E+00  0.185029E+00  0.178163E+00
  0.293780E+00  0.185209E+00  0.178058E+00
  0.294210E+00  0.185229E+00  0.177956E+00
  0.294640E+00  0.179629E+00  0.177856E+00
  0.295070E+00  0.181089E+00  0.177759E+00
  0.295500E+00  0.175479E+00  0.177665E+00
  0.295930E+00  0.174759E+00  0.177574E+00
  0.296360E+00  0.184999E+00  0.177485E+00
  0.296800E+00  0.183069E+00  0.177397E+00
  0.297230E+00  0.178669E+00  0.177313E+00
  0.297660E+00  0.181369E+00  0.177232E+00
  0.298090E+00  0.173059E+00  0.177153E+00
  0.298520E+00  0.175249E+00  0.177077E+00
  0.298950E+00  0.177899E+00  0.177004E+00
  0.299380E+00  0.175419E+00  0.176933E+00
  0.299810E+00  0.177149E+00  0.176864E+00
  0.300250E+00  0.180799E+00  0.176796E+00
  0.300680E+00  0.172269E+00  0.176732E+00
  0.301110E+00  0.169789E+00  0.176670E+00
  0.301540E+00  0.170009E+00  0.176611E+00
  0.301970E+00  0.166909E+00  0.176554E+00
  0.302400E+00  0.178509E+00  0.176499E+00
  0.302830E+00  0.181099E+00  0.176446E+00
  0.303270E+00  0.171399E+00  0.176394E+00
  0.303700E+00  0.165639E+00  0.176345E+00
  0.304130E+00  0.170199E+00  0.176299E+00
  0.304560E+00  0.173569E+00  0.176255E+00
  0.304990E+00  0.180839E+00  0.176213E+00
  0.305420E+00  0.175889E+00  0.176172E+00
  0.305850E+00  0.173429E+00  0.176134E+00
  0.306280E+00  0.170909E+00  0.176098E+00
  0.306720E+00  0.174919E+00  0.176063E+00
  0.307150E+00  0.178649E+00  0.176030E+00
  0.307580E+00  0.177749E+00  0.176000E+00
  0.308010E+00  0.182119E+00  0.175971E+00
  0.308440E+00  0.179369E+00  0.175944E+00
  0.308870E+00  0.174319E+00  0.175919E+00
  0.309300E+00  0.176179E+00  0.175896E+00
  0.309730E+00  0.174449E+00  0.175874E+00
  0.310160E+00  0.177189E+00  0.175854E+00
  0.310600E+00  0.180039E+00  0.175836E+00
  0.311030E+00  0.177419E+00  0.175819E+00
  0.311460E+00  0.172289E+00  0.175804E+00
  0.311890E+00  0.172419E+00  0.175790E+00
  0.312320E+00  0.176239E+00  0.175777E+00
  0.312750E+00  0.170089E+00  0.175766E+00
  0.313180E+00  0.170599E+00  0.175756E+00
  0.313610E+00  0.173019E+00  0.175746E+00
  0.314050E+00  0.174669E+00  0.175737E+00
  0.314480E+00  0.172449E+00  0.175730E+00
  0.314910E+00  0.178169E+00  0.175723E+00
  0.315340E+00  0.176039E+00  0.175716E+00
  0.315770E+00  0.170839E+00  0.175710E+00
  0.316200E+00  0.182889E+00  0.175704E+00
  0.316630E+00  0.178379E+00  0.175699E+00
  0.317060E+00  0.174649E+00  0.175693E+00
  0.317500E+00  0.179129E+00  0.175688E+00
  0.317930E+00  0.178559E+00  0.175683E+00
  0.318360E+00  0.178809E+00  0.175678E+00
  0.318790E+00  0.175359E+00  0.175672E+00
  0.319220E+00  0.174469E+00  0.175666E+00
  0.319650E+00  0.171879E+00  0.175660E+00
  0.320080E+00  0.166039E+00  0.175653E+00
  0.320510E+00  0.168669E+00  0.175645E+00
  0.320950E+00  0.169589E+00  0.175637E+00
  0.321380E+00  0.169819E+00  0.175628E+00
  0.321810E+00  0.179539E+00  0.175618E+00
  0.322240E+00  0.174089E+00  0.175607E+00
  0.322670E+00  0.173619E+00  0.175594E+00
  0.323100E+00  0.173069E+00  0.175580E+00
  0.323530E+00  0.171649E+00  0.175565E+00
  0.323960E+00  0.174459E+00  0.175548E+00
  0.324390E+00  0.175239E+00  0.175530E+00
  0.324830E+00  0.174549E+00  0.175509E+00
  0.325260E+00  0.169379E+00  0.175487E+00
  0.325690E+00  0.167799E+00  0.175462E+00
  0.326120E+00  0.166849E+00  0.175436E+00
  0.326550E+00  0.165179E+00  0.175407E+00
  0.326980E+00  0.164869E+00  0.175375E+00
  0.327410E+00  0.162219E+00  0.175342E+00
  0.327840E+00  0.166329E+00  0.175305E+00
  0.328280E+00  0.170719E+00  0.175265E+00
  0.328710E+00  0.162189E+00  0.175223E+00
  0.329140E+00  0.172479E+00  0.175178E+00
  0.329570E+00  0.170679E+00  0.175129E+00
  0.330000E+00  0.171129E+00  0.175078E+00
  0.330430E+00  0.171909E+00  0.175023E+00
  0.330860E+00  0.175809E+00  0.174965E+00
  0.331290E+00  0.173619E+00  0.174903E+00
  0.331730E+00  0.167299E+00  0.174836E+00
  0.332160E+00  0.176709E+00  0.174767E+00
  0.332590E+00  0.162599E+00  0.174695E+00
  0.333020E+00  0.174279E+00  0.174620E+00
  0.333450E+00  0.172669E+00  0.174540E+00
  0.333880E+00  0.169299E+00  0.174457E+00
  0.334310E+00  0.172439E+00  0.174371E+00
  0.334740E+00  0.170129E+00  0.174281E+00
  0.335180E+00  0.173759E+00  0.174184E+00
  0.335610E+00  0.169009E+00  0.174087E+00
  0.336040E+00  0.166729E+00  0.173985E+00
  0.336470E+00  0.161649E+00  0.173880E+00
  0.336900E+00  0.161969E+00  0.173771E+00
  0.337330E+00  0.174889E+00  0.173658E+00
  0.337760E+00  0.170309E+00  0.173542E+00
  0.338190E+00  0.173219E+00  0.173421E+00
  0.338630E+00  0.163959E+00  0.173294E+00
  0.339060E+00  0.164419E+00  0.173165E+00
  0.339490E+00  0.167579E+00  0.173033E+00
  0.339920E+00  0.165119E+00  0.172896E+00
  0.340350E+00  0.166599E+00  0.172756E+00
  0.340780E+00  0.165969E+00  0.172611E+00
  0.341210E+00  0.167029E+00  0.172463E+00
  0.341640E+00  0.171289E+00  0.172311E+00
  0.342070E+00  0.168979E+00  0.172156E+00
  0.342510E+00  0.163669E+00  0.171993E+00
  0.342940E+00  0.158559E+00  0.171830E+00
  0.343370E+00  0.164319E+00  0.171664E+00
  0.343800E+00  0.165499E+00  0.171494E+00
  0.344230E+00  0.167189E+00  0.171322E+00
  0.344660E+00  0.162819E+00  0.171146E+00
  0.345090E+00  0.160519E+00  0.170967E+00
  0.345520E+00  0.163579E+00  0.170786E+00
  0.345960E+00  0.163129E+00  0.170597E+00
  0.346390E+00  0.163279E+00  0.170409E+00
  0.346820E+00  0.164729E+00  0.170219E+00
  0.347250E+00  0.169559E+00  0.170026E+00
  0.347680E+00  0.165619E+00  0.169831E+00
  0.348110E+00  0.162549E+00  0.169634E+00
  0.348540E+00  0.172699E+00  0.169434E+00
  0.348970E+00  0.165439E+00  0.169232E+00
  0.349410E+00  0.161359E+00  0.169023E+00
  0.349840E+00  0.163239E+00  0.168817E+00
  0.350270E+00  0.170749E+00  0.168608E+00
  0.350700E+00  0.165569E+00  0.168398E+00
  0.351130E+00  0.156319E+00  0.168186E+00
  0.351560E+00  0.161609E+00  0.167973E+00
  0.351990E+00  0.166349E+00  0.167758E+00
  0.352420E+00  0.166129E+00  0.167541E+00
  0.352860E+00  0.174649E+00  0.167319E+00
  0.353290E+00  0.165629E+00  0.167100E+00
  0.353720E+00  0.161859E+00  0.166880E+00
  0.354150E+00  0.162779E+00  0.166659E+00
  0.354580E+00  0.160649E+00  0.166437E+00
  0.355010E+00  0.164669E+00  0.166214E+00
  0.355440E+00  0.162989E+00  0.165991E+00
  0.355870E+00  0.169369E+00  0.165767E+00
  0.356300E+00  0.164549E+00  0.165543E+00
  0.356740E+00  0.170929E+00  0.165313E+00
  0.357170E+00  0.172179E+00  0.165089E+00
  0.357600E+00  0.164949E+00  0.164864E+00
  0.358030E+00  0.167219E+00  0.164639E+00
  0.358460E+00  0.170829E+00  0.164414E+00
  0.358890E+00  0.171399E+00  0.164190E+00
  0.359320E+00  0.166049E+00  0.163966E+00
  0.359750E+00  0.169369E+00  0.163742E+00
  0.360190E+00  0.175619E+00  0.163513E+00
  0.360620E+00  0.165169E+00  0.163291E+00
  0.361050E+00  0.166239E+00  0.163068E+00
  0.361480E+00  0.170459E+00  0.162847E+00
  0.361910E+00  0.152109E+00  0.162626E+00
  0.362340E+00  0.153669E+00  0.162406E+00
  0.362770E+00  0.157609E+00  0.162186E+00
  0.363200E+00  0.161479E+00  0.161967E+00
  0.363640E+00  0.158689E+00  0.161744E+00
  0.364070E+00  0.160449E+00  0.161526E+00
  0.364500E+00  0.162059E+00  0.161309E+00
  0.364930E+00  0.166819E+00  0.161092E+00
  0.365360E+00  0.159379E+00  0.160877E+00
  0.365790E+00  0.154099E+00  0.160662E+00
  0.366220E+00  0.157589E+00  0.160448E+00
  0.366650E+00  0.161079E+00  0.160234E+00
  0.367090E+00  0.159239E+00  0.160016E+00
  0.367520E+00  0.158379E+00  0.159804E+00
  0.367950E+00  0.164249E+00  0.159593E+00
  0.368380E+00  0.155609E+00  0.159382E+00
  0.368810E+00  0.154499E+00  0.159172E+00
  0.369240E+00  0.158319E+00  0.158963E+00
  0.369670E+00  0.158919E+00  0.158755E+00
  0.370100E+00  0.162579E+00  0.158548E+00
  0.370530E+00  0.160629E+00  0.158341E+00
  0.370970E+00  0.161559E+00  0.158130E+00
  0.371400E+00  0.154949E+00  0.157925E+00
  0.371830E+00  0.159659E+00  0.157720E+00
  0.372260E+00  0.157949E+00  0.157515E+00
  0.372690E+00  0.168459E+00  0.157311E+00
  0.373120E+00  0.152309E+00  0.157107E+00
  0.373550E+00  0.159319E+00  0.156903E+00
  0.373980E+00  0.156439E+00  0.156699E+00
  0.374410E+00  0.160249E+00  0.156495E+00
  0.374850E+00  0.150389E+00  0.156286E+00
  0.375280E+00  0.161709E+00  0.156081E+00
  0.375710E+00  0.161379E+00  0.155876E+00
  0.376140E+00  0.171719E+00  0.155671E+00
  0.376570E+00  0.158159E+00  0.155465E+00
  0.377000E+00  0.156929E+00  0.155258E+00
  0.377430E+00  0.152809E+00  0.155050E+00
  0.377870E+00  0.161419E+00  0.154837E+00
  0.378300E+00  0.166609E+00  0.154628E+00
  0.378730E+00  0.167379E+00  0.154418E+00
  0.379160E+00  0.152859E+00  0.154206E+00
  0.379590E+00  0.154849E+00  0.153994E+00
  0.380020E+00  0.168189E+00  0.153780E+00
  0.380450E+00  0.157079E+00  0.153564E+00
  0.380880E+00  0.166269E+00  0.153348E+00
  0.381320E+00  0.157539E+00  0.153124E+00
  0.381750E+00  0.157209E+00  0.152904E+00
  0.382180E+00  0.171789E+00  0.152682E+00
  0.382610E+00  0.162569E+00  0.152458E+00
  0.383040E+00  0.159359E+00  0.152233E+00
  0.383470E+00  0.164099E+00  0.152005E+00
  0.383900E+00  0.159339E+00  0.151775E+00
  0.384330E+00  0.165039E+00  0.151543E+00
  0.384770E+00  0.169469E+00  0.151303E+00
  0.385200E+00  0.155269E+00  0.151066E+00
  0.385630E+00  0.157859E+00  0.150827E+00
  0.386060E+00  0.168239E+00  0.150585E+00
  0.386490E+00  0.153469E+00  0.150341E+00
  0.386920E+00  0.159809E+00  0.150093E+00
  0.387350E+00  0.157999E+00  0.149843E+00
  0.387780E+00  0.144309E+00  0.149590E+00
  0.388210E+00  0.169799E+00  0.149334E+00
  0.388650E+00  0.161869E+00  0.149068E+00
  0.389080E+00  0.148509E+00  0.148806E+00
  0.389510E+00  0.148789E+00  0.148540E+00
  0.389940E+00  0.145949E+00  0.148271E+00
  0.390370E+00  0.137639E+00  0.147999E+00
  0.390800E+00  0.140659E+00  0.147723E+00
  0.391230E+00  0.155749E+00  0.147444E+00
  0.391660E+00  0.158029E+00  0.147161E+00
  0.392100E+00  0.146409E+00  0.146868E+00
  0.392530E+00  0.149449E+00  0.146579E+00
  0.392960E+00  0.139569E+00  0.146286E+00
  0.393390E+00  0.149019E+00  0.145990E+00
  0.393820E+00  0.145269E+00  0.145690E+00
  0.394250E+00  0.147989E+00  0.145388E+00
  0.394680E+00  0.155659E+00  0.145081E+00
  0.395110E+00  0.155119E+00  0.144772E+00
  0.395550E+00  0.152569E+00  0.144452E+00
  0.395980E+00  0.160309E+00  0.144136E+00
  0.396410E+00  0.151709E+00  0.143817E+00
  0.396840E+00  0.156019E+00  0.143495E+00
  0.397270E+00  0.154079E+00  0.143169E+00
  0.397700E+00  0.155409E+00  0.142841E+00
  0.398130E+00  0.148389E+00  0.142509E+00
  0.398560E+00  0.163889E+00  0.142174E+00
  0.398990E+00  0.155269E+00  0.141836E+00
  0.399430E+00  0.158269E+00  0.141486E+00
  0.399860E+00  0.145949E+00  0.141142E+00
  0.400290E+00  0.152089E+00  0.140794E+00
  0.400720E+00  0.160359E+00  0.140444E+00
  0.401150E+00  0.145379E+00  0.140091E+00
  0.401580E+00  0.144539E+00  0.139735E+00
  0.402010E+00  0.136269E+00  0.139376E+00
  0.402440E+00  0.155779E+00  0.139015E+00
  0.402880E+00  0.151819E+00  0.138643E+00
  0.403310E+00  0.156059E+00  0.138277E+00
  0.403740E+00  0.153389E+00  0.137909E+00
  0.404170E+00  0.144779E+00  0.137539E+00
  0.404600E+00  0.150439E+00  0.137168E+00
  0.405030E+00  0.165419E+00  0.136794E+00
  0.405460E+00  0.154299E+00  0.136419E+00
  0.405890E+00  0.147679E+00  0.136042E+00
  0.406330E+00  0.151859E+00  0.135655E+00
  0.406760E+00  0.145019E+00  0.135276E+00
  0.407190E+00  0.129129E+00  0.134895E+00
  0.407620E+00  0.150629E+00  0.134513E+00
  0.408050E+00  0.153619E+00  0.134130E+00
  0.408480E+00  0.145589E+00  0.133747E+00
  0.408910E+00  0.144559E+00  0.133362E+00
  0.409340E+00  0.138619E+00  0.132977E+00
  0.409780E+00  0.141849E+00  0.132583E+00
  0.410210E+00  0.149419E+00  0.132197E+00
  0.410640E+00  0.143109E+00  0.131810E+00
  0.411070E+00  0.138989E+00  0.131424E+00
  0.411500E+00  0.133559E+00  0.131037E+00
  0.411930E+00  0.149869E+00  0.130650E+00
  0.412360E+00  0.144099E+00  0.130264E+00
  0.412790E+00  0.153619E+00  0.129878E+00
  0.413230E+00  0.152129E+00  0.129483E+00
  0.413660E+00  0.137269E+00  0.129099E+00
  0.414090E+00  0.140019E+00  0.128714E+00
  0.414520E+00  0.134409E+00  0.128331E+00
  0.414950E+00  0.124609E+00  0.127949E+00
  0.415380E+00  0.137489E+00  0.127567E+00
  0.415810E+00  0.135689E+00  0.127187E+00
  0.416240E+00  0.139809E+00  0.126808E+00
  0.416680E+00  0.142999E+00  0.126422E+00
  0.417110E+00  0.133289E+00  0.126047E+00
  0.417540E+00  0.134149E+00  0.125673E+00
  0.417970E+00  0.127859E+00  0.125300E+00
  0.418400E+00  0.123789E+00  0.124930E+00
  0.418830E+00  0.147299E+00  0.124562E+00
  0.419260E+00  0.140369E+00  0.124196E+00
  0.419690E+00  0.145469E+00  0.123832E+00
  0.420120E+00  0.140359E+00  0.123470E+00
  0.420560E+00  0.147459E+00  0.123102E+00
  0.420990E+00  0.129509E+00  0.122746E+00
  0.421420E+00  0.134979E+00  0.122392E+00
  0.421850E+00  0.139589E+00  0.122040E+00
  0.422280E+00  0.139479E+00  0.121691E+00
  0.422710E+00  0.139169E+00  0.121344E+00
  0.423140E+00  0.152559E+00  0.121001E+00
  0.423570E+00  0.136079E+00  0.120660E+00
  0.424010E+00  0.131389E+00  0.120314E+00
  0.424440E+00  0.149809E+00  0.119978E+00
  0.424870E+00  0.152039E+00  0.119646E+00
  0.425300E+00  0.141129E+00  0.119316E+00
  0.425730E+00  0.154149E+00  0.118990E+00
  0.426160E+00  0.137279E+00  0.118666E+00
  0.426590E+00  0.132449E+00  0.118345E+00
  0.427020E+00  0.149229E+00  0.118028E+00
  0.427450E+00  0.169749E+00  0.117713E+00
  0.427890E+00  0.157229E+00  0.117395E+00
  0.428320E+00  0.130519E+00  0.117087E+00
  0.428750E+00  0.140639E+00  0.116782E+00
  0.429180E+00  0.137409E+00  0.116480E+00
  0.429610E+00  0.141939E+00  0.116182E+00
  0.430040E+00  0.130649E+00  0.115886E+00
  0.430470E+00  0.144319E+00  0.115595E+00
  0.430910E+00  0.135959E+00  0.115299E+00
  0.431340E+00  0.120479E+00  0.115014E+00
  0.431770E+00  0.126219E+00  0.114732E+00
  0.432200E+00  0.129519E+00  0.114453E+00
  0.432630E+00  0.141499E+00  0.114178E+00
  0.433060E+00  0.160109E+00  0.113905E+00
  0.433490E+00  0.150529E+00  0.113635E+00
  0.433920E+00  0.131239E+00  0.113369E+00
  0.434350E+00  0.142119E+00  0.113105E+00
  0.434790E+00  0.136799E+00  0.112838E+00
  0.435220E+00  0.150349E+00  0.112580E+00
  0.435650E+00  0.118319E+00  0.112325E+00
  0.436080E+00  0.117019E+00  0.112073E+00
  0.436510E+00  0.124149E+00  0.111823E+00
  0.436940E+00  0.130469E+00  0.111576E+00
  0.437370E+00  0.138619E+00  0.111332E+00
  0.437800E+00  0.146509E+00  0.111090E+00
  0.438230E+00  0.145329E+00  0.110851E+00
  0.438670E+00  0.132949E+00  0.110609E+00
  0.439100E+00  0.128319E+00  0.110375E+00
  0.439530E+00  0.133709E+00  0.110144E+00
  0.439960E+00  0.126279E+00  0.109915E+00
  0.440390E+00  0.128849E+00  0.109688E+00
  0.440820E+00  0.142229E+00  0.109463E+00
  0.441250E+00  0.138919E+00  0.109241E+00
  0.441690E+00  0.153039E+00  0.109016E+00
  0.442120E+00  0.114919E+00  0.108798E+00
  0.442550E+00  0.122259E+00  0.108582E+00
  0.442980E+00  0.114309E+00  0.108369E+00
  0.443410E+00  0.132459E+00  0.108157E+00
  0.443840E+00  0.134649E+00  0.107947E+00
  0.444270E+00  0.123589E+00  0.107739E+00
  0.444700E+00  0.113679E+00  0.107532E+00
  0.445140E+00  0.118859E+00  0.107323E+00
