 Merge of: tRNA_EDTA_A3 tRNA_EDTA_A3                                                                                                                                                                                                                            
tRNA_EDTA_A3  Conc = .10E+01  Mult = .10E+01  N1 =    9  N2 =  126  SCALE =  1
tRNA_EDTA_A3  Conc = .10E+01  Mult = .10E+01  N1 =  100  N2 =  506  SCALE =  1
 0.155070E-01  0.336181E+03  0.830121E+01
 0.161150E-01  0.335339E+03  0.732802E+01
 0.167240E-01  0.332607E+03  0.626455E+01
 0.173320E-01  0.339422E+03  0.610820E+01
 0.179400E-01  0.330294E+03  0.597452E+01
 0.185480E-01  0.326280E+03  0.514808E+01
 0.191560E-01  0.328944E+03  0.531259E+01
 0.197640E-01  0.327793E+03  0.471819E+01
 0.203720E-01  0.325281E+03  0.366958E+01
 0.209800E-01  0.326142E+03  0.405017E+01
 0.215890E-01  0.319349E+03  0.480468E+01
 0.221970E-01  0.320712E+03  0.370465E+01
 0.228050E-01  0.316266E+03  0.376870E+01
 0.234130E-01  0.316096E+03  0.346638E+01
 0.240210E-01  0.317272E+03  0.363410E+01
 0.246290E-01  0.316609E+03  0.322199E+01
 0.252370E-01  0.314801E+03  0.325073E+01
 0.258450E-01  0.313863E+03  0.291962E+01
 0.264540E-01  0.311608E+03  0.291437E+01
 0.270620E-01  0.307701E+03  0.341404E+01
 0.276700E-01  0.306493E+03  0.312181E+01
 0.282780E-01  0.303263E+03  0.330574E+01
 0.288860E-01  0.299168E+03  0.332697E+01
 0.294940E-01  0.296984E+03  0.320116E+01
 0.301020E-01  0.299175E+03  0.313646E+01
 0.307100E-01  0.295936E+03  0.331928E+01
 0.313190E-01  0.292898E+03  0.339565E+01
 0.319270E-01  0.287954E+03  0.319346E+01
 0.325350E-01  0.285525E+03  0.304391E+01
 0.331430E-01  0.285347E+03  0.325533E+01
 0.337510E-01  0.283104E+03  0.289276E+01
 0.343590E-01  0.278447E+03  0.273678E+01
 0.349670E-01  0.277378E+03  0.289902E+01
 0.355750E-01  0.273057E+03  0.288991E+01
 0.361840E-01  0.272655E+03  0.285916E+01
 0.367920E-01  0.270592E+03  0.278201E+01
 0.374000E-01  0.267389E+03  0.276937E+01
 0.380080E-01  0.261971E+03  0.251771E+01
 0.386160E-01  0.262566E+03  0.283439E+01
 0.392240E-01  0.254799E+03  0.262321E+01
 0.398320E-01  0.253081E+03  0.295913E+01
 0.404400E-01  0.251681E+03  0.237880E+01
 0.410490E-01  0.251345E+03  0.260523E+01
 0.416570E-01  0.247191E+03  0.247363E+01
 0.422650E-01  0.248503E+03  0.262691E+01
 0.428730E-01  0.243295E+03  0.240692E+01
 0.434810E-01  0.239922E+03  0.266195E+01
 0.440890E-01  0.237111E+03  0.244903E+01
 0.446970E-01  0.232597E+03  0.262811E+01
 0.453050E-01  0.231992E+03  0.239846E+01
 0.459140E-01  0.229888E+03  0.253290E+01
 0.465220E-01  0.227425E+03  0.242305E+01
 0.471300E-01  0.224013E+03  0.235012E+01
 0.477380E-01  0.224061E+03  0.236809E+01
 0.483460E-01  0.219704E+03  0.228640E+01
 0.489540E-01  0.219814E+03  0.245050E+01
 0.495620E-01  0.213200E+03  0.223306E+01
 0.501700E-01  0.211993E+03  0.235768E+01
 0.507790E-01  0.207881E+03  0.221475E+01
 0.513870E-01  0.206040E+03  0.214930E+01
 0.519950E-01  0.202074E+03  0.210778E+01
 0.526030E-01  0.200729E+03  0.220685E+01
 0.532110E-01  0.198975E+03  0.196320E+01
 0.538190E-01  0.196569E+03  0.204232E+01
 0.544270E-01  0.194239E+03  0.186992E+01
 0.550350E-01  0.191468E+03  0.204232E+01
 0.556440E-01  0.188034E+03  0.199666E+01
 0.562520E-01  0.185648E+03  0.202592E+01
 0.568600E-01  0.182812E+03  0.188242E+01
 0.574680E-01  0.180075E+03  0.180140E+01
 0.580760E-01  0.177904E+03  0.184049E+01
 0.586840E-01  0.175579E+03  0.197714E+01
 0.592920E-01  0.172464E+03  0.210980E+01
 0.599000E-01  0.171939E+03  0.184853E+01
 0.605090E-01  0.171646E+03  0.188760E+01
 0.611170E-01  0.166880E+03  0.168387E+01
 0.617250E-01  0.165576E+03  0.170368E+01
 0.623330E-01  0.161375E+03  0.165485E+01
 0.629410E-01  0.158649E+03  0.178211E+01
 0.635490E-01  0.157633E+03  0.165908E+01
 0.641570E-01  0.155271E+03  0.173543E+01
 0.647650E-01  0.152601E+03  0.152967E+01
 0.653740E-01  0.151065E+03  0.158465E+01
 0.659820E-01  0.148495E+03  0.168162E+01
 0.665900E-01  0.147161E+03  0.168445E+01
 0.671980E-01  0.144426E+03  0.162483E+01
 0.678060E-01  0.143569E+03  0.172657E+01
 0.684140E-01  0.142377E+03  0.177798E+01
 0.690220E-01  0.139025E+03  0.159601E+01
 0.696300E-01  0.138102E+03  0.155183E+01
 0.702380E-01  0.134109E+03  0.180573E+01
 0.708470E-01  0.132687E+03  0.929168E+00
 0.714550E-01  0.131589E+03  0.897511E+00
 0.720630E-01  0.129726E+03  0.972549E+00
 0.726710E-01  0.128121E+03  0.851070E+00
 0.732790E-01  0.126928E+03  0.894306E+00
 0.738870E-01  0.124580E+03  0.832364E+00
 0.744950E-01  0.123198E+03  0.823745E+00
 0.751030E-01  0.121033E+03  0.835246E+00
 0.757120E-01  0.119475E+03  0.887556E+00
 0.763200E-01  0.118123E+03  0.843114E+00
 0.769280E-01  0.115868E+03  0.786715E+00
 0.775360E-01  0.114742E+03  0.829478E+00
 0.781440E-01  0.112653E+03  0.736211E+00
 0.787520E-01  0.111189E+03  0.760479E+00
 0.793600E-01  0.109702E+03  0.721794E+00
 0.799680E-01  0.108142E+03  0.700734E+00
 0.805760E-01  0.106371E+03  0.650522E+00
 0.811850E-01  0.105057E+03  0.722791E+00
 0.817930E-01  0.104016E+03  0.661577E+00
 0.824010E-01  0.102783E+03  0.694622E+00
 0.830090E-01  0.100872E+03  0.684259E+00
 0.836170E-01  0.100099E+03  0.684409E+00
 0.842250E-01  0.996743E+02  0.637328E+00
 0.848330E-01  0.971583E+02  0.668918E+00
 0.854410E-01  0.961680E+02  0.612213E+00
 0.860490E-01  0.950431E+02  0.624710E+00
 0.866580E-01  0.941100E+02  0.631471E+00
 0.872660E-01  0.920296E+02  0.736074E+00
 0.878740E-01  0.917558E+02  0.759898E+00
 0.884820E-01  0.896344E+02  0.633325E+00
 0.890900E-01  0.889587E+02  0.634754E+00
 0.896980E-01  0.878437E+02  0.588382E+00
 0.903060E-01  0.863018E+02  0.637232E+00
 0.909140E-01  0.851512E+02  0.585927E+00
 0.915220E-01  0.846457E+02  0.626195E+00
 0.921310E-01  0.830253E+02  0.580381E+00
 0.927390E-01  0.819725E+02  0.605282E+00
 0.933470E-01  0.811449E+02  0.542629E+00
 0.939550E-01  0.794422E+02  0.585444E+00
 0.945630E-01  0.787363E+02  0.553360E+00
 0.951710E-01  0.781304E+02  0.584448E+00
 0.957790E-01  0.771784E+02  0.568079E+00
 0.963870E-01  0.762405E+02  0.561091E+00
 0.969950E-01  0.757631E+02  0.569539E+00
 0.976040E-01  0.745204E+02  0.557316E+00
 0.982120E-01  0.742813E+02  0.505575E+00
 0.988200E-01  0.725548E+02  0.475959E+00
 0.994280E-01  0.714289E+02  0.476176E+00
 0.100036E+00  0.700828E+02  0.451873E+00
 0.100644E+00  0.693531E+02  0.489624E+00
 0.101252E+00  0.680939E+02  0.523014E+00
 0.101860E+00  0.682314E+02  0.589084E+00
 0.102468E+00  0.671858E+02  0.520548E+00
 0.103077E+00  0.661516E+02  0.478968E+00
 0.103685E+00  0.654846E+02  0.421921E+00
 0.104293E+00  0.649462E+02  0.414030E+00
 0.104901E+00  0.636146E+02  0.409769E+00
 0.105509E+00  0.632757E+02  0.404397E+00
 0.106117E+00  0.621676E+02  0.433470E+00
 0.106725E+00  0.614136E+02  0.406226E+00
 0.107333E+00  0.610782E+02  0.407834E+00
 0.107941E+00  0.603968E+02  0.388648E+00
 0.108550E+00  0.594446E+02  0.388767E+00
 0.109158E+00  0.591877E+02  0.375286E+00
 0.109766E+00  0.585556E+02  0.408290E+00
 0.110374E+00  0.574699E+02  0.374135E+00
 0.110982E+00  0.569997E+02  0.369787E+00
 0.111590E+00  0.562311E+02  0.372184E+00
 0.112198E+00  0.550986E+02  0.364158E+00
 0.112806E+00  0.545033E+02  0.329414E+00
 0.113414E+00  0.541666E+02  0.330031E+00
 0.114022E+00  0.532471E+02  0.332593E+00
 0.114631E+00  0.525835E+02  0.326522E+00
 0.115239E+00  0.518823E+02  0.331950E+00
 0.115847E+00  0.513418E+02  0.331648E+00
 0.116455E+00  0.506951E+02  0.334151E+00
 0.117063E+00  0.505867E+02  0.330626E+00
 0.117671E+00  0.500614E+02  0.330912E+00
 0.118279E+00  0.494788E+02  0.302511E+00
 0.118887E+00  0.492206E+02  0.340528E+00
 0.119495E+00  0.484465E+02  0.300480E+00
 0.120103E+00  0.479229E+02  0.306254E+00
 0.120712E+00  0.474536E+02  0.292451E+00
 0.121320E+00  0.469126E+02  0.294854E+00
 0.121928E+00  0.463839E+02  0.281680E+00
 0.122536E+00  0.461783E+02  0.291290E+00
 0.123144E+00  0.454254E+02  0.262971E+00
 0.123752E+00  0.450831E+02  0.284542E+00
 0.124360E+00  0.442622E+02  0.312874E+00
 0.124968E+00  0.438373E+02  0.296738E+00
 0.125576E+00  0.434433E+02  0.359956E+00
 0.126184E+00  0.426980E+02  0.283644E+00
 0.126793E+00  0.425134E+02  0.252008E+00
 0.127401E+00  0.420462E+02  0.251373E+00
 0.128009E+00  0.422073E+02  0.272461E+00
 0.128617E+00  0.412045E+02  0.243527E+00
 0.129225E+00  0.408650E+02  0.252596E+00
 0.129833E+00  0.403114E+02  0.247197E+00
 0.130441E+00  0.401229E+02  0.251035E+00
 0.131049E+00  0.396235E+02  0.273645E+00
 0.131657E+00  0.393652E+02  0.262379E+00
 0.132265E+00  0.388476E+02  0.239605E+00
 0.132873E+00  0.386163E+02  0.233330E+00
 0.133482E+00  0.382133E+02  0.227186E+00
 0.134090E+00  0.380072E+02  0.224062E+00
 0.134698E+00  0.374196E+02  0.221572E+00
 0.135306E+00  0.371099E+02  0.234938E+00
 0.135914E+00  0.368517E+02  0.235106E+00
 0.136522E+00  0.362494E+02  0.245449E+00
 0.137130E+00  0.359740E+02  0.241373E+00
 0.137738E+00  0.355491E+02  0.231573E+00
 0.138346E+00  0.351990E+02  0.218262E+00
 0.138954E+00  0.348352E+02  0.210011E+00
 0.139562E+00  0.347359E+02  0.208523E+00
 0.140171E+00  0.342596E+02  0.206601E+00
 0.140779E+00  0.341008E+02  0.224260E+00
 0.141387E+00  0.336115E+02  0.200147E+00
 0.141995E+00  0.335061E+02  0.207700E+00
 0.142603E+00  0.330075E+02  0.204411E+00
 0.143211E+00  0.326327E+02  0.203957E+00
 0.143819E+00  0.321368E+02  0.210317E+00
 0.144427E+00  0.319076E+02  0.202170E+00
 0.145035E+00  0.315640E+02  0.206700E+00
 0.145643E+00  0.311549E+02  0.206313E+00
 0.146251E+00  0.310492E+02  0.212008E+00
 0.146860E+00  0.310515E+02  0.197103E+00
 0.147468E+00  0.307311E+02  0.201356E+00
 0.148076E+00  0.305410E+02  0.187294E+00
 0.148684E+00  0.301062E+02  0.189793E+00
 0.149292E+00  0.297180E+02  0.194216E+00
 0.149900E+00  0.293393E+02  0.197320E+00
 0.150508E+00  0.289286E+02  0.184316E+00
 0.151116E+00  0.285462E+02  0.192972E+00
 0.151724E+00  0.280549E+02  0.196523E+00
 0.152332E+00  0.282401E+02  0.193194E+00
 0.152940E+00  0.278550E+02  0.192813E+00
 0.153548E+00  0.278867E+02  0.187326E+00
 0.154156E+00  0.274718E+02  0.170704E+00
 0.154765E+00  0.274805E+02  0.177989E+00
 0.155373E+00  0.270201E+02  0.177441E+00
 0.155981E+00  0.269931E+02  0.176549E+00
 0.156589E+00  0.269083E+02  0.181370E+00
 0.157197E+00  0.262543E+02  0.181365E+00
 0.157805E+00  0.261537E+02  0.187538E+00
 0.158413E+00  0.259239E+02  0.179383E+00
 0.159021E+00  0.257824E+02  0.182669E+00
 0.159629E+00  0.253912E+02  0.172436E+00
 0.160237E+00  0.251611E+02  0.170885E+00
 0.160845E+00  0.248051E+02  0.178353E+00
 0.161453E+00  0.245116E+02  0.178719E+00
 0.162061E+00  0.244315E+02  0.171469E+00
 0.162670E+00  0.242218E+02  0.179989E+00
 0.163278E+00  0.239388E+02  0.167311E+00
 0.163886E+00  0.237213E+02  0.172642E+00
 0.164494E+00  0.235250E+02  0.189517E+00
 0.165102E+00  0.232318E+02  0.227587E+00
 0.165710E+00  0.230701E+02  0.212892E+00
 0.166318E+00  0.226132E+02  0.199941E+00
 0.166926E+00  0.225607E+02  0.189785E+00
 0.167534E+00  0.223833E+02  0.221584E+00
 0.168142E+00  0.222197E+02  0.186988E+00
 0.168750E+00  0.220038E+02  0.212054E+00
 0.169358E+00  0.216813E+02  0.169059E+00
 0.169966E+00  0.212925E+02  0.163366E+00
 0.170574E+00  0.212762E+02  0.162944E+00
 0.171183E+00  0.212672E+02  0.176158E+00
 0.171791E+00  0.210092E+02  0.165887E+00
 0.172399E+00  0.208173E+02  0.154579E+00
 0.173007E+00  0.204907E+02  0.161366E+00
 0.173615E+00  0.203425E+02  0.157969E+00
 0.174223E+00  0.200865E+02  0.163125E+00
 0.174831E+00  0.200679E+02  0.160625E+00
 0.175439E+00  0.197984E+02  0.149784E+00
 0.176047E+00  0.198824E+02  0.148972E+00
 0.176655E+00  0.197353E+02  0.161805E+00
 0.177263E+00  0.195662E+02  0.214905E+00
 0.177871E+00  0.191258E+02  0.185970E+00
 0.178479E+00  0.190412E+02  0.268921E+00
 0.179087E+00  0.186548E+02  0.177193E+00
 0.179695E+00  0.186525E+02  0.156133E+00
 0.180304E+00  0.184546E+02  0.145998E+00
 0.180912E+00  0.182242E+02  0.149748E+00
 0.181520E+00  0.181041E+02  0.140592E+00
 0.182128E+00  0.177461E+02  0.146326E+00
 0.182736E+00  0.177085E+02  0.143613E+00
 0.183344E+00  0.175510E+02  0.153667E+00
 0.183952E+00  0.175577E+02  0.157344E+00
 0.184560E+00  0.174644E+02  0.145211E+00
 0.185168E+00  0.172002E+02  0.139243E+00
 0.185776E+00  0.170288E+02  0.144602E+00
 0.186384E+00  0.169562E+02  0.145806E+00
 0.186992E+00  0.168245E+02  0.145181E+00
 0.187600E+00  0.167604E+02  0.141304E+00
 0.188208E+00  0.167147E+02  0.136970E+00
 0.188816E+00  0.163350E+02  0.142060E+00
 0.189424E+00  0.162468E+02  0.136632E+00
 0.190032E+00  0.161975E+02  0.143959E+00
 0.190641E+00  0.159875E+02  0.144492E+00
 0.191249E+00  0.157259E+02  0.147481E+00
 0.191857E+00  0.156579E+02  0.141146E+00
 0.192465E+00  0.155679E+02  0.138368E+00
 0.193073E+00  0.154185E+02  0.132622E+00
 0.193681E+00  0.152645E+02  0.130375E+00
 0.194289E+00  0.151059E+02  0.131278E+00
 0.194897E+00  0.147329E+02  0.138663E+00
 0.195505E+00  0.146518E+02  0.143129E+00
 0.196113E+00  0.145966E+02  0.136779E+00
 0.196721E+00  0.146609E+02  0.155225E+00
 0.197329E+00  0.146192E+02  0.140517E+00
 0.197937E+00  0.146676E+02  0.136453E+00
 0.198545E+00  0.143438E+02  0.138613E+00
 0.199153E+00  0.141873E+02  0.140528E+00
 0.199761E+00  0.137914E+02  0.134890E+00
 0.200369E+00  0.136750E+02  0.129111E+00
 0.200977E+00  0.136573E+02  0.124802E+00
 0.201585E+00  0.134912E+02  0.129639E+00
 0.202193E+00  0.134482E+02  0.131205E+00
 0.202802E+00  0.135520E+02  0.135518E+00
 0.203410E+00  0.134312E+02  0.129778E+00
 0.204018E+00  0.132078E+02  0.137155E+00
 0.204626E+00  0.130987E+02  0.136304E+00
 0.205234E+00  0.130061E+02  0.158583E+00
 0.205842E+00  0.129100E+02  0.147388E+00
 0.206450E+00  0.127112E+02  0.159315E+00
 0.207058E+00  0.127171E+02  0.141967E+00
 0.207666E+00  0.126749E+02  0.134746E+00
 0.208274E+00  0.125776E+02  0.137863E+00
 0.208882E+00  0.123910E+02  0.146886E+00
 0.209490E+00  0.122661E+02  0.221519E+00
 0.210098E+00  0.120414E+02  0.156264E+00
 0.210706E+00  0.118997E+02  0.149519E+00
 0.211314E+00  0.119873E+02  0.159603E+00
 0.211922E+00  0.119017E+02  0.157087E+00
 0.212530E+00  0.117888E+02  0.146206E+00
 0.213138E+00  0.115907E+02  0.133151E+00
 0.213746E+00  0.115582E+02  0.130282E+00
 0.214354E+00  0.115082E+02  0.127762E+00
 0.214962E+00  0.115622E+02  0.136910E+00
 0.215570E+00  0.113327E+02  0.121697E+00
 0.216178E+00  0.114019E+02  0.120829E+00
 0.216786E+00  0.112532E+02  0.119998E+00
 0.217394E+00  0.111184E+02  0.122840E+00
 0.218002E+00  0.109479E+02  0.120911E+00
 0.218610E+00  0.109353E+02  0.120629E+00
 0.219219E+00  0.109144E+02  0.120591E+00
 0.219827E+00  0.108687E+02  0.126643E+00
 0.220435E+00  0.109875E+02  0.122957E+00
 0.221043E+00  0.106734E+02  0.126545E+00
 0.221651E+00  0.106712E+02  0.120021E+00
 0.222259E+00  0.105865E+02  0.120847E+00
 0.222867E+00  0.104769E+02  0.117794E+00
 0.223475E+00  0.104413E+02  0.124205E+00
 0.224083E+00  0.105019E+02  0.122063E+00
 0.224691E+00  0.104286E+02  0.124688E+00
 0.225299E+00  0.104669E+02  0.126331E+00
 0.225907E+00  0.104574E+02  0.121035E+00
 0.226515E+00  0.104433E+02  0.121835E+00
 0.227123E+00  0.101787E+02  0.116880E+00
 0.227731E+00  0.100882E+02  0.118832E+00
 0.228339E+00  0.985368E+01  0.122623E+00
 0.228947E+00  0.963225E+01  0.146888E+00
 0.229555E+00  0.965328E+01  0.227260E+00
 0.230163E+00  0.969355E+01  0.186285E+00
 0.230771E+00  0.971221E+01  0.145985E+00
 0.231379E+00  0.958401E+01  0.160091E+00
 0.231987E+00  0.952210E+01  0.131754E+00
 0.232595E+00  0.949978E+01  0.132650E+00
 0.233203E+00  0.943127E+01  0.123229E+00
 0.233811E+00  0.920706E+01  0.137502E+00
 0.234419E+00  0.906219E+01  0.128541E+00
 0.235027E+00  0.910962E+01  0.143180E+00
 0.235635E+00  0.906270E+01  0.125128E+00
 0.236243E+00  0.904986E+01  0.132786E+00
 0.236851E+00  0.914454E+01  0.116985E+00
 0.237459E+00  0.877010E+01  0.114613E+00
 0.238067E+00  0.866910E+01  0.121120E+00
 0.238675E+00  0.858068E+01  0.118854E+00
 0.239283E+00  0.861889E+01  0.118223E+00
 0.239891E+00  0.861973E+01  0.116200E+00
 0.240499E+00  0.873705E+01  0.112385E+00
 0.241107E+00  0.855815E+01  0.110894E+00
 0.241715E+00  0.872033E+01  0.119408E+00
 0.242323E+00  0.847077E+01  0.115346E+00
 0.242931E+00  0.854623E+01  0.113517E+00
 0.243539E+00  0.848780E+01  0.109225E+00
 0.244147E+00  0.834085E+01  0.110285E+00
 0.244755E+00  0.821698E+01  0.105913E+00
 0.245363E+00  0.820342E+01  0.106439E+00
 0.245971E+00  0.798507E+01  0.113322E+00
 0.246579E+00  0.806650E+01  0.114749E+00
 0.247187E+00  0.793073E+01  0.114511E+00
 0.247795E+00  0.800378E+01  0.112035E+00
 0.248403E+00  0.785054E+01  0.109462E+00
 0.249011E+00  0.790701E+01  0.112599E+00
 0.249619E+00  0.789312E+01  0.114209E+00
 0.250227E+00  0.788754E+01  0.108326E+00
 0.250835E+00  0.794486E+01  0.106101E+00
 0.251443E+00  0.788853E+01  0.108869E+00
 0.252051E+00  0.759012E+01  0.111312E+00
 0.252659E+00  0.747665E+01  0.111044E+00
 0.253267E+00  0.743217E+01  0.111870E+00
 0.253875E+00  0.752059E+01  0.110736E+00
 0.254483E+00  0.746288E+01  0.110194E+00
 0.255091E+00  0.747609E+01  0.111749E+00
 0.255699E+00  0.750007E+01  0.115947E+00
 0.256307E+00  0.742266E+01  0.105448E+00
 0.256915E+00  0.736381E+01  0.999535E-01
 0.257523E+00  0.720270E+01  0.104538E+00
 0.258131E+00  0.709739E+01  0.108443E+00
 0.258739E+00  0.724980E+01  0.111282E+00
 0.259347E+00  0.718174E+01  0.110848E+00
 0.259955E+00  0.719386E+01  0.107077E+00
 0.260563E+00  0.730588E+01  0.104908E+00
 0.261171E+00  0.712485E+01  0.104608E+00
 0.261779E+00  0.691718E+01  0.110942E+00
 0.262387E+00  0.691257E+01  0.108160E+00
 0.262995E+00  0.688731E+01  0.107347E+00
 0.263603E+00  0.685551E+01  0.104154E+00
 0.264211E+00  0.695006E+01  0.105848E+00
 0.264819E+00  0.703009E+01  0.105692E+00
 0.265427E+00  0.704026E+01  0.111437E+00
 0.266035E+00  0.686544E+01  0.106617E+00
 0.266643E+00  0.682347E+01  0.108501E+00
 0.267251E+00  0.676526E+01  0.108706E+00
 0.267859E+00  0.659636E+01  0.107809E+00
 0.268467E+00  0.660262E+01  0.994962E-01
 0.269075E+00  0.659948E+01  0.101740E+00
 0.269683E+00  0.658451E+01  0.101467E+00
 0.270291E+00  0.660152E+01  0.101876E+00
 0.270899E+00  0.650275E+01  0.104545E+00
 0.271507E+00  0.663458E+01  0.104016E+00
 0.272115E+00  0.648865E+01  0.105452E+00
 0.272723E+00  0.643964E+01  0.122343E+00
 0.273331E+00  0.632048E+01  0.115357E+00
 0.273939E+00  0.629559E+01  0.119625E+00
 0.274547E+00  0.633082E+01  0.129258E+00
 0.275155E+00  0.621512E+01  0.107174E+00
 0.275763E+00  0.618260E+01  0.102190E+00
 0.276371E+00  0.605634E+01  0.102014E+00
 0.276979E+00  0.612248E+01  0.984496E-01
 0.277587E+00  0.593232E+01  0.968616E-01
 0.278195E+00  0.606609E+01  0.988715E-01
 0.278803E+00  0.606972E+01  0.983726E-01
 0.279411E+00  0.606954E+01  0.101960E+00
 0.280019E+00  0.606001E+01  0.981938E-01
 0.280626E+00  0.601520E+01  0.109205E+00
 0.281234E+00  0.594905E+01  0.135632E+00
 0.281842E+00  0.595796E+01  0.103479E+00
 0.282450E+00  0.603260E+01  0.100291E+00
 0.283058E+00  0.583894E+01  0.971487E-01
 0.283666E+00  0.595765E+01  0.101477E+00
 0.284274E+00  0.605767E+01  0.104738E+00
 0.284882E+00  0.590524E+01  0.100217E+00
 0.285490E+00  0.589342E+01  0.965899E-01
 0.286098E+00  0.580567E+01  0.101379E+00
 0.286706E+00  0.569273E+01  0.101343E+00
 0.287314E+00  0.565142E+01  0.987582E-01
 0.287922E+00  0.568938E+01  0.930933E-01
 0.288530E+00  0.555196E+01  0.970910E-01
 0.289138E+00  0.561401E+01  0.916124E-01
 0.289746E+00  0.568457E+01  0.947982E-01
 0.290354E+00  0.564705E+01  0.940094E-01
 0.290962E+00  0.560985E+01  0.121931E+00
 0.291570E+00  0.561976E+01  0.237400E+00
 0.292178E+00  0.553254E+01  0.286116E+00
 0.292786E+00  0.554835E+01  0.139701E+00
 0.293394E+00  0.550181E+01  0.955686E-01
 0.294002E+00  0.549761E+01  0.928752E-01
 0.294610E+00  0.547114E+01  0.893802E-01
 0.295217E+00  0.540108E+01  0.919897E-01
 0.295825E+00  0.539051E+01  0.915180E-01
 0.296433E+00  0.517749E+01  0.892343E-01
 0.297041E+00  0.529773E+01  0.889005E-01
 0.297649E+00  0.526645E+01  0.950717E-01
 0.298257E+00  0.538098E+01  0.907130E-01
 0.298865E+00  0.539713E+01  0.942255E-01
 0.299473E+00  0.544741E+01  0.100344E+00
 0.300081E+00  0.547250E+01  0.921884E-01
 0.300689E+00  0.535455E+01  0.995520E-01
 0.301297E+00  0.516976E+01  0.108879E+00
 0.301905E+00  0.514314E+01  0.995260E-01
 0.302513E+00  0.518173E+01  0.111017E+00
 0.303121E+00  0.516443E+01  0.970971E-01
 0.303729E+00  0.517252E+01  0.922069E-01
 0.304337E+00  0.517755E+01  0.955979E-01
 0.304945E+00  0.518853E+01  0.115285E+00
 0.305553E+00  0.514968E+01  0.105160E+00
 0.306160E+00  0.515549E+01  0.117459E+00
 0.306768E+00  0.505684E+01  0.127706E+00
 0.307376E+00  0.500878E+01  0.135925E+00
 0.307984E+00  0.508445E+01  0.129257E+00
 0.308592E+00  0.496083E+01  0.106732E+00
 0.309200E+00  0.495880E+01  0.926270E-01
 0.309808E+00  0.486765E+01  0.100732E+00
 0.310416E+00  0.489826E+01  0.106866E+00
 0.311024E+00  0.492364E+01  0.105894E+00
 0.311632E+00  0.495531E+01  0.113042E+00
 0.312240E+00  0.491592E+01  0.104001E+00
 0.312848E+00  0.489413E+01  0.928422E-01
 0.313456E+00  0.481666E+01  0.891725E-01
 0.314064E+00  0.479492E+01  0.872424E-01
 0.314671E+00  0.491921E+01  0.852903E-01
 0.315279E+00  0.510029E+01  0.885478E-01
 0.315887E+00  0.503543E+01  0.932067E-01
 0.316495E+00  0.486430E+01  0.116678E+00
 0.317103E+00  0.466343E+01  0.121035E+00
---------\\.PSF\Untitled\041308\tRNA_EDTA_A3_6.0051.dat-------------------
---------\\.PSF\Untitled\041308\tRNA_EDTA_A3_60.0052.dat-------------------
