0.015835 0.35529E+02 0.14916E+01
0.016094 0.36627E+02 0.13734E+01
0.016352 0.35232E+02 0.13620E+01
0.016611 0.34803E+02 0.12956E+01
0.016869000000000002 0.33883E+02 0.12520E+01
0.017127999999999997 0.34767E+02 0.12219E+01
0.017386 0.35953E+02 0.11321E+01
0.017645 0.35451E+02 0.11321E+01
0.017903 0.34461E+02 0.10961E+01
0.018162 0.33868E+02 0.10539E+01
0.01842 0.34452E+02 0.10251E+01
0.018679 0.35122E+02 0.97331E+00
0.018937000000000002 0.34466E+02 0.97975E+00
0.019195 0.31952E+02 0.93146E+00
0.019454 0.32853E+02 0.90864E+00
0.019712 0.32640E+02 0.89695E+00
0.019971 0.31928E+02 0.84891E+00
0.020229 0.32088E+02 0.86259E+00
0.020488 0.31880E+02 0.81402E+00
0.020746 0.33037E+02 0.81170E+00
0.021005 0.32053E+02 0.79944E+00
0.021263 0.32409E+02 0.76486E+00
0.021522 0.32320E+02 0.77020E+00
0.02178 0.32047E+02 0.73651E+00
0.022039 0.31275E+02 0.73156E+00
0.022297 0.31343E+02 0.71433E+00
0.022556 0.31188E+02 0.70306E+00
0.022814 0.30737E+02 0.69812E+00
0.023073 0.30445E+02 0.67267E+00
0.023330999999999998 0.30242E+02 0.66746E+00
0.023589 0.30695E+02 0.65218E+00
0.023848 0.30105E+02 0.63401E+00
0.024106 0.29345E+02 0.63060E+00
0.024365 0.29686E+02 0.62618E+00
0.024623 0.29412E+02 0.61650E+00
0.024882 0.29014E+02 0.59461E+00
0.025140000000000003 0.28870E+02 0.58913E+00
0.025398999999999998 0.28674E+02 0.58784E+00
0.025657000000000003 0.28112E+02 0.58228E+00
0.025916 0.27998E+02 0.56671E+00
0.026173999999999996 0.28602E+02 0.54773E+00
0.026433 0.28269E+02 0.55259E+00
0.026691 0.27653E+02 0.54583E+00
0.026949 0.28654E+02 0.55001E+00
0.027208 0.28665E+02 0.52850E+00
0.027466 0.26813E+02 0.51780E+00
0.027725 0.26679E+02 0.51947E+00
0.027983 0.26556E+02 0.51803E+00
0.028242 0.27210E+02 0.51366E+00
0.028499999999999998 0.26367E+02 0.49644E+00
0.028759 0.26135E+02 0.49758E+00
0.029016999999999998 0.26081E+02 0.50238E+00
0.029276000000000003 0.25047E+02 0.48196E+00
0.029533999999999998 0.25615E+02 0.48391E+00
0.029792999999999997 0.25394E+02 0.47859E+00
0.030051 0.25302E+02 0.47713E+00
0.030309999999999997 0.25055E+02 0.47365E+00
0.030568 0.25082E+02 0.46205E+00
0.030827 0.24578E+02 0.46629E+00
0.031085 0.24374E+02 0.45638E+00
0.031344 0.24666E+02 0.45612E+00
0.031602000000000005 0.24485E+02 0.44442E+00
0.03186 0.24103E+02 0.44711E+00
0.032118999999999995 0.24096E+02 0.44968E+00
0.032377 0.23712E+02 0.44239E+00
0.032636 0.23619E+02 0.43251E+00
0.032894 0.23236E+02 0.42962E+00
0.033153 0.23099E+02 0.43335E+00
0.033411 0.23044E+02 0.43392E+00
0.03367 0.22706E+02 0.41915E+00
0.033928 0.22110E+02 0.42189E+00
0.034187 0.22047E+02 0.41236E+00
0.034444999999999996 0.21646E+02 0.41669E+00
0.034703 0.21893E+02 0.41277E+00
0.034962 0.21643E+02 0.40613E+00
0.03522 0.22120E+02 0.41057E+00
0.035479 0.21133E+02 0.40384E+00
0.035737000000000005 0.20709E+02 0.40259E+00
0.035996 0.21054E+02 0.39247E+00
0.036253999999999995 0.21089E+02 0.39596E+00
0.036513000000000004 0.20866E+02 0.39710E+00
0.036771 0.20746E+02 0.39088E+00
0.03703 0.20294E+02 0.38929E+00
0.037288 0.20152E+02 0.38104E+00
0.037547000000000004 0.19972E+02 0.38633E+00
0.037805 0.19451E+02 0.38310E+00
0.038064 0.19359E+02 0.37283E+00
0.038322 0.18997E+02 0.37935E+00
0.038581 0.19013E+02 0.37434E+00
0.038839 0.19025E+02 0.37407E+00
0.039098 0.18647E+02 0.36607E+00
0.039356 0.18294E+02 0.36384E+00
0.039613999999999996 0.18491E+02 0.37021E+00
0.039873 0.18594E+02 0.36427E+00
0.040131 0.18332E+02 0.36416E+00
0.040389999999999995 0.18186E+02 0.35684E+00
0.040648000000000004 0.17294E+02 0.35538E+00
0.040907 0.17400E+02 0.35889E+00
0.041165 0.17148E+02 0.35279E+00
0.041424 0.17473E+02 0.34986E+00
0.041682000000000004 0.17445E+02 0.34810E+00
0.041941 0.16855E+02 0.34907E+00
0.042199 0.16770E+02 0.34984E+00
0.042457 0.16249E+02 0.34076E+00
0.042716 0.16338E+02 0.34578E+00
0.042974 0.16857E+02 0.34426E+00
0.043233 0.15948E+02 0.34410E+00
0.043491 0.16030E+02 0.34297E+00
0.04375 0.15761E+02 0.33941E+00
0.044008000000000005 0.15047E+02 0.34323E+00
0.044267 0.14830E+02 0.33623E+00
0.044524999999999995 0.15111E+02 0.34019E+00
0.044784000000000004 0.15337E+02 0.33969E+00
0.045042 0.14983E+02 0.33706E+00
0.045301 0.15081E+02 0.34177E+00
0.045559 0.14618E+02 0.33538E+00
0.045818 0.14433E+02 0.33607E+00
0.046076 0.14570E+02 0.33337E+00
0.046335 0.14400E+02 0.33739E+00
0.046593 0.14244E+02 0.33776E+00
0.046852 0.14279E+02 0.32877E+00
0.04711 0.13710E+02 0.33110E+00
0.047368 0.13867E+02 0.33265E+00
0.047627 0.13642E+02 0.33454E+00
0.047885 0.13167E+02 0.32933E+00
0.048144 0.13582E+02 0.32831E+00
0.048402 0.12886E+02 0.32895E+00
0.048660999999999996 0.12849E+02 0.32939E+00
0.048919000000000004 0.12591E+02 0.32602E+00
0.049178 0.12411E+02 0.32732E+00
0.049436 0.11911E+02 0.32507E+00
0.049695 0.12342E+02 0.32501E+00
0.049953 0.12400E+02 0.32780E+00
0.05021099999999999 0.11801E+02 0.32185E+00
0.05047 0.12142E+02 0.32063E+00
0.050727999999999995 0.12089E+02 0.32313E+00
0.050987000000000005 0.12004E+02 0.32148E+00
0.051245 0.11471E+02 0.31934E+00
0.05150400000000001 0.11432E+02 0.32189E+00
0.051761999999999996 0.11701E+02 0.31807E+00
0.052021 0.11567E+02 0.32040E+00
0.052279 0.11321E+02 0.31475E+00
0.052537999999999994 0.10777E+02 0.31937E+00
0.052795999999999996 0.11044E+02 0.31810E+00
0.053055 0.11314E+02 0.31721E+00
0.053313 0.11099E+02 0.31261E+00
0.053571999999999995 0.10957E+02 0.30969E+00
0.05383 0.10293E+02 0.31782E+00
0.054088000000000004 0.10166E+02 0.31413E+00
0.054347 0.10286E+02 0.31387E+00
0.054605 0.98431E+01 0.31293E+00
0.054864 0.10082E+02 0.31053E+00
0.055122000000000004 0.10137E+02 0.31840E+00
0.055381 0.96205E+01 0.31563E+00
0.05563900000000001 0.95745E+01 0.31292E+00
0.055898 0.98503E+01 0.32029E+00
0.056156 0.98083E+01 0.31397E+00
0.05641500000000001 0.92912E+01 0.32010E+00
0.056672999999999994 0.91731E+01 0.31342E+00
0.056932 0.92598E+01 0.31626E+00
0.05719 0.91982E+01 0.31764E+00
0.05744899999999999 0.86099E+01 0.31641E+00
0.057706999999999994 0.90758E+01 0.32216E+00
0.057966 0.89097E+01 0.31261E+00
0.058224 0.86133E+01 0.31881E+00
0.05848299999999999 0.89441E+01 0.32089E+00
0.058741 0.83226E+01 0.31732E+00
0.058999 0.83187E+01 0.32214E+00
0.059258 0.86455E+01 0.31719E+00
0.059516 0.82009E+01 0.32011E+00
0.059775 0.82061E+01 0.31795E+00
0.060033 0.80443E+01 0.31548E+00
0.060292 0.76649E+01 0.32015E+00
0.06055000000000001 0.78204E+01 0.31993E+00
0.060809 0.75675E+01 0.32102E+00
0.061067 0.78800E+01 0.31770E+00
0.061326000000000006 0.77114E+01 0.31878E+00
0.06158400000000001 0.73192E+01 0.32161E+00
0.061843 0.75751E+01 0.32060E+00
0.062100999999999996 0.77722E+01 0.32109E+00
0.062360000000000006 0.71663E+01 0.32034E+00
0.062618 0.67694E+01 0.31792E+00
0.062876 0.68064E+01 0.31952E+00
0.063135 0.67677E+01 0.32038E+00
0.063393 0.75926E+01 0.32223E+00
0.063652 0.75416E+01 0.31912E+00
0.06391 0.68809E+01 0.32106E+00
0.064169 0.68063E+01 0.32140E+00
0.064427 0.70204E+01 0.31894E+00
0.064686 0.66927E+01 0.31877E+00
0.064944 0.66410E+01 0.32056E+00
0.065203 0.66364E+01 0.32233E+00
0.065461 0.62894E+01 0.32004E+00
0.06572 0.59211E+01 0.32000E+00
0.06597800000000001 0.57985E+01 0.31901E+00
0.06623599999999999 0.58354E+01 0.32070E+00
0.066495 0.61256E+01 0.31999E+00
0.06675299999999999 0.61099E+01 0.31921E+00
0.067012 0.60621E+01 0.32206E+00
0.06727 0.61167E+01 0.32103E+00
0.06752899999999999 0.56231E+01 0.32043E+00
0.067787 0.55261E+01 0.31801E+00
0.068046 0.55789E+01 0.32022E+00
0.068304 0.61018E+01 0.32326E+00
0.068563 0.54798E+01 0.32118E+00
0.068821 0.53403E+01 0.31989E+00
0.06908 0.54016E+01 0.31800E+00
0.069338 0.50132E+01 0.32022E+00
0.06959699999999999 0.53082E+01 0.32496E+00
0.069855 0.52713E+01 0.31743E+00
0.07011300000000001 0.52299E+01 0.32139E+00
0.070372 0.50317E+01 0.32052E+00
0.07063 0.52652E+01 0.32180E+00
0.07088900000000001 0.52421E+01 0.31988E+00
0.071147 0.52942E+01 0.32017E+00
0.071406 0.48179E+01 0.32366E+00
0.071664 0.51970E+01 0.32181E+00
0.071923 0.49768E+01 0.32261E+00
0.072181 0.48717E+01 0.32182E+00
0.07244 0.46151E+01 0.31735E+00
0.072698 0.45761E+01 0.32371E+00
0.07295700000000001 0.45405E+01 0.31997E+00
0.073215 0.42510E+01 0.32024E+00
0.073474 0.42167E+01 0.32311E+00
0.07373199999999999 0.42795E+01 0.32134E+00
0.073991 0.39421E+01 0.32287E+00
0.074249 0.42589E+01 0.31675E+00
0.074507 0.45573E+01 0.32160E+00
0.074766 0.44735E+01 0.32078E+00
0.07502400000000001 0.45602E+01 0.32323E+00
0.075283 0.40922E+01 0.32031E+00
0.075541 0.40087E+01 0.31838E+00
0.0758 0.42286E+01 0.32131E+00
0.076058 0.42853E+01 0.32261E+00
0.076317 0.45586E+01 0.32169E+00
0.076575 0.38967E+01 0.32019E+00
0.076834 0.39493E+01 0.32210E+00
0.07709200000000001 0.37036E+01 0.32239E+00
0.077351 0.40461E+01 0.32204E+00
0.077609 0.40196E+01 0.31830E+00
0.077868 0.35292E+01 0.32058E+00
0.078126 0.35840E+01 0.31959E+00
0.078384 0.35651E+01 0.32248E+00
0.07864299999999999 0.35907E+01 0.31872E+00
0.078901 0.35364E+01 0.31693E+00
0.07916 0.35686E+01 0.32170E+00
0.079418 0.33344E+01 0.32162E+00
0.079677 0.34037E+01 0.32091E+00
0.079935 0.35301E+01 0.32262E+00
0.080194 0.33875E+01 0.31940E+00
0.080452 0.33837E+01 0.31834E+00
0.080711 0.32178E+01 0.31949E+00
0.080969 0.34446E+01 0.32131E+00
0.081228 0.32808E+01 0.32190E+00
0.081486 0.30119E+01 0.32180E+00
0.08174400000000001 0.29087E+01 0.31766E+00
0.082003 0.27881E+01 0.31815E+00
0.082261 0.29593E+01 0.32062E+00
0.08252000000000001 0.29270E+01 0.32102E+00
0.08277799999999999 0.31226E+01 0.32331E+00
0.083037 0.24740E+01 0.31687E+00
0.083295 0.22347E+01 0.32095E+00
0.08355399999999999 0.25263E+01 0.31962E+00
0.083812 0.30098E+01 0.32166E+00
0.08407099999999999 0.29799E+01 0.32069E+00
0.084329 0.29188E+01 0.27643E+00
0.084588 0.28520E+01 0.18155E+00
0.084846 0.29306E+01 0.17991E+00
0.085105 0.28842E+01 0.17788E+00
0.085363 0.26947E+01 0.17851E+00
0.085621 0.26444E+01 0.17858E+00
0.08588 0.24646E+01 0.17963E+00
0.086138 0.27106E+01 0.17847E+00
0.086397 0.26701E+01 0.17897E+00
0.08665500000000001 0.26039E+01 0.17880E+00
0.086914 0.27178E+01 0.17949E+00
0.087172 0.25681E+01 0.17974E+00
0.08743100000000001 0.27755E+01 0.17786E+00
0.08768899999999999 0.27970E+01 0.17906E+00
0.087948 0.27319E+01 0.17996E+00
0.08820599999999999 0.22812E+01 0.17904E+00
0.088465 0.23897E+01 0.17701E+00
0.088723 0.25405E+01 0.17860E+00
0.088982 0.24409E+01 0.17849E+00
0.08924 0.24754E+01 0.18009E+00
0.089499 0.23567E+01 0.17792E+00
0.089757 0.21781E+01 0.17784E+00
0.090015 0.20504E+01 0.17919E+00
0.090274 0.21427E+01 0.17955E+00
0.090532 0.22051E+01 0.17892E+00
0.090791 0.24048E+01 0.17769E+00
0.091049 0.23256E+01 0.17810E+00
0.091308 0.22352E+01 0.17971E+00
0.09156600000000001 0.22992E+01 0.17873E+00
0.091825 0.22606E+01 0.17830E+00
0.092083 0.22242E+01 0.17854E+00
0.09234200000000001 0.20323E+01 0.17959E+00
0.0926 0.22512E+01 0.17998E+00
0.092859 0.23070E+01 0.17798E+00
0.093117 0.21941E+01 0.17793E+00
0.093376 0.20965E+01 0.17900E+00
0.093634 0.21534E+01 0.17896E+00
0.093893 0.19998E+01 0.17783E+00
0.094151 0.20497E+01 0.17885E+00
0.09440899999999999 0.18849E+01 0.17898E+00
0.094668 0.20169E+01 0.17889E+00
0.094926 0.20230E+01 0.17722E+00
0.09518499999999999 0.22780E+01 0.17936E+00
0.095443 0.22013E+01 0.17988E+00
0.095702 0.20216E+01 0.17996E+00
0.09596 0.17506E+01 0.17814E+00
0.096219 0.16891E+01 0.17717E+00
0.09647700000000001 0.20206E+01 0.17924E+00
0.096736 0.20988E+01 0.17949E+00
0.096994 0.20372E+01 0.17955E+00
0.097252 0.16144E+01 0.17676E+00
0.097511 0.17047E+01 0.17791E+00
0.097769 0.16330E+01 0.17849E+00
0.098028 0.15947E+01 0.17828E+00
0.098286 0.17017E+01 0.17800E+00
0.09854500000000001 0.18556E+01 0.17888E+00
0.098803 0.21200E+01 0.17950E+00
0.099062 0.18702E+01 0.17906E+00
0.09931999999999999 0.20526E+01 0.17768E+00
0.099579 0.17754E+01 0.17850E+00
0.099837 0.15755E+01 0.17835E+00
0.1001 0.16192E+01 0.17996E+00
0.10035000000000001 0.18108E+01 0.17960E+00
0.10061 0.17934E+01 0.18058E+00
0.10086999999999999 0.16279E+01 0.19754E+00
0.10113000000000001 0.18049E+01 0.17079E+00
0.10139000000000001 0.18716E+01 0.17502E+00
0.10164999999999999 0.16640E+01 0.17739E+00
0.10190999999999999 0.15151E+01 0.18549E+00
0.10216 0.15909E+01 0.18944E+00
0.10242 0.17148E+01 0.19323E+00
0.10268 0.16669E+01 0.19247E+00
0.10294 0.16473E+01 0.19988E+00
0.1032 0.16490E+01 0.20294E+00
0.10346 0.16260E+01 0.20776E+00
0.10371 0.16820E+01 0.20928E+00
0.10397 0.18443E+01 0.19930E+00
0.10423 0.17194E+01 0.19211E+00
0.10449 0.16410E+01 0.18990E+00
0.10475000000000001 0.15784E+01 0.18594E+00
0.10501 0.15210E+01 0.18342E+00
0.10527 0.16770E+01 0.18498E+00
0.10551999999999999 0.15195E+01 0.18276E+00
0.10578000000000001 0.13146E+01 0.18023E+00
0.10604 0.17382E+01 0.17748E+00
0.10629999999999999 0.15597E+01 0.17945E+00
0.10656000000000002 0.14226E+01 0.17638E+00
0.10682 0.13578E+01 0.17809E+00
0.10707 0.15153E+01 0.17606E+00
0.10733 0.13767E+01 0.17527E+00
0.10759 0.13312E+01 0.17450E+00
0.10785 0.13285E+01 0.17488E+00
0.10811 0.14061E+01 0.17374E+00
0.10837000000000001 0.14842E+01 0.17390E+00
0.10862000000000001 0.15046E+01 0.17471E+00
0.10888 0.14514E+01 0.17396E+00
0.10913999999999999 0.14297E+01 0.17329E+00
0.10940000000000001 0.14124E+01 0.17210E+00
0.10966000000000001 0.13918E+01 0.17265E+00
0.10991999999999999 0.13671E+01 0.17200E+00
0.11017999999999999 0.14316E+01 0.17253E+00
0.11043 0.14261E+01 0.16978E+00
0.11069 0.14191E+01 0.17011E+00
0.11095 0.15166E+01 0.16911E+00
0.11121 0.13761E+01 0.16822E+00
0.11147 0.12155E+01 0.16628E+00
0.11173 0.14263E+01 0.16664E+00
0.11198999999999999 0.14850E+01 0.16379E+00
0.11224 0.17294E+01 0.16407E+00
0.1125 0.13940E+01 0.16356E+00
0.11276 0.14379E+01 0.16344E+00
0.11302000000000001 0.15464E+01 0.16383E+00
0.11328 0.15892E+01 0.16351E+00
0.11354 0.14547E+01 0.16324E+00
0.11378999999999999 0.13778E+01 0.16149E+00
0.11405000000000001 0.15045E+01 0.16270E+00
0.11431 0.14636E+01 0.16189E+00
0.11456999999999999 0.14914E+01 0.16354E+00
0.11483000000000002 0.13530E+01 0.16246E+00
0.11509 0.11121E+01 0.16194E+00
0.11535 0.13563E+01 0.16150E+00
0.1156 0.15160E+01 0.16237E+00
0.11586 0.13588E+01 0.16014E+00
0.11612 0.12052E+01 0.16082E+00
0.11638 0.12678E+01 0.16058E+00
0.11664000000000001 0.13658E+01 0.15835E+00
0.1169 0.13486E+01 0.15810E+00
0.11715 0.11599E+01 0.15861E+00
0.11740999999999999 0.12461E+01 0.15842E+00
0.11767000000000001 0.13375E+01 0.15655E+00
0.11793000000000001 0.12772E+01 0.15649E+00
0.11818999999999999 0.13330E+01 0.15550E+00
0.11845000000000001 0.12642E+01 0.15737E+00
0.1187 0.11812E+01 0.15594E+00
0.11896 0.11911E+01 0.15618E+00
0.11921999999999999 0.12469E+01 0.15640E+00
0.11948 0.11883E+01 0.15723E+00
0.11974 0.12587E+01 0.15682E+00
0.12 0.14520E+01 0.15446E+00
0.12025999999999999 0.12867E+01 0.15579E+00
0.12051 0.12259E+01 0.15737E+00
0.12077 0.10553E+01 0.15733E+00
0.12103 0.12694E+01 0.15594E+00
0.12129000000000001 0.13277E+01 0.15676E+00
0.12155 0.12995E+01 0.15593E+00
0.12181 0.12242E+01 0.15669E+00
0.12206999999999998 0.12843E+01 0.15448E+00
0.12232000000000001 0.11177E+01 0.15614E+00
0.12258 0.12133E+01 0.15579E+00
0.12283999999999999 0.12233E+01 0.15649E+00
0.12310000000000001 0.12109E+01 0.15460E+00
0.12336 0.11032E+01 0.15637E+00
0.12362 0.13067E+01 0.15641E+00
0.12387999999999999 0.12809E+01 0.15719E+00
0.12413 0.11635E+01 0.15588E+00
0.12439 0.11197E+01 0.15514E+00
0.12465 0.12013E+01 0.15512E+00
0.12491000000000001 0.11355E+01 0.15473E+00
0.12517 0.12514E+01 0.15603E+00
0.12542999999999999 0.13231E+01 0.15580E+00
0.12568 0.12247E+01 0.15678E+00
0.12594 0.12735E+01 0.15597E+00
0.1262 0.11498E+01 0.15523E+00
0.12646 0.12321E+01 0.15447E+00
0.12672 0.12787E+01 0.15569E+00
0.12698 0.14365E+01 0.15579E+00
0.12724 0.14941E+01 0.15619E+00
0.12749 0.12363E+01 0.15565E+00
0.12775 0.11321E+01 0.15579E+00
0.12801 0.11027E+01 0.15522E+00
0.12827 0.10653E+01 0.15575E+00
0.12853 0.10191E+01 0.15520E+00
0.12878 0.12619E+01 0.15531E+00
0.12904 0.13400E+01 0.15609E+00
0.1293 0.11466E+01 0.15513E+00
0.12956 0.11923E+01 0.15505E+00
0.12982 0.12810E+01 0.15491E+00
0.13008 0.11156E+01 0.15631E+00
0.13033999999999998 0.85853E+00 0.15484E+00
0.13059 0.10195E+01 0.15523E+00
0.13085 0.97145E+00 0.15432E+00
0.13111 0.11257E+01 0.15488E+00
0.13137000000000001 0.95204E+00 0.15460E+00
0.13163 0.10498E+01 0.15477E+00
0.13189 0.88789E+00 0.15567E+00
0.13215 0.85237E+00 0.15586E+00
0.13240000000000002 0.10618E+01 0.15466E+00
0.13266 0.10650E+01 0.15288E+00
0.13291999999999998 0.11175E+01 0.15515E+00
0.13318000000000002 0.11211E+01 0.15414E+00
0.13344 0.95268E+00 0.15549E+00
0.13369999999999999 0.10286E+01 0.15469E+00
0.13396 0.11501E+01 0.15558E+00
0.13421 0.98731E+00 0.15309E+00
0.13447 0.10013E+01 0.15491E+00
0.13473 0.94074E+00 0.15381E+00
0.13499 0.84021E+00 0.15414E+00
0.13525 0.11908E+01 0.15472E+00
0.13551 0.78511E+00 0.15433E+00
0.13576 0.97399E+00 0.15384E+00
0.13602 0.10621E+01 0.15393E+00
0.13628 0.10173E+01 0.15446E+00
0.13654 0.10096E+01 0.11450E+00
0.1368 0.10009E+01 0.83453E-01
0.13706000000000002 0.99794E+00 0.82120E-01
0.13732 0.10103E+01 0.82852E-01
0.13757 0.99284E+00 0.82571E-01
0.13783 0.94982E+00 0.82651E-01
0.13809 0.86348E+00 0.82435E-01
0.13835 0.84323E+00 0.83057E-01
0.13861 0.92127E+00 0.82717E-01
0.13887 0.10434E+01 0.87074E-01
0.13912 0.92459E+00 0.59144E-01
0.13938 0.94156E+00 0.59402E-01
0.13964000000000001 0.93766E+00 0.59083E-01
0.1399 0.90755E+00 0.59474E-01
0.14016 0.81054E+00 0.59436E-01
0.14042 0.81297E+00 0.59153E-01
0.14067000000000002 0.85081E+00 0.59521E-01
0.14093 0.91485E+00 0.58982E-01
0.14118999999999998 0.84597E+00 0.59292E-01
0.14145000000000002 0.84176E+00 0.59101E-01
0.14171 0.83944E+00 0.59618E-01
0.14196999999999999 0.86475E+00 0.59419E-01
0.14223 0.89182E+00 0.59406E-01
0.14248 0.81390E+00 0.59019E-01
0.14274 0.81388E+00 0.59219E-01
0.143 0.84623E+00 0.58787E-01
0.14326 0.84997E+00 0.59132E-01
0.14352 0.81187E+00 0.58866E-01
0.14378 0.80965E+00 0.58974E-01
0.14404 0.88267E+00 0.58838E-01
0.14429 0.85283E+00 0.59222E-01
0.14455 0.81665E+00 0.59196E-01
0.14481 0.81815E+00 0.58957E-01
0.14507 0.78236E+00 0.59192E-01
0.14533000000000001 0.72365E+00 0.58675E-01
0.14559 0.77188E+00 0.59094E-01
0.14584 0.80876E+00 0.58819E-01
0.1461 0.78055E+00 0.59011E-01
0.14636 0.81236E+00 0.58866E-01
0.14662 0.83336E+00 0.59308E-01
0.14688 0.77875E+00 0.58866E-01
0.14714 0.75070E+00 0.58881E-01
0.1474 0.73023E+00 0.58478E-01
0.14765 0.71536E+00 0.58959E-01
0.14791 0.77629E+00 0.58656E-01
0.14817 0.72385E+00 0.58717E-01
0.14843 0.70897E+00 0.58457E-01
0.14869000000000002 0.67373E+00 0.58426E-01
0.14895 0.66695E+00 0.58799E-01
0.1492 0.71523E+00 0.58489E-01
0.14945999999999998 0.73274E+00 0.58641E-01
0.14972000000000002 0.70371E+00 0.58779E-01
0.14998 0.71646E+00 0.59081E-01
0.15023999999999998 0.73777E+00 0.58536E-01
0.1505 0.74186E+00 0.58912E-01
0.15075 0.68186E+00 0.58503E-01
0.15101 0.67330E+00 0.58850E-01
0.15127 0.66281E+00 0.58468E-01
0.15153 0.64282E+00 0.58544E-01
0.15179 0.68203E+00 0.58012E-01
0.15205 0.69868E+00 0.58668E-01
0.15231 0.60167E+00 0.58758E-01
0.15256 0.61641E+00 0.58529E-01
0.15282 0.56402E+00 0.58550E-01
0.15308 0.55705E+00 0.58153E-01
0.15334 0.60236E+00 0.58287E-01
0.15360000000000001 0.60564E+00 0.57870E-01
0.15386 0.52442E+00 0.58182E-01
0.15411999999999998 0.47093E+00 0.57882E-01
0.15437 0.56272E+00 0.58360E-01
0.15463 0.62277E+00 0.57921E-01
0.15489 0.65261E+00 0.58369E-01
0.15515 0.64616E+00 0.58036E-01
0.15541 0.60719E+00 0.58360E-01
0.15567 0.58877E+00 0.57946E-01
0.15592999999999999 0.59021E+00 0.57952E-01
0.15618 0.58711E+00 0.58122E-01
0.15644 0.57612E+00 0.57603E-01
0.1567 0.62294E+00 0.58190E-01
0.15696000000000002 0.59351E+00 0.58244E-01
0.15722 0.51252E+00 0.58482E-01
0.15748 0.52743E+00 0.57708E-01
0.15772999999999998 0.55115E+00 0.57975E-01
0.15799000000000002 0.57914E+00 0.57659E-01
0.15825 0.58402E+00 0.57836E-01
0.15850999999999998 0.58647E+00 0.57658E-01
0.15877 0.53346E+00 0.58183E-01
0.15903 0.53196E+00 0.57781E-01
0.15929 0.50083E+00 0.58159E-01
0.15954 0.48737E+00 0.57733E-01
0.1598 0.51909E+00 0.57777E-01
0.16006 0.57469E+00 0.57609E-01
0.16032 0.53589E+00 0.57475E-01
0.16058 0.49551E+00 0.58080E-01
0.16083 0.53198E+00 0.57965E-01
0.16109 0.55871E+00 0.58085E-01
0.16135 0.61446E+00 0.57511E-01
0.16161 0.57886E+00 0.57757E-01
0.16187 0.55453E+00 0.57428E-01
0.16213 0.46901E+00 0.57743E-01
0.16238999999999998 0.44515E+00 0.57525E-01
0.16264 0.47892E+00 0.57842E-01
0.1629 0.47729E+00 0.57572E-01
0.16316 0.48229E+00 0.57848E-01
0.16342 0.47750E+00 0.57711E-01
0.16368 0.43537E+00 0.57994E-01
0.16394 0.44207E+00 0.57787E-01
0.16419999999999998 0.45408E+00 0.57285E-01
0.16445 0.42844E+00 0.57626E-01
0.16471 0.37710E+00 0.56993E-01
0.16497 0.45393E+00 0.57597E-01
0.16523000000000002 0.49494E+00 0.57521E-01
0.16549 0.43244E+00 0.57876E-01
0.16575 0.44960E+00 0.57542E-01
0.16601 0.46973E+00 0.57815E-01
0.16626000000000002 0.48169E+00 0.57238E-01
0.16652 0.46853E+00 0.57547E-01
0.16677999999999998 0.45355E+00 0.57495E-01
0.16704000000000002 0.44556E+00 0.57895E-01
0.1673 0.47588E+00 0.57456E-01
0.16756 0.39665E+00 0.57669E-01
0.16781 0.37776E+00 0.57614E-01
0.16807 0.41340E+00 0.57410E-01
0.16833 0.41472E+00 0.57461E-01
0.16859 0.41473E+00 0.57279E-01
0.16885 0.42493E+00 0.57551E-01
0.16911 0.40916E+00 0.57038E-01
0.16937 0.42684E+00 0.57492E-01
0.16962 0.43995E+00 0.57196E-01
0.16988 0.39557E+00 0.57800E-01
0.17014 0.42576E+00 0.57510E-01
0.1704 0.41962E+00 0.57611E-01
0.17065999999999998 0.39636E+00 0.57046E-01
0.17092000000000002 0.38828E+00 0.57206E-01
0.17117 0.34858E+00 0.57165E-01
0.17143 0.39363E+00 0.57481E-01
0.17169 0.38087E+00 0.57482E-01
0.17195 0.33741E+00 0.57038E-01
0.17221 0.33954E+00 0.57351E-01
0.17246999999999998 0.36049E+00 0.56995E-01
0.17272 0.42558E+00 0.57361E-01
0.17298 0.44727E+00 0.57062E-01
0.17324 0.35882E+00 0.57325E-01
0.17350000000000002 0.30476E+00 0.57247E-01
0.17376 0.36032E+00 0.57692E-01
0.17402 0.35362E+00 0.57020E-01
0.17428 0.36329E+00 0.57379E-01
0.17453000000000002 0.30527E+00 0.56963E-01
0.17479 0.28238E+00 0.57238E-01
0.17504999999999998 0.34517E+00 0.56983E-01
0.17531000000000002 0.36015E+00 0.57214E-01
0.17557 0.31296E+00 0.57312E-01
0.17583 0.33191E+00 0.56847E-01
0.17609 0.28919E+00 0.57145E-01
0.17634 0.26716E+00 0.56721E-01
0.1766 0.21553E+00 0.56908E-01
0.17686 0.31801E+00 0.56641E-01
0.17712 0.34221E+00 0.56929E-01
0.17738 0.31101E+00 0.56877E-01
0.17764 0.24725E+00 0.57183E-01
0.17789 0.23996E+00 0.56884E-01
0.17815 0.26256E+00 0.57361E-01
0.17841 0.26313E+00 0.56909E-01
0.17867 0.32423E+00 0.57064E-01
0.17892999999999998 0.35458E+00 0.56579E-01
0.17919000000000002 0.30110E+00 0.56987E-01
0.17945 0.31046E+00 0.56854E-01
0.1797 0.35295E+00 0.56813E-01
0.17996 0.31981E+00 0.57185E-01
0.18022 0.31160E+00 0.56766E-01
0.18048 0.34408E+00 0.57172E-01
0.18073999999999998 0.21984E+00 0.56627E-01
0.181 0.18484E+00 0.56703E-01
0.18125 0.23168E+00 0.56480E-01
0.18151 0.26850E+00 0.57156E-01
0.18177000000000001 0.23947E+00 0.56720E-01
0.18203 0.28961E+00 0.56792E-01
0.18229 0.34368E+00 0.56682E-01
0.18255 0.30858E+00 0.56905E-01
0.18280000000000002 0.25680E+00 0.56615E-01
0.18306 0.17918E+00 0.56573E-01
0.18331999999999998 0.18229E+00 0.56577E-01
0.18358000000000002 0.24408E+00 0.56580E-01
0.18384 0.25382E+00 0.57140E-01
0.18409999999999999 0.21899E+00 0.56748E-01
0.18436 0.25177E+00 0.57080E-01
0.18461 0.25691E+00 0.56436E-01
0.18487 0.23270E+00 0.56749E-01
0.18513 0.19845E+00 0.56138E-01
0.18539 0.23075E+00 0.56761E-01
0.18565 0.24954E+00 0.56547E-01
0.18591 0.16867E+00 0.56776E-01
0.18617 0.20653E+00 0.56495E-01
0.18642 0.21344E+00 0.57022E-01
0.18668 0.26386E+00 0.56660E-01
0.18694 0.28691E+00 0.56601E-01
0.1872 0.23276E+00 0.56418E-01
0.18746000000000002 0.21747E+00 0.56175E-01
0.18772 0.27818E+00 0.56435E-01
0.18797 0.30513E+00 0.56462E-01
0.18823 0.27837E+00 0.56929E-01
0.18849 0.22403E+00 0.56429E-01
0.18875 0.22302E+00 0.56863E-01
0.18900999999999998 0.19579E+00 0.56393E-01
0.18927 0.25951E+00 0.56643E-01
0.18953 0.28775E+00 0.56254E-01
0.18978 0.27377E+00 0.56406E-01
0.19004000000000001 0.26715E+00 0.56294E-01
0.1903 0.25446E+00 0.56678E-01
0.19056 0.20897E+00 0.56120E-01
0.19082 0.22153E+00 0.56134E-01
0.19108 0.22782E+00 0.56582E-01
0.19133 0.22952E+00 0.56324E-01
0.19158999999999998 0.20485E+00 0.56460E-01
0.19185000000000002 0.16918E+00 0.56071E-01
0.19211 0.16147E+00 0.56472E-01
0.19236999999999999 0.20779E+00 0.56230E-01
0.19263 0.24139E+00 0.56487E-01
0.19288 0.17241E+00 0.56258E-01
0.19314 0.17246E+00 0.56559E-01
0.1934 0.15353E+00 0.56161E-01
0.19366 0.17909E+00 0.56208E-01
0.19392 0.21134E+00 0.55776E-01
0.19418 0.23455E+00 0.56286E-01
0.19444 0.18007E+00 0.56161E-01
0.19469 0.18249E+00 0.56238E-01
0.19495 0.25991E+00 0.56405E-01
0.19521 0.23250E+00 0.55963E-01
0.19547 0.16556E+00 0.56291E-01
0.19573000000000002 0.18004E+00 0.55995E-01
0.19599 0.24195E+00 0.56487E-01
0.19624999999999998 0.22104E+00 0.55944E-01
0.1965 0.22770E+00 0.56417E-01
0.19676 0.23439E+00 0.56006E-01
0.19702 0.21196E+00 0.56315E-01
0.19728 0.16313E+00 0.55990E-01
0.19754 0.15135E+00 0.56183E-01
0.1978 0.23326E+00 0.55778E-01
0.19805999999999999 0.24540E+00 0.56112E-01
0.19831000000000001 0.20876E+00 0.55982E-01
0.19857 0.20461E+00 0.56299E-01
0.19883 0.19173E+00 0.56158E-01
0.19909 0.23551E+00 0.55917E-01
0.19935 0.24066E+00 0.56261E-01
0.19961 0.21543E+00 0.56097E-01
0.19985999999999998 0.16733E+00 0.56055E-01
0.20012 0.14830E+00 0.55569E-01
0.20038 0.18106E+00 0.55953E-01
0.20064 0.18940E+00 0.55660E-01
0.2009 0.19793E+00 0.56209E-01
0.20116 0.15519E+00 0.55798E-01
0.20141 0.75213E-01 0.55991E-01
0.20167000000000002 0.13190E+00 0.55634E-01
0.20193 0.21019E+00 0.55879E-01
0.20219 0.18779E+00 0.55678E-01
0.20245000000000002 0.19278E+00 0.55828E-01
0.20271 0.15294E+00 0.55866E-01
0.20297 0.16887E+00 0.55623E-01
0.20322 0.20298E+00 0.55892E-01
0.20348000000000002 0.21215E+00 0.55591E-01
0.20373999999999998 0.19908E+00 0.55776E-01
0.20400000000000001 0.17679E+00 0.55540E-01
0.20426000000000002 0.19622E+00 0.55977E-01
0.20451999999999998 0.21511E+00 0.55811E-01
0.20478000000000002 0.18860E+00 0.56112E-01
0.20503 0.20555E+00 0.55725E-01
0.20529000000000003 0.15918E+00 0.55840E-01
0.20554999999999998 0.18930E+00 0.55344E-01
0.20581 0.16413E+00 0.55878E-01
0.20607000000000003 0.16305E+00 0.55446E-01
0.20632999999999999 0.13409E+00 0.55516E-01
0.20657999999999999 0.17912E+00 0.55483E-01
0.20684 0.20671E+00 0.55985E-01
0.2071 0.19504E+00 0.55844E-01
0.20736 0.21565E+00 0.55674E-01
0.20762 0.20691E+00 0.55999E-01
0.20788 0.19893E+00 0.55661E-01
0.20814 0.21465E+00 0.55880E-01
0.20839 0.20675E+00 0.55328E-01
0.20865 0.19451E+00 0.55517E-01
0.20891 0.20474E+00 0.55329E-01
0.20917 0.14297E+00 0.55774E-01
0.20943 0.14587E+00 0.55465E-01
0.20969000000000002 0.16038E+00 0.56013E-01
0.20994000000000002 0.11223E+00 0.55590E-01
0.2102 0.18953E+00 0.55672E-01
0.21046 0.22295E+00 0.55205E-01
0.21072000000000002 0.17412E+00 0.55487E-01
0.21098 0.17597E+00 0.55629E-01
0.21124 0.18271E+00 0.55381E-01
0.21149 0.17538E+00 0.55822E-01
0.21175000000000002 0.16869E+00 0.55503E-01
0.21200999999999998 0.11809E+00 0.55635E-01
0.21227000000000001 0.13302E+00 0.55343E-01
0.21253000000000002 0.14018E+00 0.55815E-01
0.21278999999999998 0.88888E-01 0.55345E-01
0.21305000000000002 0.15203E+00 0.55827E-01
0.2133 0.13802E+00 0.55310E-01
0.21356000000000003 0.10651E+00 0.55763E-01
0.21381999999999998 0.13804E+00 0.55616E-01
0.21408 0.17665E+00 0.55961E-01
0.21434000000000003 0.17228E+00 0.55428E-01
0.21459999999999999 0.16908E+00 0.55603E-01
0.21486 0.17952E+00 0.55798E-01
0.21511 0.16014E+00 0.55504E-01
0.21537 0.16995E+00 0.55738E-01
0.21563 0.14450E+00 0.55291E-01
0.21589 0.16098E+00 0.55335E-01
0.21615 0.18430E+00 0.55112E-01
0.21641 0.15132E+00 0.55511E-01
0.21666 0.14340E+00 0.55341E-01
0.21692 0.18942E+00 0.55608E-01
0.21718 0.13245E+00 0.55176E-01
0.21744 0.84935E-01 0.55665E-01
0.2177 0.19129E+00 0.55433E-01
0.21796000000000001 0.16459E+00 0.55679E-01
0.21822 0.18502E+00 0.55279E-01
0.21847 0.19772E+00 0.55470E-01
0.21873 0.16656E+00 0.55227E-01
0.21899000000000002 0.17272E+00 0.55129E-01
0.21925 0.12266E+00 0.55239E-01
0.21951 0.13357E+00 0.55168E-01
0.21977000000000002 0.15885E+00 0.55643E-01
0.22002000000000002 0.15621E+00 0.55151E-01
0.22027999999999998 0.12075E+00 0.55363E-01
0.22054 0.96198E-01 0.55038E-01
0.22080000000000002 0.14960E+00 0.55412E-01
0.22105999999999998 0.20492E+00 0.55039E-01
0.22132000000000002 0.23713E+00 0.55416E-01
0.22157 0.15533E+00 0.55218E-01
0.22183000000000003 0.12670E+00 0.55419E-01
0.22208999999999998 0.19368E+00 0.54968E-01
0.22235 0.18170E+00 0.55058E-01
0.22261000000000003 0.11761E+00 0.55172E-01
0.22286999999999998 0.11415E+00 0.54813E-01
0.22313 0.11708E+00 0.55108E-01
0.22338 0.12969E+00 0.54860E-01
0.22364 0.21434E+00 0.55311E-01
0.2239 0.23137E+00 0.54821E-01
0.22416 0.18537E+00 0.55315E-01
0.22442 0.15989E+00 0.55061E-01
0.22468 0.10682E+00 0.55268E-01
0.22494 0.87810E-01 0.54730E-01
0.22519 0.14228E+00 0.55105E-01
0.22545 0.21690E+00 0.54911E-01
0.22571 0.15005E+00 0.55174E-01
0.22597 0.12691E+00 0.54945E-01
0.22623000000000001 0.11353E+00 0.55104E-01
0.22649 0.13009E+00 0.55133E-01
0.22674 0.87657E-01 0.54685E-01
0.227 0.10426E+00 0.55088E-01
0.22726000000000002 0.12625E+00 0.54793E-01
0.22752 0.13592E+00 0.55055E-01
0.22778 0.12436E+00 0.54692E-01
0.22804000000000002 0.13501E+00 0.56314E-01
0.2283 0.58975E-01 0.59970E-01
0.22854999999999998 0.12518E+00 0.64437E-01
0.22881 0.16877E+00 0.67286E-01
0.22907000000000002 0.81966E-01 0.70357E-01
0.22932999999999998 0.12848E+00 0.73510E-01
0.22959000000000002 0.12579E+00 0.77062E-01
0.22985000000000003 0.16674E+00 0.80372E-01
0.23010999999999998 0.30734E+00 0.84999E-01
0.23035999999999998 0.23992E+00 0.88848E-01
0.23062 0.22397E+00 0.92775E-01
0.23088000000000003 0.23229E+00 0.98042E-01
0.23113999999999998 0.18765E+00 0.97926E-01
0.2314 0.18038E+00 0.87254E-01
0.23165 0.19813E+00 0.78850E-01
0.23191 0.15500E+00 0.75858E-01
0.23217 0.13900E+00 0.73440E-01
0.23243 0.84087E-01 0.72052E-01
0.23269 0.15618E+00 0.70067E-01
0.23295 0.15119E+00 0.68551E-01
0.23321 0.16567E+00 0.66725E-01
0.23346 0.18971E+00 0.65952E-01
0.23372 0.13047E+00 0.64636E-01
0.23398 0.12969E+00 0.63825E-01
0.23424 0.12592E+00 0.62896E-01
0.23450000000000001 0.86974E-01 0.61634E-01
0.23476 0.58227E-01 0.60962E-01
0.23502 0.13667E+00 0.60139E-01
0.23527 0.76530E-01 0.59735E-01
0.23553000000000002 0.69287E-01 0.58392E-01
0.23579 0.17764E+00 0.58313E-01
0.23605 0.16610E+00 0.57635E-01
0.23631000000000002 0.13739E+00 0.57434E-01
0.23657 0.11706E+00 0.56609E-01
0.23683 0.12652E+00 0.56459E-01
0.23708 0.16329E+00 0.55894E-01
0.23734000000000002 0.19156E+00 0.55959E-01
0.23759999999999998 0.10581E+00 0.55116E-01
0.23786000000000002 0.86827E-01 0.54774E-01
0.23812000000000003 0.11211E+00 0.54815E-01
0.23837999999999998 0.20932E+00 0.54728E-01
0.23862999999999998 0.17533E+00 0.54996E-01
0.23889 0.11547E+00 0.54417E-01
0.23915000000000003 0.12240E+00 0.54551E-01
0.23940999999999998 0.18809E+00 0.54348E-01
0.23967 0.14034E+00 0.54711E-01
0.23993000000000003 0.15370E+00 0.54657E-01
0.24019 0.11102E+00 0.54860E-01
0.24044 0.48416E-01 0.54374E-01
0.2407 0.72982E-01 0.54683E-01
0.24096 0.14854E+00 0.54443E-01
0.24122 0.12907E+00 0.54684E-01
0.24148 0.15665E+00 0.54412E-01
0.24174 0.15234E+00 0.54786E-01
0.24199 0.14154E+00 0.54613E-01
0.24225 0.12881E+00 0.54322E-01
0.24251 0.74171E-01 0.54522E-01
0.24277 0.55414E-01 0.54267E-01
0.24303 0.85392E-01 0.54646E-01
0.24329 0.12378E+00 0.54259E-01
0.24354 0.76684E-01 0.54639E-01
0.24380000000000002 0.10857E+00 0.54323E-01
0.24406 0.71557E-01 0.54585E-01
0.24432 0.88247E-01 0.54101E-01
0.24458000000000002 0.89435E-01 0.54434E-01
0.24484 0.59955E-01 0.54121E-01
0.2451 0.56478E-01 0.54425E-01
0.24535 0.68299E-01 0.54157E-01
0.24561000000000002 0.11125E+00 0.54647E-01
0.24586999999999998 0.14539E+00 0.54580E-01
0.24613000000000002 0.11606E+00 0.54247E-01
0.24639000000000003 0.12074E+00 0.54704E-01
0.24664999999999998 0.16570E+00 0.54436E-01
0.24691000000000002 0.10316E+00 0.54661E-01
0.24716 0.78909E-01 0.54182E-01
0.24742000000000003 0.94192E-01 0.54464E-01
0.24767999999999998 0.11790E+00 0.54150E-01
0.24794 0.11063E+00 0.54342E-01
0.24820000000000003 0.14234E+00 0.54197E-01
0.24846 0.10572E+00 0.54493E-01
0.24871 0.86031E-01 0.54281E-01
0.24897 0.14216E+00 0.54576E-01
0.24923 0.14184E+00 0.54055E-01
0.24949 0.14098E+00 0.54400E-01
0.24975 0.94926E-01 0.54355E-01
0.25001 0.10175E+00 0.54108E-01
0.25027 0.99590E-01 0.54321E-01
0.25051999999999996 0.11063E+00 0.53940E-01
0.25078 0.10558E+00 0.53990E-01
0.25104000000000004 0.10829E+00 0.53878E-01
0.25129999999999997 0.16166E+00 0.54475E-01
0.25156 0.14600E+00 0.54135E-01
0.25182000000000004 0.15565E+00 0.54481E-01
0.25207 0.18524E+00 0.54122E-01
0.25233 0.12405E+00 0.54355E-01
0.25259 0.10978E+00 0.54088E-01
0.25285 0.96909E-01 0.54336E-01
0.25311 0.78489E-01 0.53895E-01
0.25337 0.75897E-01 0.54044E-01
0.25362 0.10809E+00 0.54227E-01
0.25388 0.66467E-01 0.53866E-01
0.25414 0.11098E+00 0.54227E-01
0.2544 0.10735E+00 0.53980E-01
0.25466 0.46627E-01 0.54333E-01
0.25492 0.38746E-01 0.54024E-01
0.25518 0.93156E-01 0.54419E-01
0.25543 0.12799E+00 0.53975E-01
0.25569000000000003 0.16056E+00 0.54256E-01
0.25595 0.13916E+00 0.54041E-01
0.25621 0.10931E+00 0.54149E-01
0.25647000000000003 0.11377E+00 0.53814E-01
0.25673 0.80957E-01 0.54166E-01
0.25699 0.95633E-01 0.53997E-01
0.25724 0.67673E-01 0.54184E-01
0.2575 0.10582E+00 0.54052E-01
0.25776 0.94619E-01 0.53818E-01
0.25802 0.21749E-01 0.54253E-01
0.25828 0.87575E-01 0.53921E-01
0.25854 0.12138E+00 0.54164E-01
0.25878999999999996 0.11495E+00 0.53904E-01
0.25905 0.10821E+00 0.54288E-01
0.25931000000000004 0.11142E+00 0.53876E-01
0.25956999999999997 0.96354E-01 0.53883E-01
0.25983 0.45969E-01 0.53573E-01
0.26009000000000004 0.47684E-01 0.53999E-01
0.26034999999999997 0.33449E-01 0.53702E-01
0.2606 0.52996E-01 0.54082E-01
0.26086 0.99727E-01 0.53722E-01
0.26112 0.12790E+00 0.54158E-01
0.26138 0.94653E-01 0.54207E-01
0.26164 0.11524E+00 0.53861E-01
0.2619 0.11731E+00 0.54280E-01
0.26215 0.14023E+00 0.54038E-01
0.26241 0.79205E-01 0.54216E-01
0.26267 0.71398E-01 0.53693E-01
0.26293 0.10248E+00 0.53804E-01
0.26319 0.79066E-01 0.53394E-01
0.26345 0.10128E+00 0.53823E-01
0.2637 0.94263E-01 0.53694E-01
0.26396000000000003 0.81488E-01 0.54068E-01
0.26422 0.10191E+00 0.53923E-01
0.26448 0.46430E-01 0.54092E-01
0.265 0.11462E-01 0.53723E-01
0.26526 0.53684E-01 0.53921E-01
0.26551 0.14187E+00 0.53798E-01
0.26577 0.15533E+00 0.54071E-01
0.26603 0.15006E+00 0.53852E-01
0.26629 0.95728E-01 0.54070E-01
0.26655 0.11643E+00 0.53786E-01
0.26681 0.97000E-01 0.54179E-01
0.26707000000000003 0.10840E+00 0.53841E-01
0.26732 0.14176E+00 0.54158E-01
0.26758000000000004 0.13063E+00 0.53740E-01
0.26783999999999997 0.92708E-01 0.53857E-01
0.2681 0.10418E+00 0.53573E-01
0.26836000000000004 0.13540E+00 0.54007E-01
0.26861999999999997 0.93474E-01 0.53539E-01
0.26888 0.10892E+00 0.53635E-01
0.26913 0.11041E+00 0.53913E-01
0.26939 0.79378E-01 0.53480E-01
0.26991 0.18901E-01 0.53433E-01
0.27017 0.53774E-01 0.53936E-01
0.27043 0.43798E-01 0.53652E-01
0.27068 0.83247E-01 0.53873E-01
0.27094 0.97425E-01 0.53606E-01
0.2712 0.63556E-01 0.53831E-01
0.27146 0.65176E-01 0.53586E-01
0.27172 0.74983E-01 0.53933E-01
0.27198 0.45363E-01 0.53495E-01
0.27224 0.11135E+00 0.53849E-01
0.27249 0.16625E+00 0.53643E-01
0.27275 0.14817E+00 0.54038E-01
0.27301000000000003 0.95598E-01 0.53601E-01
0.27327 0.12018E+00 0.53888E-01
0.27353 0.11558E+00 0.53838E-01
0.27378 0.11525E+00 0.53542E-01
0.27404 0.13745E+00 0.53731E-01
0.2743 0.13159E+00 0.53324E-01
0.27456 0.10240E+00 0.53621E-01
0.27482 0.39349E-01 0.53304E-01
0.27508 0.42237E-01 0.53732E-01
0.27534000000000003 0.92914E-01 0.53520E-01
0.27559 0.82960E-01 0.53754E-01
0.27585000000000004 0.13206E+00 0.53513E-01
0.27610999999999997 0.78739E-01 0.53722E-01
0.27637 0.83896E-01 0.53312E-01
0.27663000000000004 0.57234E-01 0.53582E-01
0.27688999999999997 0.10626E+00 0.53361E-01
0.27715 0.11415E+00 0.53790E-01
0.2774 0.76788E-01 0.53878E-01
0.27766 0.32637E-01 0.53373E-01
0.27792 0.23606E-01 0.53790E-01
0.27818 0.82201E-02 0.53329E-01
0.27844 0.44353E-01 0.53488E-01
0.2787 0.86947E-01 0.53388E-01
0.27896 0.75930E-01 0.53781E-01
0.27921 0.10840E-01 0.53453E-01
0.27947 0.11216E-01 0.53518E-01
0.27973 0.44334E-01 0.53314E-01
0.27999 0.10279E+00 0.53776E-01
0.28025 0.10630E+00 0.53610E-01
0.28051 0.55498E-01 0.53754E-01
0.28076 0.73994E-01 0.53340E-01
0.28102 0.88602E-01 0.53634E-01
0.28128000000000003 0.62018E-01 0.53594E-01
0.28154 0.10971E+00 0.53313E-01
0.2818 0.89235E-01 0.53618E-01
0.28206000000000003 0.71801E-01 0.53406E-01
0.28232 0.59248E-01 0.53592E-01
0.28257 0.77118E-01 0.53394E-01
0.28283 0.93467E-01 0.53788E-01
0.28309 0.10217E+00 0.53412E-01
0.28335 0.52337E-01 0.53735E-01
0.28361000000000003 0.47878E-01 0.53408E-01
0.28386999999999996 0.69372E-01 0.53658E-01
0.28412000000000004 0.99451E-01 0.53372E-01
0.28437999999999997 0.51170E-01 0.53510E-01
0.28464 0.53762E-01 0.53201E-01
0.28490000000000004 0.73046E-01 0.53415E-01
0.28515999999999997 0.58842E-01 0.53287E-01
0.28542 0.65293E-01 0.53275E-01
0.28567 0.85497E-01 0.53682E-01
0.28593 0.82080E-01 0.53326E-01
0.28619 0.48563E-01 0.53623E-01
0.28645 0.60431E-01 0.53217E-01
0.28671 0.74860E-01 0.53602E-01
0.28697 0.14188E-02 0.53281E-01
0.28723 0.47080E-01 0.53698E-01
0.28748 0.10182E+00 0.53397E-01
0.28774 0.13620E+00 0.53685E-01
0.288 0.13752E+00 0.53281E-01
0.28826 0.80714E-01 0.53473E-01
0.28852 0.68855E-01 0.53240E-01
0.28878 0.37785E-01 0.53345E-01
0.28904 0.47718E-01 0.53502E-01
0.28929 0.71751E-01 0.53187E-01
0.28955000000000003 0.13401E+00 0.53509E-01
0.28981 0.75651E-01 0.53207E-01
0.29007 0.65145E-01 0.53594E-01
0.29033000000000003 0.57863E-01 0.53290E-01
0.29059 0.11890E+00 0.53583E-01
0.29084 0.78030E-01 0.53240E-01
0.2911 0.46088E-01 0.53424E-01
0.29136 0.66178E-01 0.53177E-01
0.29162 0.46169E-01 0.53439E-01
0.29188000000000003 0.52027E-01 0.53021E-01
0.29214 0.91662E-01 0.53356E-01
0.2924 0.82491E-01 0.53038E-01
0.29264999999999997 0.79768E-01 0.53300E-01
0.29291 0.12493E+00 0.53411E-01
0.29317000000000004 0.72711E-01 0.53206E-01
0.29342999999999997 0.70409E-01 0.53604E-01
0.29369 0.87877E-01 0.53326E-01
0.29395 0.47553E-01 0.53584E-01
0.2942 0.67418E-01 0.53273E-01
0.29446 0.13910E+00 0.53635E-01
0.29472 0.55198E-01 0.53129E-01
0.29498 0.45270E-01 0.53480E-01
0.29524 0.37841E-01 0.53181E-01
0.2955 0.58197E-01 0.53451E-01
0.29575 0.59807E-01 0.53140E-01
0.29601 0.66510E-01 0.53354E-01
0.29627 0.73222E-01 0.53158E-01
0.29653 0.74814E-01 0.53362E-01
0.29679 0.92330E-01 0.53436E-01
0.29705 0.83546E-01 0.53002E-01
0.29731 0.89794E-01 0.53343E-01
0.29756 0.10180E+00 0.53164E-01
0.29782000000000003 0.13783E+00 0.53548E-01
0.29808 0.14043E+00 0.53179E-01
0.29834 0.93273E-01 0.53290E-01
0.29860000000000003 0.77009E-01 0.53027E-01
0.29886 0.74506E-01 0.53482E-01
0.29912 0.75057E-01 0.53177E-01
0.29937 0.10217E+00 0.53428E-01
0.29963 0.67673E-01 0.53007E-01
0.29989 0.64093E-01 0.53143E-01
0.30015000000000003 0.70090E-01 0.52876E-01
0.30041 0.42757E-01 0.53291E-01
0.30091999999999997 0.28598E-01 0.53024E-01
0.30118 0.56327E-01 0.53399E-01
0.30144000000000004 0.48738E-01 0.52973E-01
0.30169999999999997 0.91929E-02 0.53146E-01
0.30196 0.19850E-01 0.52870E-01
0.30222000000000004 0.52954E-01 0.53310E-01
0.30247999999999997 0.54575E-01 0.53108E-01
0.30273 0.58105E-01 0.53199E-01
0.30299 0.51216E-01 0.53022E-01
0.30325 0.15283E-01 0.53222E-01
0.30351 0.47680E-01 0.52947E-01
0.30377 0.81742E-01 0.53141E-01
0.30402999999999997 0.94358E-01 0.52933E-01
0.30429 0.90660E-01 0.53310E-01
0.30454 0.88222E-01 0.53273E-01
0.3048 0.13288E+00 0.52915E-01
0.30506 0.16042E+00 0.53342E-01
0.30532 0.15075E+00 0.52991E-01
0.30558 0.10527E+00 0.53149E-01
0.30583 0.56058E-01 0.52874E-01
0.30609000000000003 0.11567E-01 0.53235E-01
0.30635 0.59860E-01 0.53014E-01
0.30661 0.38615E-01 0.53178E-01
0.30687000000000003 0.37630E-01 0.52750E-01
0.30713 0.67853E-01 0.53184E-01
0.30739 0.28924E-01 0.52871E-01
0.30816 0.17252E-01 0.53097E-01
0.30842 0.67983E-01 0.53204E-01
0.30868 0.10474E+00 0.53118E-01
0.30894 0.11435E+00 0.53531E-01
0.30920000000000003 0.10651E+00 0.53090E-01
0.30945 0.68850E-01 0.53230E-01
0.30971000000000004 0.86361E-01 0.52876E-01
0.30996999999999997 0.71523E-01 0.53308E-01
0.31023 0.62848E-01 0.52904E-01
0.31049000000000004 0.65131E-01 0.53174E-01
0.31074999999999997 0.91023E-01 0.52777E-01
0.31101 0.10865E+00 0.53227E-01
0.31126 0.12379E+00 0.52928E-01
0.31152 0.10548E+00 0.53090E-01
0.31178 0.78982E-01 0.52802E-01
0.31204 0.37222E-01 0.53116E-01
0.3123 0.69140E-01 0.53161E-01
0.31256 0.59865E-01 0.52908E-01
0.31281 0.11278E-01 0.53065E-01
0.31307 0.73546E-02 0.52695E-01
0.31333 0.74902E-01 0.53169E-01
0.31359 0.73626E-01 0.52810E-01
0.31385 0.54354E-01 0.52923E-01
0.31411 0.63843E-01 0.52778E-01
0.31437 0.98820E-01 0.53313E-01
0.31462 0.10547E+00 0.53052E-01
0.31488 0.41764E-01 0.53132E-01
0.31514000000000003 0.11242E+00 0.52738E-01
0.3154 0.83938E-01 0.53058E-01
0.31566 0.80265E-01 0.52783E-01
0.31592 0.84266E-01 0.53039E-01
0.31617 0.12477E+00 0.53071E-01
0.31643 0.13477E+00 0.52913E-01
0.31669 0.92046E-01 0.53186E-01
0.31695 0.11263E+00 0.52951E-01
0.31721 0.96663E-01 0.53147E-01
0.31747000000000003 0.11126E+00 0.52824E-01
0.31772 0.99058E-01 0.53186E-01
0.31798000000000004 0.84453E-01 0.52663E-01
0.31823999999999997 0.55636E-01 0.52954E-01
0.3185 0.87962E-01 0.52729E-01
0.31876000000000004 0.66718E-01 0.52990E-01
0.31901999999999997 0.69483E-01 0.52753E-01
0.31928 0.47058E-01 0.52977E-01
0.31953 0.82937E-01 0.52787E-01
0.31979 0.92712E-01 0.52985E-01
0.32005 0.47691E-01 0.52862E-01
0.32031 0.72660E-01 0.52689E-01
0.32057 0.73752E-01 0.52969E-01
0.32083 0.62389E-01 0.52607E-01
0.32109 0.58645E-01 0.53047E-01
0.32134 0.10120E+00 0.52717E-01
0.3216 0.17746E+00 0.53173E-01
0.32186 0.12784E+00 0.52825E-01
0.32212 0.80751E-01 0.52993E-01
0.32238 0.41531E-01 0.52669E-01
0.32264 0.56804E-01 0.53030E-01
0.32289 0.40149E-01 0.52752E-01
0.32315 0.45242E-01 0.52934E-01
0.32341000000000003 0.10832E+00 0.52817E-01
0.32367 0.10935E+00 0.53110E-01
0.32393 0.70954E-01 0.52981E-01
0.32419 0.86244E-01 0.52657E-01
0.32445 0.45987E-01 0.52945E-01
0.3247 0.14276E-01 0.52588E-01
0.32496 0.40597E-01 0.53017E-01
0.32522 0.61735E-01 0.52749E-01
0.32548 0.74964E-01 0.52952E-01
0.32574000000000003 0.97659E-01 0.52723E-01
0.32599999999999996 0.10763E+00 0.52961E-01
0.32625000000000004 0.34628E-01 0.52662E-01
0.32650999999999997 0.36274E-01 0.52914E-01
0.32677 0.49025E-01 0.52624E-01
0.32703000000000004 0.40263E-01 0.52777E-01
0.32728999999999997 0.24040E-01 0.52644E-01
0.32755 0.41822E-01 0.52988E-01
0.3278 0.35676E-01 0.52935E-01
0.32806 0.56391E-02 0.52527E-01
0.32832 0.49422E-01 0.52935E-01
0.32858 0.33626E-01 0.52646E-01
0.32884 0.97669E-01 0.52993E-01
0.3291 0.10959E+00 0.52528E-01
0.32936 0.76975E-01 0.52986E-01
0.32961 0.61169E-01 0.52693E-01
0.32987 0.63109E-01 0.52883E-01
0.33013 0.97435E-01 0.52525E-01
0.33039 0.22002E-01 0.52631E-01
0.33065 0.77536E-02 0.52233E-01
0.33091 0.34676E-02 0.52655E-01
0.33117 0.30951E-01 0.52351E-01
0.33142 0.85098E-01 0.52671E-01
0.33168000000000003 0.10984E+00 0.52876E-01
0.33194 0.10396E+00 0.52627E-01
0.3322 0.65868E-01 0.52817E-01
0.33246000000000003 0.77570E-01 0.52560E-01
0.33272 0.62855E-01 0.52907E-01
0.33297 0.20437E-01 0.52471E-01
0.33323 0.39259E-01 0.52893E-01
0.33349 0.47899E-01 0.52601E-01
0.33375 0.72782E-01 0.52823E-01
0.33401000000000003 0.11174E+00 0.52671E-01
0.33426999999999996 0.67123E-01 0.52893E-01
0.33453 0.59781E-01 0.52405E-01
0.33477999999999997 0.59263E-01 0.52694E-01
0.33504 0.55963E-01 0.52386E-01
0.33530000000000004 0.73826E-01 0.52771E-01
0.33555999999999997 0.10006E+00 0.52389E-01
0.33582 0.85332E-01 0.52565E-01
0.33608 0.94711E-01 0.52695E-01
0.33633 0.54346E-01 0.52306E-01
0.33659 0.59746E-01 0.52684E-01
0.33685 0.78407E-01 0.52415E-01
0.33711 0.63754E-01 0.52742E-01
0.33737 0.22438E-01 0.52387E-01
0.33763 0.68412E-01 0.52714E-01
0.33788 0.87738E-01 0.52407E-01
0.33814 0.91808E-01 0.52865E-01
0.3384 0.90469E-01 0.52517E-01
0.33866 0.35908E-01 0.52630E-01
0.33892 0.34237E-01 0.52287E-01
0.33918 0.52603E-01 0.52683E-01
0.33944 0.56236E-01 0.52324E-01
0.33995000000000003 0.79656E-01 0.52732E-01
0.34021 0.14369E+00 0.52499E-01
0.34047 0.10562E+00 0.52846E-01
0.34073000000000003 0.59782E-01 0.52492E-01
0.34099 0.56065E-01 0.52941E-01
0.34125 0.60234E-01 0.52559E-01
0.3415 0.12959E-01 0.52606E-01
0.34176 0.68244E-01 0.52480E-01
0.34202 0.10659E+00 0.52817E-01
0.34228000000000003 0.95598E-01 0.52351E-01
0.34253999999999996 0.17344E+00 0.52760E-01
0.3428 0.14899E+00 0.52439E-01
0.34306000000000003 0.72425E-01 0.52702E-01
0.34331 0.87063E-01 0.52404E-01
0.34382999999999997 0.10025E-01 0.52509E-01
0.34409 0.90706E-01 0.52334E-01
0.34435 0.12635E+00 0.52750E-01
0.34460999999999997 0.13714E+00 0.52479E-01
0.34486 0.13069E+00 0.52917E-01
0.34512 0.10545E+00 0.52491E-01
0.34538 0.10129E+00 0.52819E-01
0.34564 0.11511E+00 0.52561E-01
0.3459 0.88613E-01 0.52832E-01
0.34615999999999997 0.57659E-01 0.52555E-01
0.34642 0.88743E-01 0.52878E-01
0.34667 0.93108E-01 0.52526E-01
0.34693 0.64854E-01 0.52556E-01
0.34719 0.27778E-01 0.52232E-01
0.34745 0.46046E-01 0.52612E-01
0.34771 0.54147E-01 0.52554E-01
0.34796 0.82542E-01 0.52360E-01
0.34822000000000003 0.11486E+00 0.52844E-01
0.34848 0.74570E-01 0.52354E-01
0.34874 0.48379E-01 0.52637E-01
0.34900000000000003 0.39097E-01 0.52339E-01
0.34926 0.24032E-01 0.52716E-01
0.34952 0.10197E-01 0.52445E-01
0.34977 0.30029E-01 0.52738E-01
0.35003 0.84415E-01 0.52387E-01
0.35029 0.91783E-01 0.52742E-01
0.35055000000000003 0.12549E+00 0.52506E-01
0.35081 0.12966E+00 0.52649E-01
0.35107 0.75450E-01 0.52158E-01
0.35133000000000003 0.80424E-01 0.52533E-01
0.35158 0.53337E-01 0.52536E-01
0.35184000000000004 0.65472E-01 0.52386E-01
0.35209999999999997 0.11862E+00 0.52754E-01
0.35236 0.67648E-01 0.52393E-01
0.35262 0.63803E-01 0.52748E-01
0.35287999999999997 0.69160E-01 0.52409E-01
0.35314 0.75887E-01 0.52739E-01
0.35339 0.64494E-01 0.52410E-01
0.35365 0.25096E-01 0.52600E-01
0.35391 0.45652E-01 0.52357E-01
0.35417 0.43147E-01 0.52598E-01
0.35442999999999997 0.94666E-01 0.52324E-01
0.35469 0.50046E-01 0.52711E-01
0.35494 0.82695E-01 0.52435E-01
0.3552 0.59573E-01 0.52533E-01
0.35546 0.68226E-01 0.52649E-01
0.35572 0.50993E-01 0.52441E-01
0.35598 0.43031E-01 0.54364E-01
0.35624 0.55321E-01 0.59333E-01
0.3565 0.96212E-01 0.64919E-01
0.35675 0.94898E-01 0.69319E-01
0.35701 0.99030E-01 0.74833E-01
0.35727000000000003 0.20317E+00 0.80044E-01
0.35753 0.14026E+00 0.86384E-01
0.35779 0.18135E+00 0.92909E-01
0.35805 0.19864E+00 0.10125E+00
0.3583 0.69615E-01 0.11047E+00
0.35856 0.52418E-01 0.11410E+00
0.35882000000000003 0.70895E-01 0.92668E-01
0.35908 0.76215E-01 0.79008E-01
0.35934 0.66821E-01 0.72779E-01
0.35960000000000003 0.52049E-01 0.68584E-01
0.35985 0.93715E-01 0.66460E-01
0.36011000000000004 0.89383E-01 0.63905E-01
0.36036999999999997 0.11441E+00 0.62515E-01
0.36063 0.71854E-01 0.60485E-01
0.36089000000000004 0.54718E-01 0.59121E-01
0.36114999999999997 0.20096E-01 0.57052E-01
0.36141 0.26757E-01 0.56100E-01
0.36166 0.53583E-01 0.54979E-01
0.36192 0.72351E-01 0.54607E-01
0.36218 0.12828E+00 0.53772E-01
0.36244 0.15105E+00 0.53537E-01
0.36269999999999997 0.12189E+00 0.52676E-01
0.36296 0.76437E-01 0.52613E-01
0.36322 0.93179E-01 0.52326E-01
0.36347 0.71375E-01 0.51662E-01
0.36373 0.90291E-01 0.52145E-01
0.36399 0.56282E-01 0.51762E-01
0.36425 0.54364E-01 0.51965E-01
0.36451 0.71963E-01 0.51698E-01
0.36477 0.74862E-01 0.52156E-01
0.36502 0.10153E+00 0.51874E-01
0.36528 0.11366E+00 0.52176E-01
0.36554000000000003 0.12622E+00 0.51894E-01
0.3658 0.10672E+00 0.52194E-01
0.36606 0.66518E-01 0.51675E-01
0.36632 0.64774E-01 0.51926E-01
0.36658 0.35946E-01 0.51583E-01
0.36683 0.35229E-01 0.51765E-01
0.36709 0.88482E-01 0.51902E-01
0.36735 0.92680E-01 0.51605E-01
0.36761 0.95435E-01 0.52054E-01
0.36787000000000003 0.71419E-01 0.51841E-01
0.36812999999999996 0.98922E-01 0.52071E-01
0.36838000000000004 0.79916E-01 0.51739E-01
0.36863999999999997 0.35227E-01 0.51924E-01
0.3689 0.72546E-01 0.51733E-01
0.36916000000000004 0.17713E-01 0.51939E-01
0.36941999999999997 0.37880E-01 0.51694E-01
0.36968 0.58822E-02 0.51941E-01
0.36993 0.36744E-01 0.51702E-01
0.37019 0.45006E-01 0.52102E-01
0.37045 0.82524E-01 0.51807E-01
0.37071 0.14450E+00 0.52074E-01
0.37097 0.12499E+00 0.51969E-01
0.37123 0.53878E-01 0.51619E-01
0.37149 0.14933E-02 0.51963E-01
0.372 0.30407E-01 0.51822E-01
0.37226 0.67982E-01 0.51525E-01
0.37252 0.29305E-01 0.51720E-01
0.37278 0.22949E-01 0.51434E-01
0.37304 0.20071E-01 0.51698E-01
0.3733 0.50470E-01 0.51401E-01
0.37355 0.63531E-01 0.51867E-01
0.37381000000000003 0.40804E-01 0.51706E-01
0.37407 0.25230E-01 0.51937E-01
0.37433 0.95915E-01 0.51652E-01
0.37459 0.14606E+00 0.51898E-01
0.37485 0.14701E+00 0.52042E-01
0.3751 0.10182E+00 0.51666E-01
0.37536 0.58292E-01 0.52050E-01
0.37562 0.14320E-01 0.51701E-01
0.37588 0.61289E-01 0.51913E-01
0.37614000000000003 0.12174E+00 0.51708E-01
0.37639999999999996 0.99060E-01 0.51937E-01
0.37666 0.41903E-01 0.51624E-01
0.37690999999999997 0.97822E-01 0.52071E-01
0.37717 0.11448E+00 0.51806E-01
0.37743000000000004 0.85404E-01 0.51928E-01
0.37768999999999997 0.69137E-01 0.51499E-01
0.37795 0.67563E-01 0.51930E-01
0.37821 0.39505E-01 0.51552E-01
0.37847 0.62410E-01 0.51806E-01
0.37872 0.97917E-01 0.51922E-01
0.37898 0.85688E-01 0.51632E-01
0.37924 0.91613E-01 0.51923E-01
0.3795 0.56276E-01 0.51640E-01
0.37976 0.44907E-01 0.51957E-01
0.38001 0.67497E-01 0.51576E-01
0.38027 0.75314E-01 0.51987E-01
0.38053 0.56195E-01 0.51686E-01
0.38079 0.39335E-01 0.51949E-01
0.38105 0.67656E-01 0.51681E-01
0.38131 0.77234E-01 0.51962E-01
0.38157 0.69774E-01 0.51659E-01
0.38182 0.84287E-01 0.51901E-01
0.38208000000000003 0.11534E+00 0.51565E-01
0.38234 0.10298E+00 0.51889E-01
0.3826 0.59927E-01 0.51886E-01
0.38286 0.88341E-01 0.51542E-01
0.38312 0.89354E-01 0.51663E-01
0.38338 0.88756E-01 0.51564E-01
0.38363 0.44892E-01 0.51849E-01
0.38389 0.60405E-01 0.51560E-01
0.38415 0.85813E-01 0.51870E-01
0.38441000000000003 0.73722E-01 0.51563E-01
0.38466999999999996 0.85533E-01 0.51951E-01
0.38493 0.93848E-01 0.51608E-01
0.38519000000000003 0.84669E-01 0.51926E-01
0.38544 0.63130E-01 0.51637E-01
0.38570000000000004 0.57639E-01 0.51803E-01
0.38595999999999997 0.61800E-01 0.51435E-01
0.38622 0.21781E-01 0.51705E-01
0.38648 0.52701E-01 0.51859E-01
0.38674 0.86397E-01 0.51625E-01
0.38699 0.63254E-01 0.51777E-01
0.38725 0.61080E-01 0.51336E-01
0.38751 0.64887E-01 0.51706E-01
0.38777 0.75774E-01 0.51556E-01
0.38803 0.67523E-01 0.51767E-01
0.38828999999999997 0.86995E-01 0.51500E-01
0.38855 0.12319E+00 0.51826E-01
0.3888 0.12786E+00 0.51770E-01
0.38906 0.91973E-01 0.52034E-01
0.38932 0.56992E-01 0.51617E-01
0.38958 0.86227E-01 0.52016E-01
0.38984 0.91527E-01 0.51674E-01
0.3901 0.69356E-01 0.51854E-01
0.39035000000000003 0.65718E-01 0.51769E-01
0.39061 0.33980E-01 0.51356E-01
0.39087 0.55620E-01 0.51773E-01
0.39113000000000003 0.91183E-01 0.51526E-01
0.39139 0.77014E-01 0.51765E-01
0.39165 0.56700E-01 0.51519E-01
0.3919 0.52366E-01 0.51809E-01
0.39216 0.42209E-01 0.51440E-01
0.39242 0.55933E-01 0.51742E-01
0.39268000000000003 0.39911E-01 0.51398E-01
0.39293999999999996 0.60035E-01 0.51658E-01
0.3932 0.18694E-01 0.51104E-01
0.39346000000000003 0.48105E-02 0.51618E-01
0.39371 0.49053E-01 0.51443E-01
0.39397000000000004 0.68437E-01 0.51721E-01
0.39422999999999997 0.57417E-01 0.51722E-01
0.39449 0.60151E-01 0.51538E-01
0.39475 0.41727E-01 0.51778E-01
0.39501 0.65758E-01 0.51524E-01
0.39527 0.51977E-01 0.51809E-01
0.39552 0.38892E-01 0.51334E-01
0.39578 0.75541E-01 0.51691E-01
0.39604 0.69078E-01 0.51403E-01
0.3963 0.70587E-01 0.51742E-01
0.39655999999999997 0.75229E-01 0.51509E-01
0.39682 0.46553E-01 0.51747E-01
0.39707 0.29449E-02 0.51407E-01
0.39733 0.13361E-01 0.51529E-01
0.39785 0.10454E-01 0.51550E-01
0.39811 0.20793E-01 0.51663E-01
0.39837 0.73023E-01 0.51463E-01
0.39863 0.63114E-01 0.51935E-01
0.39888 0.55578E-01 0.51539E-01
0.39914 0.10903E+00 0.51733E-01
0.39940000000000003 0.11256E+00 0.51442E-01
0.39966 0.10427E+00 0.51707E-01
0.39992 0.11636E+00 0.51455E-01
0.40018000000000004 0.16346E+00 0.51796E-01
0.40042999999999995 0.92229E-01 0.51470E-01
0.40069 0.11261E+00 0.51917E-01
0.40095000000000003 0.13933E+00 0.51519E-01
0.40121 0.76970E-01 0.51714E-01
0.40147000000000005 0.81938E-01 0.51520E-01
0.40173 0.88420E-01 0.51683E-01
0.40198 0.70671E-01 0.51332E-01
0.40224000000000004 0.30238E-01 0.51604E-01
0.4025 0.25653E-01 0.51656E-01
0.40275999999999995 0.67556E-01 0.51491E-01
0.40302 0.58774E-01 0.51815E-01
0.40327999999999997 0.27987E-01 0.51298E-01
0.40354 0.16076E-01 0.51535E-01
0.40379 0.29522E-01 0.51393E-01
0.40404999999999996 0.46697E-02 0.51626E-01
0.40431 0.70290E-01 0.51382E-01
0.40457 0.88731E-01 0.51717E-01
0.40483 0.13847E+00 0.51301E-01
0.40509000000000006 0.98568E-01 0.51540E-01
0.40534 0.91601E-01 0.51369E-01
0.4056 0.98975E-01 0.51997E-01
0.40586 0.12284E+00 0.51760E-01
0.40612000000000004 0.43795E-01 0.51768E-01
0.40637999999999996 0.15687E-01 0.51674E-01
0.40664 0.53718E-01 0.51415E-01
0.4069 0.90799E-01 0.51782E-01
0.40715 0.53449E-01 0.51393E-01
0.40767 0.57075E-01 0.51358E-01
0.40793 0.55711E-01 0.51639E-01
0.40819 0.34296E-01 0.51245E-01
0.40845000000000004 0.68951E-01 0.51693E-01
0.40869999999999995 0.46701E-01 0.51411E-01
0.40896 0.55725E-01 0.51576E-01
0.40922000000000003 0.85213E-01 0.51320E-01
0.40948 0.98806E-01 0.51546E-01
0.40974000000000005 0.95099E-01 0.51348E-01
0.41 0.55019E-01 0.51531E-01
0.41025999999999996 0.99347E-01 0.51469E-01
0.41051000000000004 0.10390E+00 0.51338E-01
0.41077 0.45298E-01 0.51514E-01
0.41102999999999995 0.46248E-01 0.51351E-01
0.41129 0.36617E-01 0.51756E-01
0.41154999999999997 0.19510E-01 0.51389E-01
0.41181 0.36419E-01 0.51683E-01
0.41207000000000005 0.99237E-01 0.51444E-01
0.41231999999999996 0.95508E-01 0.51712E-01
0.41258 0.68787E-01 0.51484E-01
0.41284 0.57211E-01 0.51757E-01
0.4131 0.11327E+00 0.51462E-01
0.41336000000000006 0.13475E+00 0.51790E-01
0.41362 0.12720E+00 0.51495E-01
0.41387 0.89060E-01 0.51582E-01
0.41413 0.62463E-01 0.51699E-01
0.41439000000000004 0.80347E-01 0.51536E-01
0.41464999999999996 0.93317E-01 0.52054E-01
0.41491 0.10635E+00 0.51778E-01
0.41517 0.76394E-01 0.52127E-01
0.41543 0.52623E-01 0.51830E-01
0.41567999999999994 0.62840E-01 0.52087E-01
0.41594 0.49696E-01 0.51684E-01
0.4162 0.39863E-01 0.51971E-01
0.41646 0.89948E-01 0.51762E-01
0.41672000000000003 0.45047E-01 0.51978E-01
0.41698 0.36774E-01 0.51623E-01
0.41723 0.87680E-01 0.52072E-01
0.41749 0.80715E-01 0.51815E-01
0.41775 0.30559E-01 0.52044E-01
0.41801000000000005 0.54815E-01 0.52094E-01
0.41827 0.93348E-01 0.51706E-01
0.41852999999999996 0.54258E-01 0.51951E-01
0.41879 0.58448E-01 0.51634E-01
0.41904 0.44435E-01 0.51894E-01
0.41929999999999995 0.45418E-01 0.51673E-01
0.41956 0.86522E-01 0.52070E-01
0.41981999999999997 0.83139E-01 0.51728E-01
0.42008 0.35200E-01 0.51937E-01
0.42034000000000005 0.54076E-01 0.51735E-01
0.42058999999999996 0.11510E+00 0.52079E-01
0.42085 0.91016E-01 0.51783E-01
0.42111 0.52785E-02 0.52123E-01
0.42163000000000006 0.18852E-01 0.51984E-01
0.42189 0.50620E-01 0.52049E-01
0.42214 0.87096E-01 0.51805E-01
0.4224 0.60934E-01 0.52017E-01
0.42266000000000004 0.65380E-01 0.51676E-01
0.42291999999999996 0.57612E-01 0.51896E-01
0.42318 0.52004E-01 0.51632E-01
0.42344 0.36257E-01 0.51926E-01
0.4237 0.22621E-01 0.51534E-01
0.42396 0.25732E-01 0.51947E-01
0.42421 0.23322E-01 0.51678E-01
0.42447 0.46630E-01 0.52089E-01
0.42473 0.85617E-01 0.51703E-01
0.42499000000000003 0.57181E-01 0.51977E-01
0.42525 0.49735E-01 0.51720E-01
0.42550999999999994 0.94339E-01 0.52117E-01
0.42576 0.15481E+00 0.52175E-01
0.42602 0.10341E+00 0.51906E-01
0.42628000000000005 0.11251E+00 0.52265E-01
0.42654 0.50558E-01 0.51851E-01
0.42679999999999996 0.81023E-01 0.52081E-01
0.42706 0.94574E-01 0.51686E-01
0.42732000000000003 0.73996E-01 0.52085E-01
0.42756999999999995 0.16907E-01 0.51724E-01
0.42783 0.15739E-01 0.52062E-01
0.42808999999999997 0.13134E-01 0.51723E-01
0.42835 0.45481E-01 0.52018E-01
0.42861000000000005 0.81618E-01 0.51750E-01
0.42887000000000003 0.71990E-01 0.51950E-01
0.42912 0.10588E+00 0.51566E-01
0.42938 0.12286E+00 0.51996E-01
0.42964 0.10577E+00 0.52071E-01
0.42990000000000006 0.92165E-01 0.51738E-01
0.43016 0.84181E-01 0.52128E-01
0.43041999999999997 0.94565E-01 0.51833E-01
0.43068 0.93220E-01 0.52145E-01
0.43093000000000004 0.63736E-01 0.51805E-01
0.43118999999999996 0.65985E-01 0.52080E-01
0.43145 0.27630E-01 0.51657E-01
0.43171 0.12106E-01 0.52065E-01
0.43197 0.25839E-01 0.51867E-01
0.43223 0.36004E-01 0.52101E-01
0.43248 0.79934E-01 0.51730E-01
0.43274 0.69260E-01 0.51872E-01
0.433 0.65997E-02 0.51632E-01
0.43326000000000003 0.24887E-01 0.51886E-01
0.43352 0.82124E-01 0.52032E-01
0.43377999999999994 0.59151E-01 0.51762E-01
0.43403 0.86384E-01 0.52101E-01
0.43429 0.59563E-01 0.51817E-01
0.43455000000000005 0.77745E-01 0.52139E-01
0.43481 0.54255E-01 0.51646E-01
0.43506999999999996 0.19367E-01 0.51952E-01
0.43533 0.54713E-01 0.51799E-01
0.43559000000000003 0.60592E-01 0.52125E-01
0.43583999999999995 0.46253E-01 0.51755E-01
0.4361 0.38638E-01 0.52025E-01
0.43635999999999997 0.30786E-01 0.51767E-01
0.43662 0.28007E-01 0.52066E-01
0.43688000000000005 0.48689E-01 0.51767E-01
0.43714000000000003 0.10411E-01 0.52005E-01
0.43739 0.10317E-01 0.52019E-01
0.43765 0.48514E-01 0.51672E-01
0.43791 0.82831E-01 0.52047E-01
0.43817000000000006 0.88570E-01 0.51688E-01
0.43843 0.58358E-01 0.51946E-01
0.43868999999999997 0.16176E-01 0.51715E-01
0.43895 0.66999E-01 0.52160E-01
0.43920000000000003 0.86523E-01 0.51920E-01
0.43945999999999996 0.90064E-01 0.52141E-01
0.43972 0.65418E-01 0.51684E-01
0.43998 0.11572E+00 0.51873E-01
0.44024 0.16258E+00 0.51615E-01
0.4405 0.10487E+00 0.52068E-01
0.44075 0.65971E-01 0.51693E-01
0.44101 0.92025E-01 0.51879E-01
0.44127 0.12233E+00 0.51928E-01
0.44153000000000003 0.14505E+00 0.51792E-01
0.44179 0.13162E+00 0.52169E-01
0.44204999999999994 0.13861E+00 0.51876E-01
0.44231 0.67560E-01 0.52039E-01
0.44256 0.51468E-01 0.51631E-01
0.44282000000000005 0.76733E-01 0.52087E-01
0.44308 0.79137E-01 0.51817E-01
0.44333999999999996 0.79834E-01 0.52138E-01
0.4436 0.50382E-01 0.51711E-01
0.44386000000000003 0.60876E-01 0.51931E-01
0.44412 0.88495E-01 0.51608E-01
0.44437 0.59244E-01 0.51937E-01
0.44462999999999997 0.14577E+00 0.51714E-01
0.44489 0.11044E+00 0.51834E-01
0.44515000000000005 0.12133E+00 0.52096E-01
0.44541000000000003 0.10198E+00 0.51827E-01
0.44566999999999996 0.10070E+00 0.52023E-01
0.44592 0.54173E-01 0.51733E-01
0.44618 0.73251E-01 0.52085E-01
0.44644000000000006 0.78360E-01 0.51821E-01
0.4467 0.61908E-01 0.52182E-01
0.44695999999999997 0.64960E-01 0.51873E-01
0.44722 0.69678E-01 0.52192E-01
0.44748 0.62298E-01 0.51854E-01
0.44772999999999996 0.50927E-01 0.52013E-01
0.44799 0.26759E-01 0.51630E-01
0.44825 0.47829E-01 0.51931E-01
0.44851 0.54817E-01 0.51716E-01
0.44877 0.48041E-01 0.51996E-01
0.44903000000000004 0.63276E-01 0.52046E-01
0.44928 0.89860E-01 0.51794E-01
0.44954 0.74600E-01 0.52069E-01
0.44980000000000003 0.68664E-01 0.51663E-01
0.45006 0.95234E-01 0.51922E-01
0.45031999999999994 0.59392E-01 0.51778E-01
0.45058 0.57645E-01 0.52165E-01
0.45084 0.67756E-01 0.51649E-01
0.45109000000000005 0.47054E-01 0.52034E-01
0.45135 0.60488E-01 0.51617E-01
0.45160999999999996 0.11315E+00 0.51926E-01
0.45187 0.94293E-01 0.51568E-01
0.45213000000000003 0.72695E-01 0.52008E-01
0.45239 0.86961E-01 0.51777E-01
0.45264 0.12369E+00 0.52098E-01
0.45289999999999997 0.10373E+00 0.52204E-01
0.45316 0.45379E-01 0.51761E-01
0.45342000000000005 0.61195E-01 0.52052E-01
0.45368 0.69002E-01 0.51765E-01
0.45393999999999995 0.25027E-01 0.51887E-01
0.45419 0.14789E-01 0.51676E-01
0.45445 0.11746E-01 0.52006E-01
0.45471000000000006 0.18653E-01 0.51680E-01
0.45497 0.96278E-01 0.52071E-01
0.45522999999999997 0.13892E+00 0.51767E-01
0.45549 0.90631E-01 0.52075E-01
0.45575 0.74722E-01 0.51610E-01
0.45601 0.26606E-01 0.51892E-01
0.45626 0.19959E-01 0.51634E-01
0.45652 0.76218E-01 0.51922E-01
0.45678 0.92969E-01 0.51906E-01
0.45704 0.61579E-01 0.51686E-01
0.45730000000000004 0.11275E+00 0.52144E-01
0.45755 0.12517E+00 0.51817E-01
0.45781 0.12421E+00 0.52147E-01
0.45807000000000003 0.13833E+00 0.51852E-01
0.45833 0.13657E+00 0.52100E-01
0.45858999999999994 0.15005E+00 0.51767E-01
0.45885 0.61654E-01 0.51960E-01
0.45911 0.43948E-01 0.51661E-01
0.45937 0.49109E-01 0.51977E-01
0.45962 0.75880E-01 0.51822E-01
0.45987999999999996 0.12584E+00 0.52233E-01
0.46014 0.12479E+00 0.51733E-01
0.46040000000000003 0.84806E-01 0.51996E-01
0.46066 0.77320E-01 0.52069E-01
0.46091 0.63416E-01 0.51717E-01
0.46116999999999997 0.89343E-01 0.52072E-01
0.46143 0.63375E-01 0.51845E-01
0.46169000000000004 0.88777E-01 0.52029E-01
0.46195 0.62310E-01 0.51742E-01
0.46220999999999995 0.58063E-01 0.52191E-01
0.46247 0.23275E-01 0.51761E-01
0.46273 0.34157E-01 0.51935E-01
0.46298000000000006 0.35900E-01 0.51724E-01
0.46324 0.17452E-01 0.51958E-01
0.46376 0.23384E-02 0.51975E-01
0.46402 0.28985E-01 0.51639E-01
0.46428 0.38427E-01 0.51884E-01
0.46453 0.52824E-01 0.51771E-01
0.46479 0.60574E-01 0.52060E-01
0.46505 0.48751E-01 0.52036E-01
0.46531 0.11528E+00 0.51612E-01
0.46557000000000004 0.10082E+00 0.51961E-01
0.46582999999999997 0.11663E+00 0.51761E-01
0.46608 0.11370E+00 0.52093E-01
0.46634000000000003 0.15027E+00 0.51820E-01
0.4666 0.69817E-01 0.52072E-01
0.46685999999999994 0.13055E+00 0.51863E-01
0.46712 0.12703E+00 0.52222E-01
0.46738 0.83222E-01 0.51679E-01
0.46764 0.49501E-01 0.51819E-01
0.46789 0.39417E-01 0.51730E-01
0.46814999999999996 0.43537E-01 0.52127E-01
0.46841 0.58240E-01 0.51856E-01
0.46867000000000003 0.73391E-01 0.52125E-01
0.46893 0.33854E-01 0.51966E-01
0.46919000000000005 0.37348E-01 0.51691E-01
0.46943999999999997 0.91338E-01 0.52209E-01
0.4697 0.41933E-01 0.51921E-01
0.46996000000000004 0.55841E-01 0.52125E-01
0.47022 0.58293E-01 0.51733E-01
0.47047999999999995 0.79001E-01 0.51912E-01
0.47074 0.83224E-01 0.51573E-01
0.471 0.12417E+00 0.51982E-01
0.47125000000000006 0.13798E+00 0.51811E-01
0.47151 0.10333E+00 0.52043E-01
0.47176999999999997 0.12649E+00 0.51695E-01
0.47203 0.12897E+00 0.52056E-01
0.47229 0.13084E+00 0.51765E-01
0.47255 0.45808E-01 0.51916E-01
0.4728 0.63858E-02 0.51830E-01
0.47306 0.62452E-01 0.51563E-01
0.47332 0.53889E-01 0.51876E-01
0.47358 0.36509E-01 0.51655E-01
0.47384000000000004 0.72806E-01 0.52073E-01
0.47409999999999997 0.37736E-01 0.51715E-01
0.47436 0.56108E-01 0.52088E-01
0.47461000000000003 0.12601E+00 0.51813E-01
0.47487 0.85687E-01 0.51999E-01
0.47512999999999994 0.55292E-01 0.51639E-01
0.47539 0.85379E-01 0.51893E-01
0.47565 0.12770E+00 0.51709E-01
0.47591 0.10216E+00 0.51993E-01
0.47617000000000004 0.11695E+00 0.51943E-01
0.47641999999999995 0.11993E+00 0.52171E-01
0.47668 0.12930E+00 0.52129E-01
0.47694000000000003 0.15149E+00 0.51787E-01
0.4772 0.13609E+00 0.51989E-01
0.47746000000000005 0.10623E+00 0.51655E-01
0.47772 0.50481E-01 0.51964E-01
0.47797 0.58583E-01 0.51733E-01
0.47823000000000004 0.37005E-01 0.51973E-01
0.47849 0.11016E+00 0.51606E-01
0.47874999999999995 0.15582E+00 0.52094E-01
0.47901 0.11263E+00 0.51878E-01
0.47927 0.50899E-01 0.51871E-01
0.47953 0.97877E-01 0.51587E-01
0.47978 0.93171E-01 0.51844E-01
0.48003999999999997 0.12666E+00 0.51662E-01
0.4803 0.24744E-01 0.51853E-01
0.48082 0.87663E-01 0.51621E-01
0.48108000000000006 0.10673E+00 0.51909E-01
0.48133 0.97197E-01 0.51601E-01
0.48159 0.51687E-01 0.51853E-01
0.48185 0.40985E-01 0.51661E-01
0.48211000000000004 0.40989E-01 0.52057E-01
0.48236999999999997 0.88062E-01 0.51770E-01
0.48263 0.11197E+00 0.51988E-01
0.48289 0.10282E+00 0.51713E-01
0.48314 0.83044E-01 0.52026E-01
0.48339999999999994 0.50173E-01 0.51827E-01
0.48366 0.57631E-01 0.54231E-01
0.48392 0.67336E-01 0.60893E-01
0.48418 0.94607E-01 0.68584E-01
0.48444000000000004 0.82909E-01 0.76393E-01
0.48468999999999995 0.13655E+00 0.84287E-01
0.48495 0.19539E+00 0.94961E-01
0.48521000000000003 0.11254E+00 0.10846E+00
0.48547 0.67401E-01 0.12936E+00
0.48624 0.68175E-01 0.11541E+00
0.48650000000000004 0.11459E+00 0.83524E-01
0.48676 0.48543E-01 0.72875E-01
0.48701999999999995 0.45765E-01 0.67519E-01
0.48728 0.14165E+00 0.62969E-01
0.48754 0.16037E+00 0.59945E-01
0.4878 0.16132E+00 0.57211E-01
0.48806000000000005 0.12186E+00 0.55624E-01
0.48830999999999997 0.12582E+00 0.54315E-01
0.48857 0.74451E-01 0.53180E-01
0.48883 0.61091E-01 0.52776E-01
0.48909 0.99445E-01 0.52081E-01
0.48935000000000006 0.13211E+00 0.52319E-01
0.4896 0.10609E+00 0.52005E-01
0.48986 0.86521E-01 0.52112E-01
0.49012 0.71265E-01 0.51850E-01
0.49038000000000004 0.44451E-01 0.52238E-01
0.49063999999999997 0.40836E-01 0.51993E-01
0.4909 0.46565E-01 0.52183E-01
0.49116 0.51402E-01 0.51703E-01
0.49142 0.88519E-01 0.52060E-01
0.49166999999999994 0.54665E-01 0.51808E-01
0.49193 0.21752E-01 0.52092E-01
0.49219 0.28258E-01 0.52143E-01
0.49245 0.23351E-01 0.51827E-01
0.49295999999999995 0.34956E-01 0.52035E-01
0.49322 0.47256E-01 0.52432E-01
0.49348000000000003 0.67957E-01 0.51949E-01
0.49374 0.91318E-01 0.52149E-01
0.49400000000000005 0.89102E-01 0.51779E-01
0.49426 0.12088E+00 0.52212E-01
0.49451999999999996 0.11059E+00 0.51902E-01
0.49478 0.48091E-01 0.52160E-01
0.49503 0.99618E-01 0.51969E-01
0.49528999999999995 0.91444E-01 0.52193E-01
0.49555 0.84483E-01 0.52050E-01
0.49581 0.98442E-01 0.52327E-01
0.49607 0.83085E-01 0.52268E-01
0.49633000000000005 0.78423E-01 0.51885E-01
0.49657999999999997 0.94872E-02 0.52107E-01
0.4971 0.37713E-01 0.52071E-01
0.49736 0.32236E-01 0.51713E-01
0.49762000000000006 0.57485E-01 0.52113E-01
0.49788 0.10080E+00 0.51963E-01
0.49813 0.12629E+00 0.52318E-01
0.49839 0.88518E-01 0.52030E-01
0.49865000000000004 0.80274E-01 0.52271E-01
0.49890999999999996 0.56927E-01 0.51775E-01
0.49917 0.57674E-01 0.52194E-01
0.49943 0.86078E-01 0.51961E-01
0.49969 0.69928E-01 0.52146E-01
0.49993999999999994 0.57361E-01 0.52176E-01
0.5002 0.33254E-01 0.51850E-01
0.50046 0.83953E-01 0.52195E-01
0.50072 0.81363E-01 0.51817E-01
0.50098 0.88674E-01 0.52077E-01
0.50124 0.84444E-01 0.51836E-01
0.50149 0.10906E+00 0.52422E-01
0.50175 0.12558E+00 0.52204E-01
0.5020100000000001 0.13073E+00 0.52477E-01
0.50227 0.11374E+00 0.52143E-01
0.5025299999999999 0.38177E-01 0.52397E-01
0.50279 0.43479E-01 0.52131E-01
0.50305 0.71461E-01 0.52434E-01
0.5033000000000001 0.10744E+00 0.52067E-01
0.50356 0.71339E-01 0.52153E-01
0.5038199999999999 0.50768E-01 0.52113E-01
0.50408 0.84608E-01 0.51940E-01
0.50434 0.14269E+00 0.52339E-01
0.5046 0.12470E+00 0.51987E-01
0.50485 0.19052E-01 0.52182E-01
0.50511 0.33562E-01 0.51859E-01
0.50537 0.57020E-01 0.52301E-01
0.50563 0.42765E-01 0.51917E-01
0.5058900000000001 0.10402E+00 0.52330E-01
0.50615 0.13100E+00 0.52082E-01
0.50641 0.13191E+00 0.54690E-01
0.50666 0.90458E-01 0.61625E-01
0.50692 0.93033E-01 0.69307E-01
0.50718 0.14753E+00 0.72647E-01
0.50744 0.12985E+00 0.66327E-01
0.5077 0.12571E+00 0.61976E-01
0.50796 0.11551E+00 0.59896E-01
0.50822 0.11947E+00 0.59291E-01
0.50847 0.50138E-01 0.58031E-01
0.50873 0.89369E-01 0.57209E-01
0.50899 0.11821E+00 0.55690E-01
0.50925 0.11757E+00 0.54762E-01
0.50951 0.83933E-01 0.53257E-01
0.50977 0.88271E-01 0.52730E-01
0.51002 0.70367E-01 0.52053E-01
0.5102800000000001 0.24980E-01 0.52366E-01
0.51054 0.77685E-01 0.52117E-01
0.5107999999999999 0.92762E-01 0.52335E-01
0.51106 0.12705E+00 0.52064E-01
0.51132 0.12017E+00 0.52427E-01
0.51158 0.11301E+00 0.52398E-01
0.51183 0.95744E-01 0.51982E-01
0.5120899999999999 0.52567E-01 0.52135E-01
0.51235 0.77780E-01 0.51852E-01
0.51261 0.65629E-01 0.52198E-01
0.51287 0.70535E-01 0.51878E-01
0.5131300000000001 0.88013E-01 0.52247E-01
0.51338 0.98834E-01 0.51946E-01
0.51364 0.10140E+00 0.52123E-01
0.5139 0.73274E-01 0.51779E-01
0.5141600000000001 0.74004E-01 0.52192E-01
0.51442 0.91533E-01 0.51838E-01
0.51468 0.45370E-01 0.52101E-01
0.51494 0.51838E-01 0.51902E-01
0.51519 0.67725E-01 0.52158E-01
0.51545 0.86381E-01 0.52111E-01
0.51571 0.74956E-01 0.51779E-01
0.51597 0.19065E-01 0.52167E-01
0.51623 0.57826E-01 0.51852E-01
0.51649 0.40172E-01 0.52140E-01
0.51674 0.47952E-01 0.51942E-01
0.517 0.46137E-01 0.52309E-01
0.51726 0.42108E-01 0.51950E-01
0.51752 0.32731E-01 0.52213E-01
0.51778 0.42424E-01 0.52014E-01
0.51804 0.85524E-01 0.52305E-01
0.51829 0.78088E-01 0.51928E-01
0.5185500000000001 0.35428E-01 0.52139E-01
0.51881 0.66514E-01 0.51730E-01
0.5190699999999999 0.96434E-01 0.51994E-01
0.51933 0.87320E-01 0.52122E-01
0.51959 0.75511E-01 0.51783E-01
0.51985 0.45845E-01 0.52153E-01
0.5201 0.46194E-01 0.51871E-01
0.5203599999999999 0.63076E-01 0.52158E-01
0.52062 0.12857E+00 0.51781E-01
0.52088 0.12913E+00 0.52129E-01
0.52114 0.88187E-01 0.51860E-01
0.5214000000000001 0.10395E+00 0.52116E-01
0.52165 0.93094E-01 0.51768E-01
0.52191 0.91921E-01 0.52064E-01
0.52217 0.47183E-01 0.51633E-01
0.5224300000000001 0.61018E-01 0.52027E-01
0.52269 0.45713E-01 0.51784E-01
0.52295 0.52936E-01 0.51880E-01
0.52321 0.12158E+00 0.51940E-01
0.52346 0.10971E+00 0.51707E-01
0.52372 0.50500E-01 0.51979E-01
0.52398 0.57273E-01 0.51870E-01
0.52424 0.64232E-01 0.52162E-01
0.5245 0.85246E-01 0.51990E-01
0.52476 0.72703E-01 0.52152E-01
0.52501 0.45466E-01 0.51878E-01
0.52527 0.47079E-01 0.52246E-01
0.52553 0.48176E-01 0.51867E-01
0.52579 0.81647E-01 0.52088E-01
0.52605 0.47605E-01 0.51695E-01
0.52631 0.30563E-01 0.51972E-01
0.52657 0.64438E-01 0.51739E-01
0.52683 0.83960E-01 0.51926E-01
0.52708 0.60774E-01 0.52076E-01
0.5273399999999999 0.89420E-01 0.51810E-01
0.5276 0.97074E-01 0.52133E-01
0.52786 0.53398E-01 0.51714E-01
0.52812 0.33066E-01 0.52108E-01
0.5283800000000001 0.30432E-01 0.51660E-01
0.5286299999999999 0.62291E-01 0.51937E-01
0.52889 0.46007E-01 0.51760E-01
0.52915 0.20305E-01 0.52060E-01
0.52941 0.65226E-01 0.51740E-01
0.5296700000000001 0.11408E+00 0.52115E-01
0.52993 0.10516E+00 0.51749E-01
0.53018 0.89824E-01 0.51992E-01
0.53044 0.12240E+00 0.51729E-01
0.5307000000000001 0.10336E+00 0.52041E-01
0.53096 0.50368E-01 0.51798E-01
0.53122 0.53530E-01 0.52088E-01
0.53148 0.97254E-01 0.52062E-01
0.53174 0.68977E-01 0.51667E-01
0.53199 0.51020E-01 0.51958E-01
0.53225 0.87655E-01 0.51712E-01
0.53251 0.53267E-01 0.51930E-01
0.53277 0.42460E-01 0.51716E-01
0.53303 0.58477E-01 0.52106E-01
0.53329 0.57647E-01 0.52012E-01
0.53354 0.22687E-01 0.52165E-01
0.5338 0.23074E-01 0.51807E-01
0.53406 0.74414E-01 0.52136E-01
0.53432 0.91997E-01 0.51773E-01
0.5345799999999999 0.75273E-01 0.52024E-01
0.53484 0.48870E-01 0.51615E-01
0.5351 0.15317E-01 0.51899E-01
0.53535 0.40471E-01 0.52019E-01
0.5356099999999999 0.93468E-01 0.51849E-01
0.53587 0.10867E+00 0.51990E-01
0.53613 0.10723E+00 0.51582E-01
0.53639 0.90909E-01 0.51781E-01
0.5366500000000001 0.67794E-01 0.51597E-01
0.5368999999999999 0.68239E-01 0.51979E-01
0.53716 0.60034E-01 0.51619E-01
0.53742 0.10358E+00 0.52055E-01
0.53768 0.12890E+00 0.51713E-01
0.5379400000000001 0.15429E+00 0.51904E-01
0.5382 0.12078E+00 0.51735E-01
0.5384599999999999 0.21263E-01 0.51958E-01
0.53871 0.47678E-01 0.51677E-01
0.5389700000000001 0.59978E-01 0.52052E-01
0.53923 0.86382E-01 0.51929E-01
0.53949 0.76789E-01 0.51769E-01
0.53975 0.66516E-01 0.52082E-01
0.54001 0.10150E+00 0.51639E-01
0.54027 0.10097E+00 0.52008E-01
0.54052 0.73122E-01 0.51580E-01
0.54078 0.67203E-03 0.51832E-01
0.54104 0.17448E-02 0.51353E-01
0.5413 0.36290E-01 0.51756E-01
0.54156 0.68698E-01 0.51670E-01
0.54182 0.75303E-01 0.51952E-01
0.54207 0.50426E-01 0.51519E-01
0.54233 0.54602E-01 0.51955E-01
0.54259 0.64007E-01 0.51762E-01
0.5428499999999999 0.57898E-01 0.52003E-01
0.54311 0.15889E-01 0.51915E-01
0.54337 0.21974E-03 0.51465E-01
0.5436300000000001 0.35081E-01 0.51809E-01
0.5438799999999999 0.74579E-01 0.51665E-01
0.54414 0.83949E-01 0.51917E-01
0.5444 0.29498E-01 0.51380E-01
0.54466 0.63834E-01 0.51865E-01
0.5449200000000001 0.78099E-01 0.51672E-01
0.54518 0.14617E+00 0.52087E-01
0.54543 0.17629E+00 0.51728E-01
0.54569 0.98651E-01 0.51864E-01
0.54595 0.10674E+00 0.51543E-01
0.5462100000000001 0.87279E-01 0.51848E-01
0.54647 0.69445E-01 0.51678E-01
0.5467299999999999 0.40588E-01 0.51860E-01
0.54699 0.27518E-01 0.51987E-01
0.54776 0.33121E-01 0.51695E-01
0.54802 0.89053E-01 0.51904E-01
0.54828 0.83577E-01 0.51559E-01
0.54854 0.84568E-01 0.52093E-01
0.54879 0.10986E+00 0.51765E-01
0.54905 0.11876E+00 0.52001E-01
0.54931 0.83330E-01 0.51765E-01
0.54957 0.45566E-01 0.52047E-01
0.54983 0.30158E-01 0.51735E-01
0.55009 0.76839E-01 0.51889E-01
0.55034 0.64556E-01 0.51608E-01
0.5506 0.76193E-01 0.51891E-01
0.55086 0.58215E-01 0.51953E-01
0.5511199999999999 0.47264E-01 0.51669E-01
0.55138 0.52251E-01 0.51825E-01
0.55164 0.63345E-01 0.51562E-01
0.5519000000000001 0.11522E+00 0.51896E-01
0.5521499999999999 0.14301E+00 0.51615E-01
0.55241 0.13167E+00 0.51862E-01
0.55267 0.10519E+00 0.51520E-01
0.55293 0.46583E-01 0.51840E-01
0.5531900000000001 0.42549E-01 0.51381E-01
0.55345 0.30164E-01 0.51916E-01
0.5537 0.21767E-01 0.51601E-01
0.55396 0.54059E-01 0.51750E-01
0.55422 0.75735E-01 0.51562E-01
0.5544800000000001 0.24883E-01 0.51721E-01
0.55474 0.46037E-01 0.51900E-01
0.5549999999999999 0.70713E-01 0.51693E-01
0.55526 0.93948E-01 0.51964E-01
0.5555100000000001 0.10409E+00 0.51711E-01
0.55577 0.69718E-01 0.52042E-01
0.55603 0.32021E-01 0.51805E-01
0.55655 0.72546E-01 0.62320E-01
0.55681 0.33665E-01 0.70920E-01
0.55706 0.39706E-01 0.74656E-01
0.55732 0.27146E-01 0.67241E-01
0.5581 0.45904E-01 0.58701E-01
0.55836 0.10593E+00 0.57747E-01
0.55862 0.44923E-01 0.56277E-01
0.55887 0.23585E-01 0.54284E-01
0.55913 0.63228E-01 0.53207E-01
0.5593899999999999 0.91921E-01 0.51985E-01
0.55965 0.57905E-01 0.51845E-01
0.55991 0.34729E-01 0.51416E-01
0.5601700000000001 0.78338E-01 0.51714E-01
0.56043 0.73597E-01 0.51418E-01
0.56068 0.57179E-01 0.51756E-01
0.56094 0.10767E+00 0.51764E-01
0.5612 0.80011E-01 0.54389E-01
0.5614600000000001 0.58982E-01 0.62220E-01
0.56172 0.73711E-01 0.70902E-01
0.5619799999999999 0.62757E-01 0.74921E-01
0.56223 0.15184E-02 0.67331E-01
0.56249 0.20778E-01 0.62415E-01
0.5627500000000001 0.52376E-01 0.59952E-01
0.56301 0.46682E-01 0.58877E-01
0.5632699999999999 0.83823E-02 0.56998E-01
0.56353 0.38080E-01 0.55790E-01
0.56379 0.52156E-01 0.53754E-01
0.56404 0.56437E-01 0.52858E-01
0.5643 0.54144E-01 0.51958E-01
0.56456 0.67753E-01 0.52020E-01
0.56482 0.61375E-01 0.51681E-01
0.56508 0.26535E-01 0.51758E-01
0.5653400000000001 0.16186E-01 0.51286E-01
0.56559 0.23597E-01 0.51586E-01
0.56585 0.67002E-01 0.51402E-01
0.56611 0.61673E-01 0.51732E-01
0.56637 0.77876E-01 0.51628E-01
0.56663 0.10003E+00 0.51381E-01
0.56689 0.45971E-01 0.51580E-01
0.56715 0.42221E-01 0.51312E-01
0.5674 0.48437E-01 0.51751E-01
0.5676599999999999 0.83513E-01 0.51590E-01
0.56792 0.47256E-01 0.53305E-01
0.56818 0.72776E-01 0.58788E-01
0.5684400000000001 0.10396E+00 0.68416E-01
0.5687 0.97858E-01 0.77889E-01
0.56895 0.67781E-01 0.89514E-01
0.56921 0.82986E-01 0.10090E+00
0.56947 0.51097E-01 0.12224E+00
0.5697300000000001 0.15515E+00 0.14283E+00
0.56999 0.79111E-01 0.16066E+00
0.5705 0.51000E-02 0.25458E+00
0.57076 0.11521E+00 0.33998E+00
