 0.118590E-01  0.209686E+03  0.291665E+02
 0.124670E-01  0.207450E+03  0.132773E+02
 0.130750E-01  0.213196E+03  0.102149E+02
 0.136830E-01  0.211490E+03  0.843909E+01
 0.142910E-01  0.208430E+03  0.665169E+01
 0.148990E-01  0.220672E+03  0.848311E+01
 0.155070E-01  0.211245E+03  0.727671E+01
 0.161150E-01  0.210620E+03  0.742923E+01
 0.167240E-01  0.204179E+03  0.583417E+01
 0.173320E-01  0.205866E+03  0.537130E+01
 0.179400E-01  0.202327E+03  0.462406E+01
 0.185480E-01  0.197551E+03  0.503531E+01
 0.191560E-01  0.197613E+03  0.489583E+01
 0.197640E-01  0.210125E+03  0.365311E+01
 0.203720E-01  0.207413E+03  0.406468E+01
 0.209800E-01  0.203759E+03  0.326951E+01
 0.215890E-01  0.200819E+03  0.330255E+01
 0.221970E-01  0.198548E+03  0.315426E+01
 0.228050E-01  0.198288E+03  0.309935E+01
 0.234130E-01  0.196140E+03  0.364539E+01
 0.240210E-01  0.196815E+03  0.362352E+01
 0.246290E-01  0.194057E+03  0.376276E+01
 0.252370E-01  0.194732E+03  0.394893E+01
 0.258450E-01  0.194222E+03  0.364426E+01
 0.264540E-01  0.191863E+03  0.294187E+01
 0.270620E-01  0.192614E+03  0.253529E+01
 0.276700E-01  0.192259E+03  0.250253E+01
 0.282780E-01  0.190886E+03  0.293250E+01
 0.288860E-01  0.189973E+03  0.266130E+01
 0.294940E-01  0.188016E+03  0.235404E+01
 0.301020E-01  0.184686E+03  0.246698E+01
 0.307100E-01  0.181666E+03  0.200659E+01
 0.313190E-01  0.174467E+03  0.190225E+01
 0.319270E-01  0.176522E+03  0.209087E+01
 0.325350E-01  0.177061E+03  0.233064E+01
 0.331430E-01  0.176672E+03  0.249662E+01
 0.337510E-01  0.176387E+03  0.217210E+01
 0.343590E-01  0.176711E+03  0.206965E+01
 0.349670E-01  0.173634E+03  0.243032E+01
 0.355750E-01  0.172106E+03  0.236334E+01
 0.361840E-01  0.173041E+03  0.211095E+01
 0.367920E-01  0.169438E+03  0.219711E+01
 0.374000E-01  0.169090E+03  0.198660E+01
 0.380080E-01  0.164966E+03  0.189694E+01
 0.386160E-01  0.163510E+03  0.171230E+01
 0.392240E-01  0.162643E+03  0.173468E+01
 0.398320E-01  0.162812E+03  0.167099E+01
 0.404400E-01  0.159518E+03  0.162995E+01
 0.410490E-01  0.158611E+03  0.167906E+01
 0.416570E-01  0.155664E+03  0.163959E+01
 0.422650E-01  0.154318E+03  0.185021E+01
 0.428730E-01  0.152295E+03  0.175964E+01
 0.434810E-01  0.149874E+03  0.186864E+01
 0.440890E-01  0.148499E+03  0.156361E+01
 0.446970E-01  0.145785E+03  0.154403E+01
 0.453050E-01  0.146406E+03  0.170809E+01
 0.459140E-01  0.147267E+03  0.159179E+01
 0.465220E-01  0.147160E+03  0.154937E+01
 0.471300E-01  0.144873E+03  0.168772E+01
 0.477380E-01  0.140584E+03  0.151023E+01
 0.483460E-01  0.137470E+03  0.145567E+01
 0.489540E-01  0.136025E+03  0.148913E+01
 0.495620E-01  0.135516E+03  0.150075E+01
 0.501700E-01  0.137194E+03  0.155438E+01
 0.507790E-01  0.136306E+03  0.159605E+01
 0.513870E-01  0.132670E+03  0.142671E+01
 0.519950E-01  0.130579E+03  0.133760E+01
 0.526030E-01  0.126916E+03  0.137076E+01
 0.532110E-01  0.126647E+03  0.126096E+01
 0.538190E-01  0.124885E+03  0.145686E+01
 0.544270E-01  0.122910E+03  0.132435E+01
 0.550350E-01  0.120316E+03  0.131205E+01
 0.556440E-01  0.118796E+03  0.128255E+01
 0.562520E-01  0.116334E+03  0.149043E+01
 0.568600E-01  0.113960E+03  0.131036E+01
 0.574680E-01  0.113272E+03  0.135599E+01
 0.580760E-01  0.112476E+03  0.123358E+01
 0.586840E-01  0.111524E+03  0.114314E+01
 0.592920E-01  0.109318E+03  0.119293E+01
 0.599000E-01  0.107838E+03  0.125496E+01
 0.605090E-01  0.107550E+03  0.128135E+01
 0.611170E-01  0.106279E+03  0.634223E+00
 0.617250E-01  0.104358E+03  0.657984E+00
 0.623330E-01  0.103413E+03  0.619262E+00
 0.629410E-01  0.101191E+03  0.615584E+00
 0.635490E-01  0.100180E+03  0.632337E+00
 0.641570E-01  0.987909E+02  0.603383E+00
 0.647650E-01  0.969350E+02  0.571910E+00
 0.653740E-01  0.965702E+02  0.603084E+00
 0.659820E-01  0.951250E+02  0.668641E+00
 0.665900E-01  0.924784E+02  0.973539E+00
 0.671980E-01  0.911344E+02  0.719169E+00
 0.678060E-01  0.888440E+02  0.669243E+00
 0.684140E-01  0.883030E+02  0.588659E+00
 0.690220E-01  0.870176E+02  0.580064E+00
 0.696300E-01  0.856969E+02  0.596689E+00
 0.702380E-01  0.846971E+02  0.564370E+00
 0.708470E-01  0.831395E+02  0.564085E+00
 0.714550E-01  0.825239E+02  0.543513E+00
 0.720630E-01  0.805417E+02  0.595979E+00
 0.726710E-01  0.795790E+02  0.427867E+00
 0.732790E-01  0.778762E+02  0.394936E+00
 0.738870E-01  0.769976E+02  0.401230E+00
 0.744950E-01  0.759999E+02  0.385180E+00
 0.751030E-01  0.750213E+02  0.384819E+00
 0.757120E-01  0.737826E+02  0.394300E+00
 0.763200E-01  0.724512E+02  0.427699E+00
 0.769280E-01  0.713115E+02  0.375941E+00
 0.775360E-01  0.700031E+02  0.347789E+00
 0.781440E-01  0.691216E+02  0.360033E+00
 0.787520E-01  0.678461E+02  0.345818E+00
 0.793600E-01  0.667461E+02  0.340781E+00
 0.799680E-01  0.653197E+02  0.331531E+00
 0.805760E-01  0.643901E+02  0.339369E+00
 0.811850E-01  0.633351E+02  0.320850E+00
 0.817930E-01  0.623224E+02  0.334281E+00
 0.824010E-01  0.611345E+02  0.307638E+00
 0.830090E-01  0.599276E+02  0.317654E+00
 0.836170E-01  0.592865E+02  0.287635E+00
 0.842250E-01  0.582705E+02  0.287737E+00
 0.848330E-01  0.569925E+02  0.296129E+00
 0.854410E-01  0.563122E+02  0.280106E+00
 0.860490E-01  0.552360E+02  0.284722E+00
 0.866580E-01  0.541936E+02  0.287305E+00
 0.872660E-01  0.530587E+02  0.285957E+00
 0.878740E-01  0.526101E+02  0.289569E+00
 0.884820E-01  0.516443E+02  0.315344E+00
 0.890900E-01  0.508293E+02  0.292955E+00
 0.896980E-01  0.499460E+02  0.288972E+00
 0.903060E-01  0.489729E+02  0.291269E+00
 0.909140E-01  0.481431E+02  0.287237E+00
 0.915220E-01  0.472811E+02  0.266896E+00
 0.921310E-01  0.465487E+02  0.268762E+00
 0.927390E-01  0.457898E+02  0.282475E+00
 0.933470E-01  0.447999E+02  0.256222E+00
 0.939550E-01  0.439907E+02  0.255310E+00
 0.945630E-01  0.433806E+02  0.279474E+00
 0.951710E-01  0.426319E+02  0.260573E+00
 0.957790E-01  0.415624E+02  0.253873E+00
 0.963870E-01  0.412342E+02  0.272441E+00
 0.969950E-01  0.403149E+02  0.251702E+00
 0.976040E-01  0.394953E+02  0.239427E+00
 0.982120E-01  0.389151E+02  0.243326E+00
 0.988200E-01  0.381049E+02  0.243264E+00
 0.994280E-01  0.373769E+02  0.233438E+00
 0.100036E+00  0.370802E+02  0.250808E+00
 0.100644E+00  0.361236E+02  0.248134E+00
 0.101252E+00  0.357125E+02  0.227604E+00
 0.101860E+00  0.350556E+02  0.233370E+00
 0.102468E+00  0.347181E+02  0.261313E+00
 0.103077E+00  0.339316E+02  0.263920E+00
 0.103685E+00  0.333817E+02  0.266965E+00
 0.104293E+00  0.326657E+02  0.220242E+00
 0.104901E+00  0.321647E+02  0.215868E+00
 0.105509E+00  0.317537E+02  0.234439E+00
 0.106117E+00  0.311303E+02  0.226688E+00
 0.106725E+00  0.308631E+02  0.213798E+00
 0.107333E+00  0.301998E+02  0.225366E+00
 0.107941E+00  0.293863E+02  0.217926E+00
 0.108550E+00  0.290431E+02  0.206466E+00
 0.109158E+00  0.287253E+02  0.209831E+00
 0.109766E+00  0.280651E+02  0.207551E+00
 0.110374E+00  0.278022E+02  0.214341E+00
 0.110982E+00  0.271974E+02  0.235576E+00
 0.111590E+00  0.266347E+02  0.210952E+00
 0.112198E+00  0.264044E+02  0.193339E+00
 0.112806E+00  0.260162E+02  0.195412E+00
 0.113414E+00  0.254708E+02  0.195265E+00
 0.114022E+00  0.249997E+02  0.222458E+00
 0.114631E+00  0.248925E+02  0.190351E+00
 0.115239E+00  0.243420E+02  0.199551E+00
 0.115847E+00  0.242319E+02  0.179952E+00
 0.116455E+00  0.237228E+02  0.182785E+00
 0.117063E+00  0.232140E+02  0.184783E+00
 0.117671E+00  0.227720E+02  0.189675E+00
 0.118279E+00  0.225592E+02  0.181319E+00
 0.118887E+00  0.220486E+02  0.170866E+00
 0.119495E+00  0.217387E+02  0.174675E+00
 0.120103E+00  0.212285E+02  0.176453E+00
 0.120712E+00  0.210011E+02  0.177887E+00
 0.121320E+00  0.206986E+02  0.234219E+00
 0.121928E+00  0.203051E+02  0.186550E+00
 0.122536E+00  0.201375E+02  0.174403E+00
 0.123144E+00  0.198799E+02  0.184256E+00
 0.123752E+00  0.196608E+02  0.216093E+00
 0.124360E+00  0.195344E+02  0.200717E+00
 0.124968E+00  0.189106E+02  0.182960E+00
 0.125576E+00  0.187027E+02  0.168056E+00
 0.126184E+00  0.183285E+02  0.170938E+00
 0.126793E+00  0.180527E+02  0.163447E+00
 0.127401E+00  0.177809E+02  0.165789E+00
 0.128009E+00  0.174486E+02  0.163401E+00
 0.128617E+00  0.174537E+02  0.166755E+00
 0.129225E+00  0.170387E+02  0.173505E+00
 0.129833E+00  0.169245E+02  0.174008E+00
 0.130441E+00  0.167356E+02  0.180412E+00
 0.131049E+00  0.165855E+02  0.174908E+00
 0.131657E+00  0.163761E+02  0.175603E+00
 0.132265E+00  0.162974E+02  0.176909E+00
 0.132873E+00  0.159819E+02  0.176509E+00
 0.133482E+00  0.157062E+02  0.166740E+00
 0.134090E+00  0.154288E+02  0.168479E+00
 0.134698E+00  0.152847E+02  0.158455E+00
 0.135306E+00  0.152244E+02  0.164590E+00
 0.135914E+00  0.150111E+02  0.164217E+00
 0.136522E+00  0.148847E+02  0.170454E+00
 0.137130E+00  0.145280E+02  0.173902E+00
 0.137738E+00  0.145326E+02  0.167423E+00
 0.138346E+00  0.139823E+02  0.160674E+00
 0.138954E+00  0.140016E+02  0.163104E+00
 0.139562E+00  0.137728E+02  0.155166E+00
 0.140171E+00  0.138150E+02  0.156263E+00
 0.140779E+00  0.134740E+02  0.149303E+00
 0.141387E+00  0.133806E+02  0.154799E+00
 0.141995E+00  0.131058E+02  0.152134E+00
 0.142603E+00  0.128405E+02  0.147511E+00
 0.143211E+00  0.126591E+02  0.156447E+00
 0.143819E+00  0.126130E+02  0.163893E+00
 0.144427E+00  0.123897E+02  0.152203E+00
 0.145035E+00  0.122936E+02  0.156943E+00
 0.145643E+00  0.122456E+02  0.150300E+00
 0.146251E+00  0.121234E+02  0.146603E+00
 0.146860E+00  0.119692E+02  0.146528E+00
 0.147468E+00  0.120519E+02  0.153873E+00
 0.148076E+00  0.115676E+02  0.181712E+00
 0.148684E+00  0.112677E+02  0.175314E+00
 0.149292E+00  0.109637E+02  0.165490E+00
 0.149900E+00  0.108739E+02  0.160959E+00
 0.150508E+00  0.105469E+02  0.156099E+00
 0.151116E+00  0.104201E+02  0.155514E+00
 0.151724E+00  0.104673E+02  0.145259E+00
 0.152332E+00  0.103037E+02  0.149957E+00
 0.152940E+00  0.105283E+02  0.167717E+00
 0.153548E+00  0.103836E+02  0.147137E+00
 0.154156E+00  0.103052E+02  0.139104E+00
 0.154765E+00  0.100702E+02  0.137535E+00
 0.155373E+00  0.992957E+01  0.157104E+00
 0.155981E+00  0.995580E+01  0.239309E+00
 0.156589E+00  0.986818E+01  0.188891E+00
 0.157197E+00  0.980284E+01  0.254242E+00
 0.157805E+00  0.974477E+01  0.531968E+00
 0.158413E+00  0.970070E+01  0.306213E+00
 0.159021E+00  0.959751E+01  0.463086E+00
 0.159629E+00  0.953585E+01  0.233658E+00
 0.160237E+00  0.920847E+01  0.190623E+00
 0.160845E+00  0.926002E+01  0.133717E+00
 0.161453E+00  0.918975E+01  0.124256E+00
 0.162061E+00  0.890728E+01  0.126344E+00
 0.162670E+00  0.875135E+01  0.126399E+00
 0.163278E+00  0.873734E+01  0.131576E+00
 0.163886E+00  0.871717E+01  0.135411E+00
 0.164494E+00  0.854504E+01  0.142423E+00
 0.165102E+00  0.847930E+01  0.139926E+00
 0.165710E+00  0.830309E+01  0.131753E+00
 0.166318E+00  0.818774E+01  0.132135E+00
 0.166926E+00  0.806441E+01  0.141822E+00
 0.167534E+00  0.805959E+01  0.149259E+00
 0.168142E+00  0.818825E+01  0.138122E+00
 0.168750E+00  0.809314E+01  0.152978E+00
 0.169358E+00  0.805222E+01  0.143215E+00
 0.169966E+00  0.787762E+01  0.135427E+00
 0.170574E+00  0.771611E+01  0.135481E+00
 0.171183E+00  0.763988E+01  0.131017E+00
 0.171791E+00  0.769825E+01  0.134865E+00
 0.172399E+00  0.781756E+01  0.138871E+00
 0.173007E+00  0.753829E+01  0.139159E+00
 0.173615E+00  0.749227E+01  0.134499E+00
 0.174223E+00  0.720210E+01  0.130420E+00
 0.174831E+00  0.698557E+01  0.124559E+00
 0.175439E+00  0.705201E+01  0.125836E+00
 0.176047E+00  0.708973E+01  0.124224E+00
 0.176655E+00  0.706165E+01  0.129497E+00
 0.177263E+00  0.700549E+01  0.127804E+00
 0.177871E+00  0.685777E+01  0.126129E+00
 0.178479E+00  0.680637E+01  0.128500E+00
 0.179087E+00  0.676778E+01  0.125870E+00
 0.179695E+00  0.664085E+01  0.131019E+00
 0.180304E+00  0.637715E+01  0.129100E+00
 0.180912E+00  0.646755E+01  0.127024E+00
 0.181520E+00  0.638912E+01  0.130871E+00
 0.182128E+00  0.636446E+01  0.126017E+00
 0.182736E+00  0.626610E+01  0.125629E+00
 0.183344E+00  0.605660E+01  0.122933E+00
 0.183952E+00  0.603230E+01  0.126720E+00
 0.184560E+00  0.608482E+01  0.129617E+00
 0.185168E+00  0.597147E+01  0.124267E+00
 0.185776E+00  0.598537E+01  0.115996E+00
 0.186384E+00  0.586203E+01  0.119343E+00
 0.186992E+00  0.588161E+01  0.123705E+00
 0.187600E+00  0.564313E+01  0.120641E+00
 0.188208E+00  0.573505E+01  0.134182E+00
 0.188816E+00  0.559134E+01  0.129035E+00
 0.189424E+00  0.544634E+01  0.121464E+00
 0.190032E+00  0.548759E+01  0.113648E+00
 0.190641E+00  0.547447E+01  0.162741E+00
 0.191249E+00  0.540270E+01  0.303455E+00
 0.191857E+00  0.556190E+01  0.166269E+00
 0.192465E+00  0.547585E+01  0.119113E+00
 0.193073E+00  0.546883E+01  0.117839E+00
 0.193681E+00  0.521727E+01  0.125965E+00
 0.194289E+00  0.529369E+01  0.123160E+00
 0.194897E+00  0.522845E+01  0.119863E+00
 0.195505E+00  0.507824E+01  0.158976E+00
 0.196113E+00  0.499478E+01  0.288233E+00
 0.196721E+00  0.478702E+01  0.171111E+00
 0.197329E+00  0.478032E+01  0.189240E+00
 0.197937E+00  0.464396E+01  0.237557E+00
 0.198545E+00  0.456111E+01  0.181197E+00
 0.199153E+00  0.459139E+01  0.299098E+00
 0.199761E+00  0.458733E+01  0.235360E+00
 0.200369E+00  0.449818E+01  0.166543E+00
 0.200977E+00  0.454318E+01  0.277445E+00
 0.201585E+00  0.439215E+01  0.338447E+00
 0.202193E+00  0.443233E+01  0.205926E+00
 0.202802E+00  0.448434E+01  0.249580E+00
 0.203410E+00  0.453163E+01  0.149473E+00
 0.204018E+00  0.446064E+01  0.158130E+00
 0.204626E+00  0.451008E+01  0.227091E+00
 0.205234E+00  0.426708E+01  0.183493E+00
 0.205842E+00  0.405334E+01  0.302648E+00
 0.206450E+00  0.395735E+01  0.210664E+00
 0.207058E+00  0.401124E+01  0.169201E+00
 0.207666E+00  0.408046E+01  0.120178E+00
 0.208274E+00  0.405924E+01  0.115618E+00
 0.208882E+00  0.391741E+01  0.110366E+00
 0.209490E+00  0.388993E+01  0.114943E+00
 0.210098E+00  0.373376E+01  0.116149E+00
 0.210706E+00  0.388586E+01  0.113674E+00
 0.211314E+00  0.392042E+01  0.119706E+00
 0.211922E+00  0.364146E+01  0.115249E+00
 0.212530E+00  0.358984E+01  0.110479E+00
 0.213138E+00  0.356876E+01  0.109303E+00
 0.213746E+00  0.350313E+01  0.108705E+00
 0.214354E+00  0.352655E+01  0.113205E+00
 0.214962E+00  0.364591E+01  0.109214E+00
 0.215570E+00  0.353465E+01  0.104319E+00
 0.216178E+00  0.356594E+01  0.109091E+00
 0.216786E+00  0.355939E+01  0.112400E+00
 0.217394E+00  0.351170E+01  0.110296E+00
 0.218002E+00  0.338485E+01  0.119606E+00
 0.218610E+00  0.337266E+01  0.160279E+00
 0.219219E+00  0.328224E+01  0.160548E+00
 0.219827E+00  0.322318E+01  0.133144E+00
 0.220435E+00  0.310889E+01  0.150534E+00
 0.221043E+00  0.302206E+01  0.121517E+00
 0.221651E+00  0.312460E+01  0.126903E+00
 0.222259E+00  0.315850E+01  0.108088E+00
 0.222867E+00  0.293956E+01  0.106169E+00
 0.223475E+00  0.300843E+01  0.100638E+00
 0.224083E+00  0.297770E+01  0.102959E+00
 0.224691E+00  0.295705E+01  0.106100E+00
 0.225299E+00  0.285111E+01  0.108981E+00
 0.225907E+00  0.283690E+01  0.103273E+00
 0.226515E+00  0.279866E+01  0.102461E+00
 0.227123E+00  0.284406E+01  0.111486E+00
 0.227731E+00  0.272131E+01  0.104304E+00
 0.228339E+00  0.284942E+01  0.104174E+00
 0.228947E+00  0.282031E+01  0.102357E+00
 0.229555E+00  0.285503E+01  0.103795E+00
 0.230163E+00  0.264592E+01  0.103050E+00
 0.230771E+00  0.264885E+01  0.107414E+00
 0.231379E+00  0.259459E+01  0.105565E+00
 0.231987E+00  0.260250E+01  0.105590E+00
 0.232595E+00  0.248273E+01  0.105837E+00
 0.233203E+00  0.249144E+01  0.110521E+00
 0.233811E+00  0.247508E+01  0.119542E+00
 0.234419E+00  0.248052E+01  0.104199E+00
 0.235027E+00  0.251240E+01  0.103892E+00
 0.235635E+00  0.255649E+01  0.128256E+00
 0.236243E+00  0.250824E+01  0.191394E+00
 0.236851E+00  0.249177E+01  0.121213E+00
 0.237459E+00  0.242640E+01  0.998978E-01
 0.238067E+00  0.228961E+01  0.103085E+00
 0.238675E+00  0.234717E+01  0.107954E+00
 0.239283E+00  0.231305E+01  0.105094E+00
 0.239891E+00  0.221227E+01  0.117855E+00
 0.240499E+00  0.214071E+01  0.105532E+00
 0.241107E+00  0.222702E+01  0.100657E+00
 0.241715E+00  0.211959E+01  0.101448E+00
 0.242323E+00  0.219675E+01  0.101825E+00
 0.242931E+00  0.207925E+01  0.103875E+00
 0.243539E+00  0.210285E+01  0.100482E+00
 0.244147E+00  0.206083E+01  0.993842E-01
 0.244755E+00  0.217479E+01  0.114849E+00
 0.245363E+00  0.207935E+01  0.120823E+00
 0.245971E+00  0.201993E+01  0.207218E+00
 0.246579E+00  0.192170E+01  0.258183E+00
 0.247187E+00  0.190432E+01  0.186254E+00
 0.247795E+00  0.173408E+01  0.272902E+00
 0.248403E+00  0.183986E+01  0.149906E+00
 0.249011E+00  0.179658E+01  0.120859E+00
 0.249619E+00  0.175241E+01  0.110691E+00
 0.250227E+00  0.175436E+01  0.107267E+00
 0.250835E+00  0.176461E+01  0.127010E+00
 0.251443E+00  0.169413E+01  0.200863E+00
 0.252051E+00  0.173384E+01  0.156295E+00
 0.252659E+00  0.173847E+01  0.257849E+00
 0.253267E+00  0.176800E+01  0.185943E+00
 0.253875E+00  0.175025E+01  0.111869E+00
 0.254483E+00  0.168119E+01  0.989516E-01
 0.255091E+00  0.170866E+01  0.989461E-01
 0.255699E+00  0.165486E+01  0.103142E+00
 0.256307E+00  0.167707E+01  0.967025E-01
 0.256915E+00  0.160990E+01  0.982164E-01
 0.257523E+00  0.166636E+01  0.999702E-01
 0.258131E+00  0.176351E+01  0.974022E-01
 0.258739E+00  0.177392E+01  0.143986E+00
 0.259347E+00  0.169691E+01  0.275596E+00
 0.259955E+00  0.168921E+01  0.290484E+00
 0.260563E+00  0.159943E+01  0.628500E+00
 0.261171E+00  0.162026E+01  0.288474E+00
 0.261779E+00  0.158029E+01  0.123067E+00
 0.262387E+00  0.170139E+01  0.158231E+00
 0.262995E+00  0.166096E+01  0.113618E+00
 0.263603E+00  0.148890E+01  0.109563E+00
 0.264211E+00  0.146625E+01  0.994071E-01
 0.264819E+00  0.135312E+01  0.997672E-01
 0.265427E+00  0.125263E+01  0.103285E+00
 0.266035E+00  0.136867E+01  0.979059E-01
 0.266643E+00  0.121809E+01  0.100276E+00
 0.267251E+00  0.117113E+01  0.964870E-01
 0.267859E+00  0.131683E+01  0.942171E-01
 0.268467E+00  0.133396E+01  0.944596E-01
 0.269075E+00  0.138930E+01  0.954959E-01
 0.269683E+00  0.128610E+01  0.929330E-01
 0.270291E+00  0.127685E+01  0.929322E-01
 0.270899E+00  0.118910E+01  0.958336E-01
 0.271507E+00  0.112313E+01  0.111791E+00
 0.272115E+00  0.119879E+01  0.127698E+00
 0.272723E+00  0.107966E+01  0.176367E+00
 0.273331E+00  0.103898E+01  0.142048E+00
 0.273939E+00  0.999802E+00  0.988610E-01
 0.274547E+00  0.105390E+01  0.223995E+00
 0.275155E+00  0.100551E+01  0.504720E+00
 0.275763E+00  0.112412E+01  0.234145E+00
 0.276371E+00  0.116704E+01  0.178650E+00
 0.276979E+00  0.116730E+01  0.117125E+00
 0.277587E+00  0.119894E+01  0.130044E+00
 0.278195E+00  0.103804E+01  0.215958E+00
 0.278803E+00  0.130506E+01  0.121059E+00
 0.279411E+00  0.106823E+01  0.913167E-01
 0.280019E+00  0.125822E+01  0.913753E-01
 0.280626E+00  0.128223E+01  0.105457E+00
 0.281234E+00  0.124302E+01  0.132197E+00
 0.281842E+00  0.123360E+01  0.244374E+00
 0.282450E+00  0.113547E+01  0.531600E+00
 0.283058E+00  0.113736E+01  0.273686E+00
 0.283666E+00  0.106324E+01  0.161381E+00
 0.284274E+00  0.113206E+01  0.101958E+00
 0.284882E+00  0.104509E+01  0.103445E+00
 0.285490E+00  0.119690E+01  0.113836E+00
 0.286098E+00  0.109954E+01  0.936281E-01
 0.286706E+00  0.110946E+01  0.996831E-01
 0.287314E+00  0.105889E+01  0.910814E-01
 0.287922E+00  0.942119E+00  0.894931E-01
 0.288530E+00  0.977932E+00  0.907795E-01
 0.289138E+00  0.919315E+00  0.887609E-01
 0.289746E+00  0.876438E+00  0.101915E+00
 0.290354E+00  0.889121E+00  0.917775E-01
 0.290962E+00  0.100189E+01  0.101579E+00
 0.291570E+00  0.996377E+00  0.857046E-01
 0.292178E+00  0.956911E+00  0.863418E-01
 0.292786E+00  0.925338E+00  0.860530E-01
 0.293394E+00  0.928717E+00  0.866716E-01
 0.294002E+00  0.960500E+00  0.915446E-01
 0.294610E+00  0.966303E+00  0.929799E-01
 0.295217E+00  0.962023E+00  0.863958E-01
 0.295825E+00  0.934066E+00  0.874178E-01
 0.296433E+00  0.104877E+01  0.859210E-01
 0.297041E+00  0.972398E+00  0.834775E-01
 0.297649E+00  0.826926E+00  0.832292E-01
 0.298257E+00  0.818425E+00  0.800038E-01
 0.298865E+00  0.794149E+00  0.831057E-01
 0.299473E+00  0.833104E+00  0.848099E-01
 0.300081E+00  0.834556E+00  0.853669E-01
 0.300689E+00  0.885012E+00  0.825193E-01
 0.301297E+00  0.985359E+00  0.863032E-01
 0.301905E+00  0.933264E+00  0.844200E-01
 0.302513E+00  0.796123E+00  0.849123E-01
 0.303121E+00  0.770661E+00  0.822792E-01
 0.303729E+00  0.768507E+00  0.779798E-01
 0.304337E+00  0.859378E+00  0.822342E-01
 0.304945E+00  0.828901E+00  0.793459E-01
 0.305553E+00  0.728797E+00  0.802974E-01
 0.306160E+00  0.779266E+00  0.801984E-01
 0.306768E+00  0.790418E+00  0.806234E-01
 0.307376E+00  0.818450E+00  0.817994E-01
 0.307984E+00  0.762078E+00  0.902298E-01
 0.308592E+00  0.679316E+00  0.879234E-01
 0.309200E+00  0.692198E+00  0.138073E+00
 0.309808E+00  0.572378E+00  0.210833E+00
 0.310416E+00  0.657938E+00  0.137859E+00
 0.311024E+00  0.666517E+00  0.214339E+00
 0.311632E+00  0.626412E+00  0.134779E+00
 0.312240E+00  0.548260E+00  0.153951E+00
 0.312848E+00  0.482208E+00  0.229711E+00
 0.313456E+00  0.519785E+00  0.121459E+00
 0.314064E+00  0.600322E+00  0.106368E+00
 0.314671E+00  0.565243E+00  0.824420E-01
 0.315279E+00  0.605570E+00  0.821693E-01
 0.315887E+00  0.541806E+00  0.975858E-01

# Following corresponds to: RNA_2.dat

 0.124670E-01  0.136004E+03  0.818111E+01
 0.130750E-01  0.138884E+03  0.844119E+01
 0.136830E-01  0.141178E+03  0.717573E+01
 0.142910E-01  0.144499E+03  0.558023E+01
 0.148990E-01  0.140729E+03  0.526473E+01
 0.155070E-01  0.136962E+03  0.685979E+01
 0.161150E-01  0.135719E+03  0.546616E+01
 0.167240E-01  0.136714E+03  0.645469E+01
 0.173320E-01  0.137344E+03  0.511041E+01
 0.179400E-01  0.133966E+03  0.462947E+01
 0.185480E-01  0.133672E+03  0.501027E+01
 0.191560E-01  0.128912E+03  0.403385E+01
 0.197640E-01  0.137593E+03  0.390228E+01
 0.203720E-01  0.134140E+03  0.497427E+01
 0.209800E-01  0.134521E+03  0.405150E+01
 0.215890E-01  0.133468E+03  0.273986E+01
 0.221970E-01  0.132686E+03  0.281073E+01
 0.228050E-01  0.128471E+03  0.292278E+01
 0.234130E-01  0.127767E+03  0.332492E+01
 0.240210E-01  0.127392E+03  0.326018E+01
 0.246290E-01  0.127834E+03  0.311989E+01
 0.252370E-01  0.126304E+03  0.319769E+01
 0.258450E-01  0.128318E+03  0.310783E+01
 0.264540E-01  0.129069E+03  0.266939E+01
 0.270620E-01  0.126845E+03  0.252865E+01
 0.276700E-01  0.128566E+03  0.261930E+01
 0.282780E-01  0.125150E+03  0.249526E+01
 0.288860E-01  0.127480E+03  0.271127E+01
 0.294940E-01  0.124265E+03  0.218504E+01
 0.301020E-01  0.120759E+03  0.212537E+01
 0.307100E-01  0.121941E+03  0.187605E+01
 0.313190E-01  0.122996E+03  0.207257E+01
 0.319270E-01  0.121765E+03  0.176200E+01
 0.325350E-01  0.119248E+03  0.178731E+01
 0.331430E-01  0.118184E+03  0.188369E+01
 0.337510E-01  0.114392E+03  0.208889E+01
 0.343590E-01  0.115360E+03  0.199391E+01
 0.349670E-01  0.115910E+03  0.185175E+01
 0.355750E-01  0.116986E+03  0.189805E+01
 0.361840E-01  0.115760E+03  0.172151E+01
 0.367920E-01  0.110943E+03  0.173430E+01
 0.374000E-01  0.109634E+03  0.187887E+01
 0.380080E-01  0.108549E+03  0.189350E+01
 0.386160E-01  0.106941E+03  0.159891E+01
 0.392240E-01  0.106111E+03  0.156399E+01
 0.398320E-01  0.105621E+03  0.156304E+01
 0.404400E-01  0.104624E+03  0.151531E+01
 0.410490E-01  0.103808E+03  0.164971E+01
 0.416570E-01  0.103871E+03  0.173055E+01
 0.422650E-01  0.103582E+03  0.173189E+01
 0.428730E-01  0.102822E+03  0.150523E+01
 0.434810E-01  0.101244E+03  0.144635E+01
 0.440890E-01  0.102769E+03  0.143785E+01
 0.446970E-01  0.999342E+02  0.150946E+01
 0.453050E-01  0.991700E+02  0.145432E+01
 0.459140E-01  0.997409E+02  0.154847E+01
 0.465220E-01  0.985242E+02  0.147985E+01
 0.471300E-01  0.973063E+02  0.145661E+01
 0.477380E-01  0.931181E+02  0.137088E+01
 0.483460E-01  0.919807E+02  0.131594E+01
 0.489540E-01  0.899156E+02  0.144914E+01
 0.495620E-01  0.897101E+02  0.142650E+01
 0.501700E-01  0.902451E+02  0.139554E+01
 0.507790E-01  0.890661E+02  0.133935E+01
 0.513870E-01  0.862397E+02  0.131873E+01
 0.519950E-01  0.850068E+02  0.130726E+01
 0.526030E-01  0.834498E+02  0.127486E+01
 0.532110E-01  0.831183E+02  0.124922E+01
 0.538190E-01  0.815494E+02  0.117999E+01
 0.544270E-01  0.807433E+02  0.129424E+01
 0.550350E-01  0.809939E+02  0.131566E+01
 0.556440E-01  0.797283E+02  0.125920E+01
 0.562520E-01  0.792757E+02  0.129165E+01
 0.568600E-01  0.777310E+02  0.118907E+01
 0.574680E-01  0.770823E+02  0.131760E+01
 0.580760E-01  0.760532E+02  0.119187E+01
 0.586840E-01  0.741086E+02  0.117543E+01
 0.592920E-01  0.736653E+02  0.119773E+01
 0.599000E-01  0.721283E+02  0.115932E+01
 0.605090E-01  0.705702E+02  0.105463E+01
 0.611170E-01  0.700153E+02  0.107427E+01
 0.617250E-01  0.697782E+02  0.103608E+01
 0.623330E-01  0.680469E+02  0.956921E+00
 0.629410E-01  0.670451E+02  0.102469E+01
 0.635490E-01  0.667174E+02  0.111803E+01
 0.641570E-01  0.658560E+02  0.103995E+01
 0.647650E-01  0.646471E+02  0.101047E+01
 0.653740E-01  0.633976E+02  0.109282E+01
 0.659820E-01  0.617646E+02  0.994619E+00
 0.665900E-01  0.612687E+02  0.945138E+00
 0.671980E-01  0.596039E+02  0.961853E+00
 0.678060E-01  0.587328E+02  0.104579E+01
 0.684140E-01  0.583438E+02  0.547041E+00
 0.690220E-01  0.573468E+02  0.544579E+00
 0.696300E-01  0.562325E+02  0.488692E+00
 0.702380E-01  0.554205E+02  0.435159E+00
 0.708470E-01  0.547015E+02  0.461611E+00
 0.714550E-01  0.542485E+02  0.444691E+00
 0.720630E-01  0.529140E+02  0.554370E+00
 0.726710E-01  0.528665E+02  0.340447E+00
 0.732790E-01  0.518900E+02  0.320691E+00
 0.738870E-01  0.511309E+02  0.323714E+00
 0.744950E-01  0.500959E+02  0.312487E+00
 0.751030E-01  0.494652E+02  0.313507E+00
 0.757120E-01  0.484475E+02  0.336013E+00
 0.763200E-01  0.477911E+02  0.349552E+00
 0.769280E-01  0.470884E+02  0.324707E+00
 0.775360E-01  0.460003E+02  0.285746E+00
 0.781440E-01  0.456790E+02  0.303400E+00
 0.787520E-01  0.443087E+02  0.314895E+00
 0.793600E-01  0.434450E+02  0.288955E+00
 0.799680E-01  0.424739E+02  0.277236E+00
 0.805760E-01  0.422783E+02  0.273274E+00
 0.811850E-01  0.415026E+02  0.274430E+00
 0.817930E-01  0.408356E+02  0.276228E+00
 0.824010E-01  0.401523E+02  0.275884E+00
 0.830090E-01  0.391492E+02  0.264902E+00
 0.836170E-01  0.388904E+02  0.263183E+00
 0.842250E-01  0.381375E+02  0.250305E+00
 0.848330E-01  0.374457E+02  0.249605E+00
 0.854410E-01  0.369359E+02  0.246943E+00
 0.860490E-01  0.364184E+02  0.265884E+00
 0.866580E-01  0.355931E+02  0.253778E+00
 0.872660E-01  0.351540E+02  0.249079E+00
 0.878740E-01  0.346201E+02  0.256759E+00
 0.884820E-01  0.341773E+02  0.246438E+00
 0.890900E-01  0.335472E+02  0.257030E+00
 0.896980E-01  0.327986E+02  0.247034E+00
 0.903060E-01  0.321894E+02  0.245932E+00
 0.909140E-01  0.318311E+02  0.244228E+00
 0.915220E-01  0.312568E+02  0.230674E+00
 0.921310E-01  0.305464E+02  0.227618E+00
 0.927390E-01  0.299919E+02  0.226798E+00
 0.933470E-01  0.294502E+02  0.212811E+00
 0.939550E-01  0.288631E+02  0.216344E+00
 0.945630E-01  0.286873E+02  0.221802E+00
 0.951710E-01  0.282029E+02  0.231248E+00
 0.957790E-01  0.272151E+02  0.225660E+00
 0.963870E-01  0.268570E+02  0.239823E+00
 0.969950E-01  0.266476E+02  0.220534E+00
 0.976040E-01  0.260278E+02  0.214964E+00
 0.982120E-01  0.258964E+02  0.215555E+00
 0.988200E-01  0.252729E+02  0.208526E+00
 0.994280E-01  0.247761E+02  0.203929E+00
 0.100036E+00  0.245896E+02  0.218956E+00
 0.100644E+00  0.238452E+02  0.215906E+00
 0.101252E+00  0.234651E+02  0.208480E+00
 0.101860E+00  0.231688E+02  0.223565E+00
 0.102468E+00  0.228275E+02  0.260675E+00
 0.103077E+00  0.222489E+02  0.239040E+00
 0.103685E+00  0.220495E+02  0.235152E+00
 0.104293E+00  0.214046E+02  0.202426E+00
 0.104901E+00  0.212847E+02  0.197898E+00
 0.105509E+00  0.210237E+02  0.195445E+00
 0.106117E+00  0.206512E+02  0.194244E+00
 0.106725E+00  0.202655E+02  0.188336E+00
 0.107333E+00  0.197478E+02  0.183006E+00
 0.107941E+00  0.193080E+02  0.188632E+00
 0.108550E+00  0.192618E+02  0.184040E+00
 0.109158E+00  0.191816E+02  0.197877E+00
 0.109766E+00  0.184493E+02  0.193210E+00
 0.110374E+00  0.184430E+02  0.201296E+00
 0.110982E+00  0.177960E+02  0.296711E+00
 0.111590E+00  0.175298E+02  0.273515E+00
 0.112198E+00  0.172056E+02  0.224881E+00
 0.112806E+00  0.168980E+02  0.190073E+00
 0.113414E+00  0.167402E+02  0.175525E+00
 0.114022E+00  0.162489E+02  0.193807E+00
 0.114631E+00  0.162049E+02  0.194803E+00
 0.115239E+00  0.158302E+02  0.193480E+00
 0.115847E+00  0.159587E+02  0.183230E+00
 0.116455E+00  0.154941E+02  0.171702E+00
 0.117063E+00  0.153619E+02  0.160502E+00
 0.117671E+00  0.151790E+02  0.171694E+00
 0.118279E+00  0.149887E+02  0.166396E+00
 0.118887E+00  0.145753E+02  0.175423E+00
 0.119495E+00  0.144241E+02  0.165546E+00
 0.120103E+00  0.139714E+02  0.184752E+00
 0.120712E+00  0.138568E+02  0.179179E+00
 0.121320E+00  0.136503E+02  0.225174E+00
 0.121928E+00  0.134883E+02  0.184411E+00
 0.122536E+00  0.135141E+02  0.159267E+00
 0.123144E+00  0.130889E+02  0.171948E+00
 0.123752E+00  0.127508E+02  0.204613E+00
 0.124360E+00  0.127045E+02  0.193312E+00
 0.124968E+00  0.124573E+02  0.175135E+00
 0.125576E+00  0.122815E+02  0.163538E+00
 0.126184E+00  0.120751E+02  0.160203E+00
 0.126793E+00  0.120181E+02  0.152436E+00
 0.127401E+00  0.118061E+02  0.154864E+00
 0.128009E+00  0.114571E+02  0.154630E+00
 0.128617E+00  0.115190E+02  0.156111E+00
 0.129225E+00  0.113975E+02  0.160178E+00
 0.129833E+00  0.113090E+02  0.155573E+00
 0.130441E+00  0.111071E+02  0.158804E+00
 0.131049E+00  0.109653E+02  0.156191E+00
 0.131657E+00  0.107565E+02  0.163417E+00
 0.132265E+00  0.109462E+02  0.156429E+00
 0.132873E+00  0.107503E+02  0.158429E+00
 0.133482E+00  0.104092E+02  0.155094E+00
 0.134090E+00  0.104095E+02  0.158010E+00
 0.134698E+00  0.100465E+02  0.153048E+00
 0.135306E+00  0.992289E+01  0.154985E+00
 0.135914E+00  0.969546E+01  0.156391E+00
 0.136522E+00  0.970993E+01  0.161989E+00
 0.137130E+00  0.954822E+01  0.153769E+00
 0.137738E+00  0.936113E+01  0.151710E+00
 0.138346E+00  0.896935E+01  0.157331E+00
 0.138954E+00  0.913905E+01  0.144824E+00
 0.139562E+00  0.903174E+01  0.148047E+00
 0.140171E+00  0.912667E+01  0.155625E+00
 0.140779E+00  0.895891E+01  0.144940E+00
 0.141387E+00  0.881595E+01  0.150739E+00
 0.141995E+00  0.874914E+01  0.140334E+00
 0.142603E+00  0.847693E+01  0.139915E+00
 0.143211E+00  0.854506E+01  0.155050E+00
 0.143819E+00  0.843083E+01  0.148505E+00
 0.144427E+00  0.827590E+01  0.143518E+00
 0.145035E+00  0.831863E+01  0.148901E+00
 0.145643E+00  0.831411E+01  0.145622E+00
 0.146251E+00  0.812921E+01  0.139843E+00
 0.146860E+00  0.784441E+01  0.136815E+00
 0.147468E+00  0.781420E+01  0.138721E+00
 0.148076E+00  0.737380E+01  0.147181E+00
 0.148684E+00  0.744022E+01  0.164585E+00
 0.149292E+00  0.724640E+01  0.141747E+00
 0.149900E+00  0.727471E+01  0.139218E+00
 0.150508E+00  0.700983E+01  0.139068E+00
 0.151116E+00  0.701736E+01  0.136462E+00
 0.151724E+00  0.693935E+01  0.134816E+00
 0.152332E+00  0.685588E+01  0.145380E+00
 0.152940E+00  0.696262E+01  0.141843E+00
 0.153548E+00  0.680064E+01  0.143386E+00
 0.154156E+00  0.672431E+01  0.141569E+00
 0.154765E+00  0.683052E+01  0.136450E+00
 0.155373E+00  0.660739E+01  0.136032E+00
 0.155981E+00  0.658508E+01  0.143739E+00
 0.156589E+00  0.655345E+01  0.131868E+00
 0.157197E+00  0.649577E+01  0.232397E+00
 0.157805E+00  0.649397E+01  0.478183E+00
 0.158413E+00  0.636574E+01  0.286156E+00
 0.159021E+00  0.626647E+01  0.446494E+00
 0.159629E+00  0.626177E+01  0.229529E+00
 0.160237E+00  0.613207E+01  0.183112E+00
 0.160845E+00  0.601591E+01  0.139328E+00
 0.161453E+00  0.606514E+01  0.129486E+00
 0.162061E+00  0.577633E+01  0.135165E+00
 0.162670E+00  0.576258E+01  0.126474E+00
 0.163278E+00  0.570442E+01  0.134845E+00
 0.163886E+00  0.585269E+01  0.130379E+00
 0.164494E+00  0.585433E+01  0.122196E+00
 0.165102E+00  0.587469E+01  0.126507E+00
 0.165710E+00  0.563060E+01  0.129240E+00
 0.166318E+00  0.553960E+01  0.142442E+00
 0.166926E+00  0.534857E+01  0.136545E+00
 0.167534E+00  0.535098E+01  0.142241E+00
 0.168142E+00  0.550727E+01  0.158714E+00
 0.168750E+00  0.549441E+01  0.148544E+00
 0.169358E+00  0.539936E+01  0.135572E+00
 0.169966E+00  0.531240E+01  0.129713E+00
 0.170574E+00  0.517663E+01  0.154667E+00
 0.171183E+00  0.513842E+01  0.124226E+00
 0.171791E+00  0.499845E+01  0.123850E+00
 0.172399E+00  0.512381E+01  0.132285E+00
 0.173007E+00  0.500078E+01  0.124459E+00
 0.173615E+00  0.495956E+01  0.127852E+00
 0.174223E+00  0.486466E+01  0.133008E+00
 0.174831E+00  0.473641E+01  0.141923E+00
 0.175439E+00  0.466217E+01  0.152317E+00
 0.176047E+00  0.475827E+01  0.125648E+00
 0.176655E+00  0.454447E+01  0.123731E+00
 0.177263E+00  0.457720E+01  0.120293E+00
 0.177871E+00  0.435100E+01  0.122852E+00
 0.178479E+00  0.437149E+01  0.117765E+00
 0.179087E+00  0.427084E+01  0.118909E+00
 0.179695E+00  0.422054E+01  0.123811E+00
 0.180304E+00  0.418019E+01  0.125360E+00
 0.180912E+00  0.417089E+01  0.128828E+00
 0.181520E+00  0.430448E+01  0.130098E+00
 0.182128E+00  0.420464E+01  0.122221E+00
 0.182736E+00  0.414875E+01  0.119085E+00
 0.183344E+00  0.411048E+01  0.121930E+00
 0.183952E+00  0.429458E+01  0.153896E+00
 0.184560E+00  0.425280E+01  0.249033E+00
 0.185168E+00  0.408058E+01  0.234749E+00
 0.185776E+00  0.395020E+01  0.396198E+00
 0.186384E+00  0.395618E+01  0.214446E+00
 0.186992E+00  0.381789E+01  0.122620E+00
 0.187600E+00  0.380423E+01  0.120507E+00
 0.188208E+00  0.374703E+01  0.137490E+00
 0.188816E+00  0.362153E+01  0.127595E+00
 0.189424E+00  0.368631E+01  0.128272E+00
 0.190032E+00  0.376214E+01  0.121962E+00
 0.190641E+00  0.360418E+01  0.120761E+00
 0.191249E+00  0.370870E+01  0.166107E+00
 0.191857E+00  0.369734E+01  0.314622E+00
 0.192465E+00  0.367609E+01  0.169393E+00
 0.193073E+00  0.359784E+01  0.154260E+00
 0.193681E+00  0.342767E+01  0.256122E+00
 0.194289E+00  0.359996E+01  0.146135E+00
 0.194897E+00  0.346342E+01  0.119320E+00
 0.195505E+00  0.349322E+01  0.156613E+00
 0.196113E+00  0.332025E+01  0.284706E+00
 0.196721E+00  0.336214E+01  0.169098E+00
 0.197329E+00  0.334524E+01  0.162592E+00
 0.197937E+00  0.311097E+01  0.131400E+00
 0.198545E+00  0.304835E+01  0.115263E+00
 0.199153E+00  0.305062E+01  0.113110E+00
 0.199761E+00  0.301166E+01  0.119050E+00
 0.200369E+00  0.306021E+01  0.127835E+00
 0.200977E+00  0.300729E+01  0.223793E+00
 0.201585E+00  0.289887E+01  0.316447E+00
 0.202193E+00  0.303415E+01  0.197891E+00
 0.202802E+00  0.302300E+01  0.240785E+00
 0.203410E+00  0.301369E+01  0.145159E+00
 0.204018E+00  0.299127E+01  0.153400E+00
 0.204626E+00  0.294810E+01  0.221533E+00
 0.205234E+00  0.290234E+01  0.177982E+00
 0.205842E+00  0.277500E+01  0.295510E+00
 0.206450E+00  0.273200E+01  0.166391E+00
 0.207058E+00  0.277198E+01  0.153360E+00
 0.207666E+00  0.282533E+01  0.116658E+00
 0.208274E+00  0.266566E+01  0.110831E+00
 0.208882E+00  0.264610E+01  0.113231E+00
 0.209490E+00  0.263206E+01  0.122059E+00
 0.210098E+00  0.261686E+01  0.134269E+00
 0.210706E+00  0.257933E+01  0.119762E+00
 0.211314E+00  0.268502E+01  0.119353E+00
 0.211922E+00  0.238713E+01  0.110411E+00
 0.212530E+00  0.231852E+01  0.102785E+00
 0.213138E+00  0.243134E+01  0.102919E+00
 0.213746E+00  0.246467E+01  0.109101E+00
 0.214354E+00  0.250794E+01  0.107884E+00
 0.214962E+00  0.252600E+01  0.108268E+00
 0.215570E+00  0.242418E+01  0.103396E+00
 0.216178E+00  0.240848E+01  0.104118E+00
 0.216786E+00  0.229987E+01  0.108874E+00
 0.217394E+00  0.217100E+01  0.106881E+00
 0.218002E+00  0.224712E+01  0.104567E+00
 0.218610E+00  0.221638E+01  0.104133E+00
 0.219219E+00  0.235764E+01  0.105551E+00
 0.219827E+00  0.245125E+01  0.118538E+00
 0.220435E+00  0.221937E+01  0.129322E+00
 0.221043E+00  0.231366E+01  0.111401E+00
 0.221651E+00  0.228463E+01  0.124010E+00
 0.222259E+00  0.223193E+01  0.110355E+00
 0.222867E+00  0.206246E+01  0.113952E+00
 0.223475E+00  0.218464E+01  0.132298E+00
 0.224083E+00  0.207389E+01  0.116190E+00
 0.224691E+00  0.206446E+01  0.106691E+00
 0.225299E+00  0.206816E+01  0.107778E+00
 0.225907E+00  0.192654E+01  0.108695E+00
 0.226515E+00  0.193629E+01  0.105314E+00
 0.227123E+00  0.194352E+01  0.109902E+00
 0.227731E+00  0.181906E+01  0.107289E+00
 0.228339E+00  0.205359E+01  0.126127E+00
 0.228947E+00  0.203091E+01  0.121797E+00
 0.229555E+00  0.189858E+01  0.110881E+00
 0.230163E+00  0.181852E+01  0.128579E+00
 0.230771E+00  0.180894E+01  0.133016E+00
 0.231379E+00  0.175261E+01  0.165909E+00
 0.231987E+00  0.170847E+01  0.154075E+00
 0.232595E+00  0.161900E+01  0.115573E+00
 0.233203E+00  0.168699E+01  0.111394E+00
 0.233811E+00  0.169740E+01  0.117882E+00
 0.234419E+00  0.169580E+01  0.103959E+00
 0.235027E+00  0.155308E+01  0.103483E+00
 0.235635E+00  0.154328E+01  0.125937E+00
 0.236243E+00  0.161305E+01  0.193688E+00
 0.236851E+00  0.166242E+01  0.122278E+00
 0.237459E+00  0.165360E+01  0.101064E+00
 0.238067E+00  0.171705E+01  0.985374E-01
 0.238675E+00  0.154527E+01  0.106234E+00
 0.239283E+00  0.170810E+01  0.104215E+00
 0.239891E+00  0.146428E+01  0.115031E+00
 0.240499E+00  0.160905E+01  0.102525E+00
 0.241107E+00  0.163245E+01  0.102551E+00
 0.241715E+00  0.146787E+01  0.102693E+00
 0.242323E+00  0.164063E+01  0.106241E+00
 0.242931E+00  0.149825E+01  0.106861E+00
 0.243539E+00  0.149966E+01  0.101674E+00
 0.244147E+00  0.144945E+01  0.100853E+00
 0.244755E+00  0.154039E+01  0.113273E+00
 0.245363E+00  0.146315E+01  0.121945E+00
 0.245971E+00  0.145520E+01  0.206036E+00
 0.246579E+00  0.130141E+01  0.255238E+00
 0.247187E+00  0.128125E+01  0.159713E+00
 0.247795E+00  0.125590E+01  0.157057E+00
 0.248403E+00  0.120725E+01  0.115594E+00
 0.249011E+00  0.126970E+01  0.120167E+00
 0.249619E+00  0.123842E+01  0.109797E+00
 0.250227E+00  0.127705E+01  0.102034E+00
 0.250835E+00  0.124470E+01  0.121721E+00
 0.251443E+00  0.134840E+01  0.195301E+00
 0.252051E+00  0.133153E+01  0.152565E+00
 0.252659E+00  0.134080E+01  0.254755E+00
 0.253267E+00  0.126623E+01  0.181913E+00
 0.253875E+00  0.117011E+01  0.109872E+00
 0.254483E+00  0.117339E+01  0.940154E-01
 0.255091E+00  0.120955E+01  0.955655E-01
 0.255699E+00  0.122517E+01  0.100173E+00
 0.256307E+00  0.125779E+01  0.968871E-01
 0.256915E+00  0.113402E+01  0.974139E-01
 0.257523E+00  0.116656E+01  0.998656E-01
 0.258131E+00  0.120600E+01  0.945604E-01
 0.258739E+00  0.108774E+01  0.138853E+00
 0.259347E+00  0.118180E+01  0.268866E+00
 0.259955E+00  0.119997E+01  0.282174E+00
 0.260563E+00  0.110363E+01  0.610205E+00
 0.261171E+00  0.110996E+01  0.282936E+00
 0.261779E+00  0.112960E+01  0.122382E+00
 0.262387E+00  0.115320E+01  0.152842E+00
 0.262995E+00  0.126531E+01  0.112367E+00
 0.263603E+00  0.120026E+01  0.111200E+00
 0.264211E+00  0.111175E+01  0.973921E-01
 0.264819E+00  0.101855E+01  0.938960E-01
 0.265427E+00  0.100062E+01  0.935996E-01
 0.266035E+00  0.921219E+00  0.932863E-01
 0.266643E+00  0.885104E+00  0.989951E-01
 0.267251E+00  0.857149E+00  0.113309E+00
 0.267859E+00  0.887412E+00  0.126518E+00
 0.268467E+00  0.919951E+00  0.111101E+00
 0.269075E+00  0.100031E+01  0.102821E+00
 0.269683E+00  0.896021E+00  0.953364E-01
 0.270291E+00  0.961973E+00  0.104140E+00
 0.270899E+00  0.104148E+01  0.968948E-01
 0.271507E+00  0.831644E+00  0.117527E+00
 0.272115E+00  0.906689E+00  0.142446E+00
 0.272723E+00  0.857211E+00  0.182339E+00
 0.273331E+00  0.832440E+00  0.184338E+00
 0.273939E+00  0.748313E+00  0.202115E+00
 0.274547E+00  0.846550E+00  0.163967E+00
 0.275155E+00  0.800094E+00  0.208512E+00
 0.275763E+00  0.816866E+00  0.127044E+00
 0.276371E+00  0.782368E+00  0.127638E+00
 0.276979E+00  0.792943E+00  0.102672E+00
 0.277587E+00  0.864035E+00  0.127966E+00
 0.278195E+00  0.728225E+00  0.210585E+00
 0.278803E+00  0.969589E+00  0.118348E+00
 0.279411E+00  0.779712E+00  0.894350E-01
 0.280019E+00  0.831860E+00  0.890513E-01
 0.280626E+00  0.972389E+00  0.101891E+00
 0.281234E+00  0.931284E+00  0.991839E-01
 0.281842E+00  0.978747E+00  0.103534E+00
 0.282450E+00  0.902413E+00  0.158352E+00
 0.283058E+00  0.972270E+00  0.171413E+00
 0.283666E+00  0.855687E+00  0.103305E+00
 0.284274E+00  0.817611E+00  0.911617E-01
 0.284882E+00  0.859209E+00  0.103764E+00
 0.285490E+00  0.895593E+00  0.113211E+00
 0.286098E+00  0.804195E+00  0.895150E-01
 0.286706E+00  0.765606E+00  0.921547E-01
 0.287314E+00  0.770062E+00  0.869779E-01
 0.287922E+00  0.647232E+00  0.880806E-01
 0.288530E+00  0.675225E+00  0.888890E-01
 0.289138E+00  0.753791E+00  0.881085E-01
 0.289746E+00  0.646387E+00  0.995236E-01
 0.290354E+00  0.655250E+00  0.887420E-01
 0.290962E+00  0.713832E+00  0.891978E-01
 0.291570E+00  0.686942E+00  0.894114E-01
 0.292178E+00  0.672960E+00  0.950262E-01
 0.292786E+00  0.464614E+00  0.888580E-01
 0.293394E+00  0.522498E+00  0.856853E-01
 0.294002E+00  0.521157E+00  0.914485E-01
 0.294610E+00  0.567700E+00  0.106643E+00
 0.295217E+00  0.589562E+00  0.149333E+00
 0.295825E+00  0.665566E+00  0.280450E+00
 0.296433E+00  0.703650E+00  0.402780E+00
 0.297041E+00  0.744033E+00  0.234244E+00
 0.297649E+00  0.621900E+00  0.104428E+00
 0.298257E+00  0.608007E+00  0.824856E-01
 0.298865E+00  0.610018E+00  0.823103E-01
 0.299473E+00  0.642644E+00  0.798222E-01
 0.300081E+00  0.653996E+00  0.810604E-01
 0.300689E+00  0.635948E+00  0.805990E-01
 0.301297E+00  0.749495E+00  0.925727E-01
 0.301905E+00  0.711799E+00  0.867205E-01
 0.302513E+00  0.750416E+00  0.811986E-01
 0.303121E+00  0.609157E+00  0.911471E-01
 0.303729E+00  0.601109E+00  0.871163E-01
 0.304337E+00  0.559661E+00  0.935674E-01
 0.304945E+00  0.626722E+00  0.114108E+00
 0.305553E+00  0.565041E+00  0.198603E+00
 0.306160E+00  0.595049E+00  0.135644E+00
 0.306768E+00  0.542788E+00  0.218860E+00
 0.307376E+00  0.569179E+00  0.118712E+00
 0.307984E+00  0.575443E+00  0.979369E-01
 0.308592E+00  0.532312E+00  0.884616E-01
 0.309200E+00  0.498037E+00  0.135739E+00
 0.309808E+00  0.466211E+00  0.204789E+00
 0.310416E+00  0.456043E+00  0.135508E+00
 0.311024E+00  0.503041E+00  0.208532E+00
 0.311632E+00  0.417347E+00  0.112711E+00
 0.312240E+00  0.427854E+00  0.766276E-01
 0.312848E+00  0.474004E+00  0.731772E-01
 0.313456E+00  0.470388E+00  0.780435E-01
 0.314064E+00  0.517862E+00  0.768850E-01
 0.314671E+00  0.467113E+00  0.774783E-01
 0.315279E+00  0.476046E+00  0.788683E-01
 0.315887E+00  0.514609E+00  0.933952E-01

# Following corresponds to: RNA_3.dat

 0.118590E-01  0.987355E+02  0.849838E+01
 0.124670E-01  0.989746E+02  0.851853E+01
 0.130750E-01  0.978819E+02  0.992407E+01
 0.136830E-01  0.901598E+02  0.709223E+01
 0.142910E-01  0.949085E+02  0.686217E+01
 0.148990E-01  0.955965E+02  0.571005E+01
 0.155070E-01  0.972470E+02  0.568002E+01
 0.161150E-01  0.907415E+02  0.634265E+01
 0.167240E-01  0.910260E+02  0.565046E+01
 0.173320E-01  0.913443E+02  0.520324E+01
 0.179400E-01  0.838669E+02  0.428609E+01
 0.185480E-01  0.893604E+02  0.430567E+01
 0.191560E-01  0.869081E+02  0.405947E+01
 0.197640E-01  0.933651E+02  0.339427E+01
 0.203720E-01  0.954771E+02  0.386970E+01
 0.209800E-01  0.933231E+02  0.277523E+01
 0.215890E-01  0.926991E+02  0.251803E+01
 0.221970E-01  0.880723E+02  0.291912E+01
 0.228050E-01  0.923139E+02  0.260199E+01
 0.234130E-01  0.886548E+02  0.308619E+01
 0.240210E-01  0.901093E+02  0.305046E+01
 0.246290E-01  0.880367E+02  0.334591E+01
 0.252370E-01  0.878830E+02  0.295057E+01
 0.258450E-01  0.866639E+02  0.321645E+01
 0.264540E-01  0.850388E+02  0.265786E+01
 0.270620E-01  0.865154E+02  0.245743E+01
 0.276700E-01  0.797906E+02  0.255662E+01
 0.282780E-01  0.856110E+02  0.260614E+01
 0.288860E-01  0.841515E+02  0.243943E+01
 0.294940E-01  0.829939E+02  0.197929E+01
 0.301020E-01  0.796819E+02  0.224397E+01
 0.307100E-01  0.806880E+02  0.193903E+01
 0.313190E-01  0.835837E+02  0.224856E+01
 0.319270E-01  0.807333E+02  0.215634E+01
 0.325350E-01  0.781330E+02  0.188082E+01
 0.331430E-01  0.785061E+02  0.166256E+01
 0.337510E-01  0.810217E+02  0.181237E+01
 0.343590E-01  0.785593E+02  0.174686E+01
 0.349670E-01  0.777657E+02  0.171909E+01
 0.355750E-01  0.742342E+02  0.178884E+01
 0.361840E-01  0.763632E+02  0.185523E+01
 0.367920E-01  0.740258E+02  0.166238E+01
 0.374000E-01  0.725692E+02  0.172813E+01
 0.380080E-01  0.754741E+02  0.150443E+01
 0.386160E-01  0.739543E+02  0.141740E+01
 0.392240E-01  0.740378E+02  0.182005E+01
 0.398320E-01  0.760321E+02  0.163267E+01
 0.404400E-01  0.739409E+02  0.158880E+01
 0.410490E-01  0.738263E+02  0.172537E+01
 0.416570E-01  0.705095E+02  0.160692E+01
 0.422650E-01  0.710530E+02  0.149150E+01
 0.428730E-01  0.690370E+02  0.144836E+01
 0.434810E-01  0.671639E+02  0.134886E+01
 0.440890E-01  0.681507E+02  0.120259E+01
 0.446970E-01  0.665957E+02  0.129525E+01
 0.453050E-01  0.649396E+02  0.124012E+01
 0.459140E-01  0.631936E+02  0.122253E+01
 0.465220E-01  0.634698E+02  0.123261E+01
 0.471300E-01  0.624251E+02  0.120843E+01
 0.477380E-01  0.622529E+02  0.125286E+01
 0.483460E-01  0.611497E+02  0.130011E+01
 0.489540E-01  0.606085E+02  0.118865E+01
 0.495620E-01  0.590020E+02  0.120900E+01
 0.501700E-01  0.592324E+02  0.117647E+01
 0.507790E-01  0.581829E+02  0.119838E+01
 0.513870E-01  0.558522E+02  0.126248E+01
 0.519950E-01  0.562151E+02  0.118161E+01
 0.526030E-01  0.560945E+02  0.115697E+01
 0.532110E-01  0.563985E+02  0.117618E+01
 0.538190E-01  0.539249E+02  0.121596E+01
 0.544270E-01  0.543934E+02  0.112230E+01
 0.550350E-01  0.533345E+02  0.117617E+01
 0.556440E-01  0.539810E+02  0.106702E+01
 0.562520E-01  0.531623E+02  0.109715E+01
 0.568600E-01  0.510616E+02  0.111649E+01
 0.574680E-01  0.490555E+02  0.113134E+01
 0.580760E-01  0.486511E+02  0.110242E+01
 0.586840E-01  0.480356E+02  0.102237E+01
 0.592920E-01  0.474029E+02  0.103050E+01
 0.599000E-01  0.482200E+02  0.107237E+01
 0.605090E-01  0.496301E+02  0.116921E+01
 0.611170E-01  0.478521E+02  0.101975E+01
 0.617250E-01  0.464979E+02  0.998765E+00
 0.623330E-01  0.443805E+02  0.100801E+01
 0.629410E-01  0.448844E+02  0.100517E+01
 0.635490E-01  0.446332E+02  0.108514E+01
 0.641570E-01  0.441010E+02  0.967686E+00
 0.647650E-01  0.428197E+02  0.523596E+00
 0.653740E-01  0.423725E+02  0.494385E+00
 0.659820E-01  0.411422E+02  0.450682E+00
 0.665900E-01  0.407654E+02  0.487166E+00
 0.671980E-01  0.402272E+02  0.503612E+00
 0.678060E-01  0.393570E+02  0.456896E+00
 0.684140E-01  0.386031E+02  0.473306E+00
 0.690220E-01  0.380444E+02  0.448158E+00
 0.696300E-01  0.379119E+02  0.493146E+00
 0.702380E-01  0.375778E+02  0.461465E+00
 0.708470E-01  0.365137E+02  0.499280E+00
 0.714550E-01  0.367128E+02  0.461351E+00
 0.720630E-01  0.357648E+02  0.476537E+00
 0.726710E-01  0.353636E+02  0.298171E+00
 0.732790E-01  0.347872E+02  0.303084E+00
 0.738870E-01  0.338071E+02  0.288809E+00
 0.744950E-01  0.331338E+02  0.268489E+00
 0.751030E-01  0.325479E+02  0.292637E+00
 0.757120E-01  0.322536E+02  0.294289E+00
 0.763200E-01  0.319304E+02  0.272434E+00
 0.769280E-01  0.314281E+02  0.273952E+00
 0.775360E-01  0.307447E+02  0.266198E+00
 0.781440E-01  0.304460E+02  0.246013E+00
 0.787520E-01  0.296197E+02  0.246537E+00
 0.793600E-01  0.295375E+02  0.265264E+00
 0.799680E-01  0.288390E+02  0.265213E+00
 0.805760E-01  0.282888E+02  0.249361E+00
 0.811850E-01  0.277264E+02  0.262260E+00
 0.817930E-01  0.270547E+02  0.247427E+00
 0.824010E-01  0.267315E+02  0.254598E+00
 0.830090E-01  0.260564E+02  0.260301E+00
 0.836170E-01  0.258773E+02  0.252123E+00
 0.842250E-01  0.257466E+02  0.252005E+00
 0.848330E-01  0.255524E+02  0.243226E+00
 0.854410E-01  0.251207E+02  0.232828E+00
 0.860490E-01  0.247946E+02  0.243678E+00
 0.866580E-01  0.240789E+02  0.247670E+00
 0.872660E-01  0.238791E+02  0.247939E+00
 0.878740E-01  0.233549E+02  0.253728E+00
 0.884820E-01  0.227902E+02  0.246700E+00
 0.890900E-01  0.226208E+02  0.240957E+00
 0.896980E-01  0.221130E+02  0.261293E+00
 0.903060E-01  0.217373E+02  0.219179E+00
 0.909140E-01  0.213087E+02  0.208813E+00
 0.915220E-01  0.210304E+02  0.197570E+00
 0.921310E-01  0.206036E+02  0.191074E+00
 0.927390E-01  0.202634E+02  0.212933E+00
 0.933470E-01  0.199423E+02  0.221304E+00
 0.939550E-01  0.196471E+02  0.206349E+00
 0.945630E-01  0.194240E+02  0.221234E+00
 0.951710E-01  0.191278E+02  0.208211E+00
 0.957790E-01  0.187160E+02  0.224481E+00
 0.963870E-01  0.186986E+02  0.297957E+00
 0.969950E-01  0.182033E+02  0.317575E+00
 0.976040E-01  0.180091E+02  0.244730E+00
 0.982120E-01  0.174650E+02  0.225741E+00
 0.988200E-01  0.171009E+02  0.206951E+00
 0.994280E-01  0.166372E+02  0.204285E+00
 0.100036E+00  0.165338E+02  0.208108E+00
 0.100644E+00  0.164699E+02  0.193260E+00
 0.101252E+00  0.163411E+02  0.193599E+00
 0.101860E+00  0.159905E+02  0.197490E+00
 0.102468E+00  0.153624E+02  0.187354E+00
 0.103077E+00  0.149741E+02  0.189022E+00
 0.103685E+00  0.149767E+02  0.189591E+00
 0.104293E+00  0.145462E+02  0.186279E+00
 0.104901E+00  0.143428E+02  0.181824E+00
 0.105509E+00  0.143367E+02  0.190493E+00
 0.106117E+00  0.139619E+02  0.188257E+00
 0.106725E+00  0.140231E+02  0.199040E+00
 0.107333E+00  0.135539E+02  0.193601E+00
 0.107941E+00  0.131973E+02  0.197805E+00
 0.108550E+00  0.131421E+02  0.201868E+00
 0.109158E+00  0.129901E+02  0.187306E+00
 0.109766E+00  0.128345E+02  0.221223E+00
 0.110374E+00  0.127884E+02  0.218745E+00
 0.110982E+00  0.124336E+02  0.183392E+00
 0.111590E+00  0.122143E+02  0.182528E+00
 0.112198E+00  0.118931E+02  0.163982E+00
 0.112806E+00  0.118733E+02  0.166861E+00
 0.113414E+00  0.117414E+02  0.164828E+00
 0.114022E+00  0.116149E+02  0.169927E+00
 0.114631E+00  0.114181E+02  0.168218E+00
 0.115239E+00  0.110383E+02  0.174099E+00
 0.115847E+00  0.111035E+02  0.178082E+00
 0.116455E+00  0.107897E+02  0.211403E+00
 0.117063E+00  0.106179E+02  0.303162E+00
 0.117671E+00  0.106394E+02  0.220996E+00
 0.118279E+00  0.101474E+02  0.273946E+00
 0.118887E+00  0.995124E+01  0.188353E+00
 0.119495E+00  0.979274E+01  0.181330E+00
 0.120103E+00  0.963880E+01  0.187383E+00
 0.120712E+00  0.978744E+01  0.179659E+00
 0.121320E+00  0.952252E+01  0.177625E+00
 0.121928E+00  0.945595E+01  0.174826E+00
 0.122536E+00  0.925502E+01  0.205816E+00
 0.123144E+00  0.900457E+01  0.177931E+00
 0.123752E+00  0.892306E+01  0.236118E+00
 0.124360E+00  0.891482E+01  0.173558E+00
 0.124968E+00  0.884095E+01  0.161042E+00
 0.125576E+00  0.865456E+01  0.150882E+00
 0.126184E+00  0.857746E+01  0.156720E+00
 0.126793E+00  0.827043E+01  0.161896E+00
 0.127401E+00  0.842730E+01  0.159596E+00
 0.128009E+00  0.822369E+01  0.152301E+00
 0.128617E+00  0.822384E+01  0.158624E+00
 0.129225E+00  0.790597E+01  0.146534E+00
 0.129833E+00  0.778697E+01  0.146117E+00
 0.130441E+00  0.771240E+01  0.155362E+00
 0.131049E+00  0.758368E+01  0.149980E+00
 0.131657E+00  0.758942E+01  0.162936E+00
 0.132265E+00  0.745973E+01  0.160832E+00
 0.132873E+00  0.729791E+01  0.155324E+00
 0.133482E+00  0.723830E+01  0.145175E+00
 0.134090E+00  0.721327E+01  0.148799E+00
 0.134698E+00  0.704143E+01  0.146740E+00
 0.135306E+00  0.676556E+01  0.142213E+00
 0.135914E+00  0.690486E+01  0.148950E+00
 0.136522E+00  0.681146E+01  0.180616E+00
 0.137130E+00  0.660699E+01  0.160475E+00
 0.137738E+00  0.657289E+01  0.153716E+00
 0.138346E+00  0.648061E+01  0.156903E+00
 0.138954E+00  0.650463E+01  0.170866E+00
 0.139562E+00  0.634031E+01  0.197272E+00
 0.140171E+00  0.628422E+01  0.167921E+00
 0.140779E+00  0.630389E+01  0.154514E+00
 0.141387E+00  0.623455E+01  0.153591E+00
 0.141995E+00  0.615722E+01  0.145647E+00
 0.142603E+00  0.592304E+01  0.152803E+00
 0.143211E+00  0.607738E+01  0.147310E+00
 0.143819E+00  0.595239E+01  0.146437E+00
 0.144427E+00  0.587648E+01  0.144439E+00
 0.145035E+00  0.581420E+01  0.150145E+00
 0.145643E+00  0.565238E+01  0.147984E+00
 0.146251E+00  0.552759E+01  0.135812E+00
 0.146860E+00  0.540489E+01  0.143258E+00
 0.147468E+00  0.557865E+01  0.160420E+00
 0.148076E+00  0.537700E+01  0.188131E+00
 0.148684E+00  0.541683E+01  0.175553E+00
 0.149292E+00  0.535287E+01  0.190020E+00
 0.149900E+00  0.523003E+01  0.182337E+00
 0.150508E+00  0.494686E+01  0.141770E+00
 0.151116E+00  0.502990E+01  0.145161E+00
 0.151724E+00  0.495897E+01  0.140891E+00
 0.152332E+00  0.489141E+01  0.140095E+00
 0.152940E+00  0.487259E+01  0.129931E+00
 0.153548E+00  0.470527E+01  0.133522E+00
 0.154156E+00  0.464023E+01  0.141467E+00
 0.154765E+00  0.462224E+01  0.143351E+00
 0.155373E+00  0.467506E+01  0.138718E+00
 0.155981E+00  0.450660E+01  0.131995E+00
 0.156589E+00  0.472965E+01  0.139782E+00
 0.157197E+00  0.483731E+01  0.146732E+00
 0.157805E+00  0.470158E+01  0.168564E+00
 0.158413E+00  0.469269E+01  0.163604E+00
 0.159021E+00  0.460728E+01  0.200653E+00
 0.159629E+00  0.457408E+01  0.221118E+00
 0.160237E+00  0.451420E+01  0.457949E+00
 0.160845E+00  0.440641E+01  0.504256E+00
 0.161453E+00  0.413577E+01  0.451217E+00
 0.162061E+00  0.419702E+01  0.748167E+00
 0.162670E+00  0.421842E+01  0.415145E+00
 0.163278E+00  0.424759E+01  0.381977E+00
 0.163886E+00  0.423171E+01  0.245860E+00
 0.164494E+00  0.433074E+01  0.150345E+00
 0.165102E+00  0.420765E+01  0.137055E+00
 0.165710E+00  0.419576E+01  0.131795E+00
 0.166318E+00  0.410168E+01  0.134220E+00
 0.166926E+00  0.398092E+01  0.129090E+00
 0.167534E+00  0.387588E+01  0.131901E+00
 0.168142E+00  0.359755E+01  0.122337E+00
 0.168750E+00  0.369748E+01  0.131270E+00
 0.169358E+00  0.381997E+01  0.134814E+00
 0.169966E+00  0.385939E+01  0.130989E+00
 0.170574E+00  0.356426E+01  0.132613E+00
 0.171183E+00  0.376085E+01  0.132657E+00
 0.171791E+00  0.374480E+01  0.134132E+00
 0.172399E+00  0.384744E+01  0.137742E+00
 0.173007E+00  0.369827E+01  0.134929E+00
 0.173615E+00  0.346101E+01  0.128158E+00
 0.174223E+00  0.346849E+01  0.121083E+00
 0.174831E+00  0.343136E+01  0.125532E+00
 0.175439E+00  0.340762E+01  0.125878E+00
 0.176047E+00  0.349766E+01  0.131275E+00
 0.176655E+00  0.335142E+01  0.132575E+00
 0.177263E+00  0.344739E+01  0.124741E+00
 0.177871E+00  0.341413E+01  0.126473E+00
 0.178479E+00  0.343178E+01  0.128262E+00
 0.179087E+00  0.340590E+01  0.125328E+00
 0.179695E+00  0.328346E+01  0.127288E+00
 0.180304E+00  0.318861E+01  0.124223E+00
 0.180912E+00  0.315556E+01  0.126230E+00
 0.181520E+00  0.303299E+01  0.120766E+00
 0.182128E+00  0.308163E+01  0.124759E+00
 0.182736E+00  0.327385E+01  0.129477E+00
 0.183344E+00  0.327931E+01  0.125271E+00
 0.183952E+00  0.325659E+01  0.124353E+00
 0.184560E+00  0.316744E+01  0.120478E+00
 0.185168E+00  0.307411E+01  0.125424E+00
 0.185776E+00  0.288182E+01  0.123356E+00
 0.186384E+00  0.291625E+01  0.119858E+00
 0.186992E+00  0.286479E+01  0.124465E+00
 0.187600E+00  0.269979E+01  0.120373E+00
 0.188208E+00  0.273008E+01  0.120682E+00
 0.188816E+00  0.270588E+01  0.124731E+00
 0.189424E+00  0.275897E+01  0.120930E+00
 0.190032E+00  0.273184E+01  0.135906E+00
 0.190641E+00  0.264109E+01  0.200264E+00
 0.191249E+00  0.265278E+01  0.166292E+00
 0.191857E+00  0.251422E+01  0.127849E+00
 0.192465E+00  0.270190E+01  0.123564E+00
 0.193073E+00  0.258223E+01  0.118337E+00
 0.193681E+00  0.263668E+01  0.126500E+00
 0.194289E+00  0.271551E+01  0.120368E+00
 0.194897E+00  0.254607E+01  0.119202E+00
 0.195505E+00  0.240427E+01  0.114355E+00
 0.196113E+00  0.258669E+01  0.109271E+00
 0.196721E+00  0.244327E+01  0.114360E+00
 0.197329E+00  0.264753E+01  0.117394E+00
 0.197937E+00  0.246429E+01  0.121883E+00
 0.198545E+00  0.247750E+01  0.116742E+00
 0.199153E+00  0.250556E+01  0.118022E+00
 0.199761E+00  0.244560E+01  0.123975E+00
 0.200369E+00  0.258023E+01  0.117376E+00
 0.200977E+00  0.255723E+01  0.114463E+00
 0.201585E+00  0.263613E+01  0.116179E+00
 0.202193E+00  0.236153E+01  0.114714E+00
 0.202802E+00  0.245331E+01  0.119407E+00
 0.203410E+00  0.244060E+01  0.113578E+00
 0.204018E+00  0.250699E+01  0.115683E+00
 0.204626E+00  0.247196E+01  0.114386E+00
 0.205234E+00  0.230878E+01  0.129234E+00
 0.205842E+00  0.216871E+01  0.109794E+00
 0.206450E+00  0.212035E+01  0.113209E+00
 0.207058E+00  0.212414E+01  0.141161E+00
 0.207666E+00  0.214233E+01  0.242092E+00
 0.208274E+00  0.218275E+01  0.182696E+00
 0.208882E+00  0.222587E+01  0.309266E+00
 0.209490E+00  0.229279E+01  0.159488E+00
 0.210098E+00  0.217777E+01  0.103528E+00
 0.210706E+00  0.204974E+01  0.106194E+00
 0.211314E+00  0.206856E+01  0.114558E+00
 0.211922E+00  0.208157E+01  0.122797E+00
 0.212530E+00  0.212417E+01  0.152719E+00
 0.213138E+00  0.208130E+01  0.213889E+00
 0.213746E+00  0.218653E+01  0.437682E+00
 0.214354E+00  0.202759E+01  0.227602E+00
 0.214962E+00  0.203775E+01  0.118545E+00
 0.215570E+00  0.201429E+01  0.112276E+00
 0.216178E+00  0.192589E+01  0.110288E+00
 0.216786E+00  0.193637E+01  0.111688E+00
 0.217394E+00  0.207405E+01  0.110752E+00
 0.218002E+00  0.188540E+01  0.115889E+00
 0.218610E+00  0.192144E+01  0.104869E+00
 0.219219E+00  0.187529E+01  0.110001E+00
 0.219827E+00  0.173455E+01  0.115035E+00
 0.220435E+00  0.170875E+01  0.108723E+00
 0.221043E+00  0.180298E+01  0.111073E+00
 0.221651E+00  0.180692E+01  0.117433E+00
 0.222259E+00  0.192884E+01  0.111350E+00
 0.222867E+00  0.185579E+01  0.112041E+00
 0.223475E+00  0.182938E+01  0.109238E+00
 0.224083E+00  0.177112E+01  0.105968E+00
 0.224691E+00  0.163707E+01  0.105637E+00
 0.225299E+00  0.171260E+01  0.113389E+00
 0.225907E+00  0.190381E+01  0.116882E+00
 0.226515E+00  0.191672E+01  0.119306E+00
 0.227123E+00  0.176345E+01  0.109976E+00
 0.227731E+00  0.180430E+01  0.116109E+00
 0.228339E+00  0.186519E+01  0.105919E+00
 0.228947E+00  0.185581E+01  0.137977E+00
 0.229555E+00  0.166010E+01  0.117738E+00
 0.230163E+00  0.162338E+01  0.112506E+00
 0.230771E+00  0.158044E+01  0.111559E+00
 0.231379E+00  0.155176E+01  0.109701E+00
 0.231987E+00  0.146544E+01  0.111437E+00
 0.232595E+00  0.138824E+01  0.115980E+00
 0.233203E+00  0.129602E+01  0.120679E+00
 0.233811E+00  0.143561E+01  0.178590E+00
 0.234419E+00  0.144205E+01  0.167662E+00
 0.235027E+00  0.144092E+01  0.230736E+00
 0.235635E+00  0.157571E+01  0.193731E+00
 0.236243E+00  0.157812E+01  0.156894E+00
 0.236851E+00  0.147479E+01  0.125744E+00
 0.237459E+00  0.150430E+01  0.110423E+00
 0.238067E+00  0.142553E+01  0.105293E+00
 0.238675E+00  0.145311E+01  0.103673E+00
 0.239283E+00  0.136131E+01  0.105488E+00
 0.239891E+00  0.152144E+01  0.104567E+00
 0.240499E+00  0.147851E+01  0.104379E+00
 0.241107E+00  0.135547E+01  0.106282E+00
 0.241715E+00  0.142883E+01  0.106133E+00
 0.242323E+00  0.143237E+01  0.117563E+00
 0.242931E+00  0.133251E+01  0.162059E+00
 0.243539E+00  0.142270E+01  0.119810E+00
 0.244147E+00  0.126673E+01  0.119949E+00
 0.244755E+00  0.109104E+01  0.191850E+00
 0.245363E+00  0.131097E+01  0.403245E+00
 0.245971E+00  0.129516E+01  0.226438E+00
 0.246579E+00  0.125905E+01  0.324111E+00
 0.247187E+00  0.121562E+01  0.163461E+00
 0.247795E+00  0.136304E+01  0.102944E+00
 0.248403E+00  0.130377E+01  0.102263E+00
 0.249011E+00  0.124739E+01  0.111002E+00
 0.249619E+00  0.120053E+01  0.181464E+00
 0.250227E+00  0.130305E+01  0.361919E+00
 0.250835E+00  0.139768E+01  0.190553E+00
 0.251443E+00  0.131156E+01  0.131435E+00
 0.252051E+00  0.136737E+01  0.108169E+00
 0.252659E+00  0.128992E+01  0.999377E-01
 0.253267E+00  0.138533E+01  0.102533E+00
 0.253875E+00  0.135260E+01  0.101669E+00
 0.254483E+00  0.134091E+01  0.104091E+00
 0.255091E+00  0.124484E+01  0.130714E+00
 0.255699E+00  0.116402E+01  0.224137E+00
 0.256307E+00  0.108201E+01  0.142014E+00
 0.256915E+00  0.110555E+01  0.159070E+00
 0.257523E+00  0.100679E+01  0.109858E+00
 0.258131E+00  0.122205E+01  0.957924E-01
 0.258739E+00  0.102029E+01  0.927144E-01
 0.259347E+00  0.115940E+01  0.102894E+00
 0.259955E+00  0.106321E+01  0.131165E+00
 0.260563E+00  0.120303E+01  0.113877E+00
 0.261171E+00  0.108452E+01  0.122357E+00
 0.261779E+00  0.113157E+01  0.107348E+00
 0.262387E+00  0.115775E+01  0.113404E+00
 0.262995E+00  0.118062E+01  0.102976E+00
 0.263603E+00  0.121285E+01  0.951088E-01
 0.264211E+00  0.122568E+01  0.951341E-01
 0.264819E+00  0.113791E+01  0.956453E-01
 0.265427E+00  0.117726E+01  0.933039E-01
 0.266035E+00  0.110523E+01  0.982525E-01
 0.266643E+00  0.115918E+01  0.983715E-01
 0.267251E+00  0.107128E+01  0.106355E+00
 0.267859E+00  0.118164E+01  0.138593E+00
 0.268467E+00  0.111245E+01  0.252836E+00
 0.269075E+00  0.101593E+01  0.365020E+00
 0.269683E+00  0.919860E+00  0.566531E+00
 0.270291E+00  0.856330E+00  0.524819E+00
 0.270899E+00  0.100372E+01  0.218225E+00
 0.271507E+00  0.992245E+00  0.964968E-01
 0.272115E+00  0.111631E+01  0.974446E-01
 0.272723E+00  0.104030E+01  0.104507E+00
 0.273331E+00  0.911618E+00  0.112833E+00
 0.273939E+00  0.933179E+00  0.206107E+00
 0.274547E+00  0.974705E+00  0.258884E+00
 0.275155E+00  0.937574E+00  0.133074E+00
 0.275763E+00  0.879970E+00  0.910888E-01
 0.276371E+00  0.912597E+00  0.916636E-01
 0.276979E+00  0.899043E+00  0.946332E-01
 0.277587E+00  0.916663E+00  0.960145E-01
 0.278195E+00  0.861983E+00  0.918153E-01
 0.278803E+00  0.961460E+00  0.926341E-01
 0.279411E+00  0.106649E+01  0.893797E-01
 0.280019E+00  0.929526E+00  0.947094E-01
 0.280626E+00  0.991110E+00  0.920679E-01
 0.281234E+00  0.921182E+00  0.961405E-01
 0.281842E+00  0.886154E+00  0.884534E-01
 0.282450E+00  0.104268E+01  0.937154E-01
 0.283058E+00  0.946924E+00  0.116219E+00
 0.283666E+00  0.101613E+01  0.969866E-01
 0.284274E+00  0.917605E+00  0.915523E-01
 0.284882E+00  0.846294E+00  0.906383E-01
 0.285490E+00  0.814618E+00  0.922457E-01
 0.286098E+00  0.866893E+00  0.902125E-01
 0.286706E+00  0.939662E+00  0.957170E-01
 0.287314E+00  0.910723E+00  0.891847E-01
 0.287922E+00  0.100831E+01  0.873216E-01
 0.288530E+00  0.892949E+00  0.864143E-01
 0.289138E+00  0.922753E+00  0.873669E-01
 0.289746E+00  0.854162E+00  0.865615E-01
 0.290354E+00  0.796474E+00  0.918195E-01
 0.290962E+00  0.835992E+00  0.847953E-01
 0.291570E+00  0.900042E+00  0.833892E-01
 0.292178E+00  0.104190E+01  0.846898E-01
 0.292786E+00  0.923698E+00  0.915320E-01
 0.293394E+00  0.894154E+00  0.913682E-01
 0.294002E+00  0.955598E+00  0.846907E-01
 0.294610E+00  0.829550E+00  0.833207E-01
 0.295217E+00  0.785586E+00  0.849773E-01
 0.295825E+00  0.795354E+00  0.842539E-01
 0.296433E+00  0.803309E+00  0.860554E-01
 0.297041E+00  0.932047E+00  0.100010E+00
 0.297649E+00  0.977090E+00  0.886344E-01
 0.298257E+00  0.994581E+00  0.853057E-01
 0.298865E+00  0.905296E+00  0.928645E-01
 0.299473E+00  0.829654E+00  0.979021E-01
 0.300081E+00  0.805515E+00  0.944699E-01
 0.300689E+00  0.946686E+00  0.117326E+00
 0.301297E+00  0.911798E+00  0.186080E+00
 0.301905E+00  0.945378E+00  0.119298E+00
 0.302513E+00  0.867224E+00  0.924430E-01
 0.303121E+00  0.755737E+00  0.105076E+00
 0.303729E+00  0.691756E+00  0.997727E-01
 0.304337E+00  0.679431E+00  0.151045E+00
 0.304945E+00  0.691573E+00  0.143991E+00
 0.305553E+00  0.824883E+00  0.144321E+00
 0.306160E+00  0.900295E+00  0.128782E+00
 0.306768E+00  0.879765E+00  0.899322E-01
 0.307376E+00  0.768904E+00  0.914219E-01
 0.307984E+00  0.941995E+00  0.975745E-01
 0.308592E+00  0.876682E+00  0.914561E-01
 0.309200E+00  0.953263E+00  0.801316E-01
 0.309808E+00  0.826541E+00  0.821724E-01
 0.310416E+00  0.777494E+00  0.935256E-01
 0.311024E+00  0.720266E+00  0.887944E-01
 0.311632E+00  0.721488E+00  0.909014E-01
 0.312240E+00  0.644477E+00  0.875528E-01
 0.312848E+00  0.780491E+00  0.979771E-01
 0.313456E+00  0.709588E+00  0.884624E-01
 0.314064E+00  0.661588E+00  0.838316E-01
 0.314671E+00  0.730759E+00  0.936274E-01
 0.315279E+00  0.710184E+00  0.830648E-01
 0.315887E+00  0.791642E+00  0.851277E-01

# Following corresponds to: RNA_4.dat

 0.118590E-01  0.908672E+02  0.111780E+02
 0.124670E-01  0.740772E+02  0.999803E+01
 0.130750E-01  0.662998E+02  0.960031E+01
 0.136830E-01  0.631023E+02  0.646724E+01
 0.142910E-01  0.584956E+02  0.496359E+01
 0.148990E-01  0.655205E+02  0.530552E+01
 0.155070E-01  0.635637E+02  0.562397E+01
 0.161150E-01  0.585063E+02  0.499779E+01
 0.167240E-01  0.596837E+02  0.382739E+01
 0.173320E-01  0.550338E+02  0.385542E+01
 0.179400E-01  0.539711E+02  0.328974E+01
 0.185480E-01  0.557935E+02  0.342699E+01
 0.191560E-01  0.580719E+02  0.289351E+01
 0.197640E-01  0.623383E+02  0.342916E+01
 0.203720E-01  0.608256E+02  0.314385E+01
 0.209800E-01  0.603178E+02  0.281193E+01
 0.215890E-01  0.596160E+02  0.273323E+01
 0.221970E-01  0.583905E+02  0.270650E+01
 0.228050E-01  0.632719E+02  0.269849E+01
 0.234130E-01  0.608696E+02  0.284674E+01
 0.240210E-01  0.603213E+02  0.264395E+01
 0.246290E-01  0.596495E+02  0.243283E+01
 0.252370E-01  0.584336E+02  0.263718E+01
 0.258450E-01  0.602266E+02  0.278250E+01
 0.264540E-01  0.566062E+02  0.243734E+01
 0.270620E-01  0.601235E+02  0.243834E+01
 0.276700E-01  0.550206E+02  0.230446E+01
 0.282780E-01  0.559499E+02  0.272626E+01
 0.288860E-01  0.550955E+02  0.226938E+01
 0.294940E-01  0.563156E+02  0.193645E+01
 0.301020E-01  0.554044E+02  0.211137E+01
 0.307100E-01  0.552627E+02  0.187056E+01
 0.313190E-01  0.539334E+02  0.175990E+01
 0.319270E-01  0.549721E+02  0.162562E+01
 0.325350E-01  0.524259E+02  0.193821E+01
 0.331430E-01  0.534356E+02  0.166157E+01
 0.337510E-01  0.564461E+02  0.172851E+01
 0.343590E-01  0.540597E+02  0.146930E+01
 0.349670E-01  0.534666E+02  0.153500E+01
 0.355750E-01  0.529084E+02  0.167376E+01
 0.361840E-01  0.530923E+02  0.160850E+01
 0.367920E-01  0.533615E+02  0.161922E+01
 0.374000E-01  0.505219E+02  0.146238E+01
 0.380080E-01  0.491794E+02  0.128780E+01
 0.386160E-01  0.483305E+02  0.122192E+01
 0.392240E-01  0.480432E+02  0.134664E+01
 0.398320E-01  0.471749E+02  0.140623E+01
 0.404400E-01  0.482462E+02  0.149412E+01
 0.410490E-01  0.486544E+02  0.136115E+01
 0.416570E-01  0.462393E+02  0.135913E+01
 0.422650E-01  0.460559E+02  0.163883E+01
 0.428730E-01  0.439981E+02  0.145263E+01
 0.434810E-01  0.436280E+02  0.146609E+01
 0.440890E-01  0.453625E+02  0.127436E+01
 0.446970E-01  0.458835E+02  0.128802E+01
 0.453050E-01  0.447528E+02  0.124615E+01
 0.459140E-01  0.407807E+02  0.124418E+01
 0.465220E-01  0.424374E+02  0.121948E+01
 0.471300E-01  0.421341E+02  0.109762E+01
 0.477380E-01  0.421132E+02  0.107036E+01
 0.483460E-01  0.406431E+02  0.118516E+01
 0.489540E-01  0.397123E+02  0.123508E+01
 0.495620E-01  0.388577E+02  0.130227E+01
 0.501700E-01  0.379226E+02  0.120544E+01
 0.507790E-01  0.374833E+02  0.124433E+01
 0.513870E-01  0.384003E+02  0.123077E+01
 0.519950E-01  0.380652E+02  0.118378E+01
 0.526030E-01  0.394819E+02  0.115786E+01
 0.532110E-01  0.379867E+02  0.114542E+01
 0.538190E-01  0.377428E+02  0.115119E+01
 0.544270E-01  0.382444E+02  0.106497E+01
 0.550350E-01  0.369306E+02  0.998053E+00
 0.556440E-01  0.360696E+02  0.979450E+00
 0.562520E-01  0.357199E+02  0.101822E+01
 0.568600E-01  0.345354E+02  0.103454E+01
 0.574680E-01  0.339117E+02  0.107652E+01
 0.580760E-01  0.322890E+02  0.101819E+01
 0.586840E-01  0.322840E+02  0.101838E+01
 0.592920E-01  0.313952E+02  0.946377E+00
 0.599000E-01  0.334371E+02  0.101863E+01
 0.605090E-01  0.332933E+02  0.992903E+00
 0.611170E-01  0.323431E+02  0.106077E+01
 0.617250E-01  0.319734E+02  0.941913E+00
 0.623330E-01  0.307789E+02  0.901049E+00
 0.629410E-01  0.307842E+02  0.774436E+00
 0.635490E-01  0.310414E+02  0.939094E+00
 0.641570E-01  0.308010E+02  0.897851E+00
 0.647650E-01  0.299848E+02  0.948671E+00
 0.653740E-01  0.293318E+02  0.875959E+00
 0.659820E-01  0.289075E+02  0.885341E+00
 0.665900E-01  0.279449E+02  0.842810E+00
 0.671980E-01  0.275798E+02  0.880283E+00
 0.678060E-01  0.253660E+02  0.894427E+00
 0.684140E-01  0.247438E+02  0.826681E+00
 0.690220E-01  0.255299E+02  0.479522E+00
 0.696300E-01  0.248786E+02  0.440525E+00
 0.702380E-01  0.249433E+02  0.438483E+00
 0.708470E-01  0.243501E+02  0.471248E+00
 0.714550E-01  0.244878E+02  0.458524E+00
 0.720630E-01  0.241189E+02  0.461742E+00
 0.726710E-01  0.230898E+02  0.280686E+00
 0.732790E-01  0.228918E+02  0.273073E+00
 0.738870E-01  0.225233E+02  0.284602E+00
 0.744950E-01  0.222995E+02  0.281141E+00
 0.751030E-01  0.220172E+02  0.264947E+00
 0.757120E-01  0.219707E+02  0.261205E+00
 0.763200E-01  0.212025E+02  0.235446E+00
 0.769280E-01  0.209813E+02  0.228959E+00
 0.775360E-01  0.204078E+02  0.202475E+00
 0.781440E-01  0.198289E+02  0.215622E+00
 0.787520E-01  0.193893E+02  0.234286E+00
 0.793600E-01  0.192776E+02  0.235370E+00
 0.799680E-01  0.192153E+02  0.243374E+00
 0.805760E-01  0.192233E+02  0.218872E+00
 0.811850E-01  0.187424E+02  0.235273E+00
 0.817930E-01  0.183124E+02  0.228091E+00
 0.824010E-01  0.183013E+02  0.246844E+00
 0.830090E-01  0.178259E+02  0.231061E+00
 0.836170E-01  0.173940E+02  0.228367E+00
 0.842250E-01  0.172653E+02  0.234335E+00
 0.848330E-01  0.172618E+02  0.228870E+00
 0.854410E-01  0.168629E+02  0.205996E+00
 0.860490E-01  0.165173E+02  0.211486E+00
 0.866580E-01  0.164428E+02  0.221299E+00
 0.872660E-01  0.161580E+02  0.220077E+00
 0.878740E-01  0.159491E+02  0.218113E+00
 0.884820E-01  0.153944E+02  0.233001E+00
 0.890900E-01  0.151167E+02  0.223829E+00
 0.896980E-01  0.148429E+02  0.215454E+00
 0.903060E-01  0.144706E+02  0.213788E+00
 0.909140E-01  0.142734E+02  0.209229E+00
 0.915220E-01  0.142585E+02  0.206129E+00
 0.921310E-01  0.140122E+02  0.204119E+00
 0.927390E-01  0.138222E+02  0.212257E+00
 0.933470E-01  0.135260E+02  0.203678E+00
 0.939550E-01  0.133166E+02  0.200489E+00
 0.945630E-01  0.132638E+02  0.206018E+00
 0.951710E-01  0.129646E+02  0.204019E+00
 0.957790E-01  0.125065E+02  0.221536E+00
 0.963870E-01  0.125828E+02  0.306587E+00
 0.969950E-01  0.122876E+02  0.322832E+00
 0.976040E-01  0.120859E+02  0.254494E+00
 0.982120E-01  0.116781E+02  0.278694E+00
 0.988200E-01  0.112934E+02  0.225842E+00
 0.994280E-01  0.109978E+02  0.217108E+00
 0.100036E+00  0.110627E+02  0.190606E+00
 0.100644E+00  0.110332E+02  0.191286E+00
 0.101252E+00  0.107083E+02  0.201913E+00
 0.101860E+00  0.106348E+02  0.196348E+00
 0.102468E+00  0.102324E+02  0.188957E+00
 0.103077E+00  0.995313E+01  0.182779E+00
 0.103685E+00  0.991643E+01  0.186347E+00
 0.104293E+00  0.968274E+01  0.179978E+00
 0.104901E+00  0.961132E+01  0.175019E+00
 0.105509E+00  0.976765E+01  0.190486E+00
 0.106117E+00  0.933258E+01  0.178089E+00
 0.106725E+00  0.929875E+01  0.188303E+00
 0.107333E+00  0.921975E+01  0.180356E+00
 0.107941E+00  0.910041E+01  0.183589E+00
 0.108550E+00  0.893506E+01  0.194251E+00
 0.109158E+00  0.862853E+01  0.176727E+00
 0.109766E+00  0.828990E+01  0.221553E+00
 0.110374E+00  0.846848E+01  0.218323E+00
 0.110982E+00  0.819208E+01  0.183243E+00
 0.111590E+00  0.801105E+01  0.210929E+00
 0.112198E+00  0.785118E+01  0.174109E+00
 0.112806E+00  0.776453E+01  0.172402E+00
 0.113414E+00  0.751733E+01  0.172042E+00
 0.114022E+00  0.772063E+01  0.177438E+00
 0.114631E+00  0.732201E+01  0.180675E+00
 0.115239E+00  0.724593E+01  0.171993E+00
 0.115847E+00  0.742723E+01  0.177880E+00
 0.116455E+00  0.723049E+01  0.213986E+00
 0.117063E+00  0.712574E+01  0.314855E+00
 0.117671E+00  0.707397E+01  0.220360E+00
 0.118279E+00  0.667786E+01  0.284612E+00
 0.118887E+00  0.660942E+01  0.183899E+00
 0.119495E+00  0.654721E+01  0.161362E+00
 0.120103E+00  0.662059E+01  0.164800E+00
 0.120712E+00  0.658277E+01  0.168770E+00
 0.121320E+00  0.643974E+01  0.173045E+00
 0.121928E+00  0.637043E+01  0.163181E+00
 0.122536E+00  0.613540E+01  0.163334E+00
 0.123144E+00  0.593304E+01  0.163177E+00
 0.123752E+00  0.598286E+01  0.162809E+00
 0.124360E+00  0.599532E+01  0.159903E+00
 0.124968E+00  0.577914E+01  0.148333E+00
 0.125576E+00  0.596664E+01  0.152246E+00
 0.126184E+00  0.575738E+01  0.158639E+00
 0.126793E+00  0.572451E+01  0.164738E+00
 0.127401E+00  0.568711E+01  0.157059E+00
 0.128009E+00  0.564691E+01  0.155888E+00
 0.128617E+00  0.545274E+01  0.156137E+00
 0.129225E+00  0.525850E+01  0.158820E+00
 0.129833E+00  0.526773E+01  0.152064E+00
 0.130441E+00  0.521153E+01  0.162374E+00
 0.131049E+00  0.493136E+01  0.148993E+00
 0.131657E+00  0.501217E+01  0.146712E+00
 0.132265E+00  0.500604E+01  0.150743E+00
 0.132873E+00  0.511236E+01  0.153102E+00
 0.133482E+00  0.485370E+01  0.149698E+00
 0.134090E+00  0.492074E+01  0.178143E+00
 0.134698E+00  0.478223E+01  0.180994E+00
 0.135306E+00  0.464175E+01  0.150441E+00
 0.135914E+00  0.436726E+01  0.154060E+00
 0.136522E+00  0.450980E+01  0.189384E+00
 0.137130E+00  0.428339E+01  0.156515E+00
 0.137738E+00  0.428544E+01  0.151237E+00
 0.138346E+00  0.442493E+01  0.151115E+00
 0.138954E+00  0.440606E+01  0.167296E+00
 0.139562E+00  0.422340E+01  0.191451E+00
 0.140171E+00  0.418885E+01  0.161566E+00
 0.140779E+00  0.403058E+01  0.144290E+00
 0.141387E+00  0.400428E+01  0.150580E+00
 0.141995E+00  0.403473E+01  0.146977E+00
 0.142603E+00  0.380643E+01  0.149194E+00
 0.143211E+00  0.386820E+01  0.161252E+00
 0.143819E+00  0.382513E+01  0.151266E+00
 0.144427E+00  0.389582E+01  0.143880E+00
 0.145035E+00  0.387139E+01  0.148245E+00
 0.145643E+00  0.384901E+01  0.156160E+00
 0.146251E+00  0.376798E+01  0.200011E+00
 0.146860E+00  0.363789E+01  0.152804E+00
 0.147468E+00  0.370047E+01  0.158358E+00
 0.148076E+00  0.354145E+01  0.190421E+00
 0.148684E+00  0.343011E+01  0.180032E+00
 0.149292E+00  0.338833E+01  0.195408E+00
 0.149900E+00  0.346594E+01  0.182653E+00
 0.150508E+00  0.332457E+01  0.160863E+00
 0.151116E+00  0.355367E+01  0.214171E+00
 0.151724E+00  0.330872E+01  0.180655E+00
 0.152332E+00  0.339257E+01  0.148937E+00
 0.152940E+00  0.327299E+01  0.129456E+00
 0.153548E+00  0.328428E+01  0.130440E+00
 0.154156E+00  0.323215E+01  0.133497E+00
 0.154765E+00  0.308417E+01  0.159309E+00
 0.155373E+00  0.310121E+01  0.148814E+00
 0.155981E+00  0.287268E+01  0.186273E+00
 0.156589E+00  0.306008E+01  0.139368E+00
 0.157197E+00  0.321817E+01  0.129681E+00
 0.157805E+00  0.319622E+01  0.134020E+00
 0.158413E+00  0.311704E+01  0.140733E+00
 0.159021E+00  0.317625E+01  0.139206E+00
 0.159629E+00  0.302988E+01  0.128851E+00
 0.160237E+00  0.308435E+01  0.131628E+00
 0.160845E+00  0.292915E+01  0.208414E+00
 0.161453E+00  0.295322E+01  0.427084E+00
 0.162061E+00  0.288228E+01  0.218555E+00
 0.162670E+00  0.281523E+01  0.161882E+00
 0.163278E+00  0.286056E+01  0.133962E+00
 0.163886E+00  0.294751E+01  0.134049E+00
 0.164494E+00  0.293667E+01  0.129453E+00
 0.165102E+00  0.271649E+01  0.135679E+00
 0.165710E+00  0.286557E+01  0.129098E+00
 0.166318E+00  0.284807E+01  0.127303E+00
 0.166926E+00  0.280379E+01  0.129029E+00
 0.167534E+00  0.272575E+01  0.127393E+00
 0.168142E+00  0.254148E+01  0.123491E+00
 0.168750E+00  0.256503E+01  0.130984E+00
 0.169358E+00  0.268959E+01  0.131393E+00
 0.169966E+00  0.258931E+01  0.131587E+00
 0.170574E+00  0.262066E+01  0.131943E+00
 0.171183E+00  0.276712E+01  0.130385E+00
 0.171791E+00  0.256418E+01  0.131728E+00
 0.172399E+00  0.256257E+01  0.127951E+00
 0.173007E+00  0.248332E+01  0.132440E+00
 0.173615E+00  0.238418E+01  0.137767E+00
 0.174223E+00  0.234441E+01  0.149583E+00
 0.174831E+00  0.244152E+01  0.133776E+00
 0.175439E+00  0.243557E+01  0.142346E+00
 0.176047E+00  0.241482E+01  0.134838E+00
 0.176655E+00  0.239600E+01  0.130438E+00
 0.177263E+00  0.244331E+01  0.124017E+00
 0.177871E+00  0.231395E+01  0.126867E+00
 0.178479E+00  0.233831E+01  0.124133E+00
 0.179087E+00  0.238208E+01  0.128722E+00
 0.179695E+00  0.231712E+01  0.124774E+00
 0.180304E+00  0.213006E+01  0.121032E+00
 0.180912E+00  0.218176E+01  0.125223E+00
 0.181520E+00  0.212454E+01  0.122744E+00
 0.182128E+00  0.221012E+01  0.125948E+00
 0.182736E+00  0.230446E+01  0.122450E+00
 0.183344E+00  0.234142E+01  0.118873E+00
 0.183952E+00  0.232694E+01  0.124194E+00
 0.184560E+00  0.217664E+01  0.118900E+00
 0.185168E+00  0.207214E+01  0.124428E+00
 0.185776E+00  0.203315E+01  0.127244E+00
 0.186384E+00  0.213431E+01  0.131387E+00
 0.186992E+00  0.202199E+01  0.121705E+00
 0.187600E+00  0.196017E+01  0.116907E+00
 0.188208E+00  0.189914E+01  0.121160E+00
 0.188816E+00  0.191691E+01  0.125417E+00
 0.189424E+00  0.203000E+01  0.125842E+00
 0.190032E+00  0.202994E+01  0.115779E+00
 0.190641E+00  0.202349E+01  0.117601E+00
 0.191249E+00  0.193363E+01  0.122207E+00
 0.191857E+00  0.177902E+01  0.123051E+00
 0.192465E+00  0.187464E+01  0.118858E+00
 0.193073E+00  0.163768E+01  0.116149E+00
 0.193681E+00  0.172307E+01  0.120276E+00
 0.194289E+00  0.166146E+01  0.113767E+00
 0.194897E+00  0.172208E+01  0.115809E+00
 0.195505E+00  0.172299E+01  0.113407E+00
 0.196113E+00  0.190584E+01  0.110257E+00
 0.196721E+00  0.185294E+01  0.116262E+00
 0.197329E+00  0.192120E+01  0.121443E+00
 0.197937E+00  0.187037E+01  0.120404E+00
 0.198545E+00  0.168295E+01  0.113144E+00
 0.199153E+00  0.166324E+01  0.114515E+00
 0.199761E+00  0.179021E+01  0.119607E+00
 0.200369E+00  0.164410E+01  0.116162E+00
 0.200977E+00  0.158463E+01  0.117628E+00
 0.201585E+00  0.178147E+01  0.115328E+00
 0.202193E+00  0.156159E+01  0.111778E+00
 0.202802E+00  0.163903E+01  0.109219E+00
 0.203410E+00  0.166341E+01  0.109075E+00
 0.204018E+00  0.158281E+01  0.130039E+00
 0.204626E+00  0.165016E+01  0.206969E+00
 0.205234E+00  0.164572E+01  0.176309E+00
 0.205842E+00  0.160093E+01  0.145521E+00
 0.206450E+00  0.160582E+01  0.128399E+00
 0.207058E+00  0.152344E+01  0.111183E+00
 0.207666E+00  0.152681E+01  0.117105E+00
 0.208274E+00  0.155336E+01  0.140704E+00
 0.208882E+00  0.149201E+01  0.139511E+00
 0.209490E+00  0.160102E+01  0.122567E+00
 0.210098E+00  0.154096E+01  0.125940E+00
 0.210706E+00  0.144916E+01  0.111135E+00
 0.211314E+00  0.155866E+01  0.107800E+00
 0.211922E+00  0.137509E+01  0.112215E+00
 0.212530E+00  0.144350E+01  0.114136E+00
 0.213138E+00  0.129366E+01  0.112413E+00
 0.213746E+00  0.148240E+01  0.112170E+00
 0.214354E+00  0.155285E+01  0.108995E+00
 0.214962E+00  0.151564E+01  0.108784E+00
 0.215570E+00  0.136519E+01  0.111385E+00
 0.216178E+00  0.120041E+01  0.110997E+00
 0.216786E+00  0.126940E+01  0.110936E+00
 0.217394E+00  0.132521E+01  0.109050E+00
 0.218002E+00  0.130979E+01  0.111986E+00
 0.218610E+00  0.138839E+01  0.105212E+00
 0.219219E+00  0.137291E+01  0.112939E+00
 0.219827E+00  0.132070E+01  0.113357E+00
 0.220435E+00  0.120684E+01  0.113693E+00
 0.221043E+00  0.137492E+01  0.112313E+00
 0.221651E+00  0.136438E+01  0.116494E+00
 0.222259E+00  0.130905E+01  0.112473E+00
 0.222867E+00  0.134977E+01  0.115509E+00
 0.223475E+00  0.120881E+01  0.117699E+00
 0.224083E+00  0.116719E+01  0.109114E+00
 0.224691E+00  0.126826E+01  0.105770E+00
 0.225299E+00  0.114912E+01  0.107389E+00
 0.225907E+00  0.135165E+01  0.115705E+00
 0.226515E+00  0.136530E+01  0.118999E+00
 0.227123E+00  0.122088E+01  0.108625E+00
 0.227731E+00  0.126041E+01  0.115719E+00
 0.228339E+00  0.138464E+01  0.115100E+00
 0.228947E+00  0.135993E+01  0.141061E+00
 0.229555E+00  0.126809E+01  0.118050E+00
 0.230163E+00  0.114633E+01  0.108781E+00
 0.230771E+00  0.110023E+01  0.113291E+00
 0.231379E+00  0.112145E+01  0.111100E+00
 0.231987E+00  0.104295E+01  0.112702E+00
 0.232595E+00  0.938693E+00  0.115487E+00
 0.233203E+00  0.928004E+00  0.119735E+00
 0.233811E+00  0.114885E+01  0.178699E+00
 0.234419E+00  0.123450E+01  0.168735E+00
 0.235027E+00  0.110758E+01  0.237747E+00
 0.235635E+00  0.104777E+01  0.195876E+00
 0.236243E+00  0.106868E+01  0.173383E+00
 0.236851E+00  0.997332E+00  0.134885E+00
 0.237459E+00  0.949787E+00  0.122932E+00
 0.238067E+00  0.104746E+01  0.103043E+00
 0.238675E+00  0.105046E+01  0.991089E-01
 0.239283E+00  0.972797E+00  0.103244E+00
 0.239891E+00  0.981148E+00  0.995181E-01
 0.240499E+00  0.111898E+01  0.105861E+00
 0.241107E+00  0.956426E+00  0.106216E+00
 0.241715E+00  0.107466E+01  0.104686E+00
 0.242323E+00  0.999885E+00  0.117444E+00
 0.242931E+00  0.923789E+00  0.159421E+00
 0.243539E+00  0.912370E+00  0.117832E+00
 0.244147E+00  0.916093E+00  0.117062E+00
 0.244755E+00  0.795627E+00  0.190316E+00
 0.245363E+00  0.861835E+00  0.399074E+00
 0.245971E+00  0.834202E+00  0.225932E+00
 0.246579E+00  0.803444E+00  0.324063E+00
 0.247187E+00  0.804480E+00  0.160859E+00
 0.247795E+00  0.994464E+00  0.100945E+00
 0.248403E+00  0.919780E+00  0.994082E-01
 0.249011E+00  0.869954E+00  0.105023E+00
 0.249619E+00  0.723321E+00  0.106689E+00
 0.250227E+00  0.826501E+00  0.124456E+00
 0.250835E+00  0.897762E+00  0.122582E+00
 0.251443E+00  0.860421E+00  0.130441E+00
 0.252051E+00  0.936501E+00  0.129588E+00
 0.252659E+00  0.738268E+00  0.200703E+00
 0.253267E+00  0.787124E+00  0.154122E+00
 0.253875E+00  0.788283E+00  0.251991E+00
 0.254483E+00  0.847298E+00  0.224477E+00
 0.255091E+00  0.840532E+00  0.124407E+00
 0.255699E+00  0.778465E+00  0.101282E+00
 0.256307E+00  0.843642E+00  0.997793E-01
 0.256915E+00  0.948087E+00  0.105312E+00
 0.257523E+00  0.850575E+00  0.962037E-01
 0.258131E+00  0.868945E+00  0.957649E-01
 0.258739E+00  0.850719E+00  0.967837E-01
 0.259347E+00  0.777776E+00  0.104692E+00
 0.259955E+00  0.764128E+00  0.111003E+00
 0.260563E+00  0.814712E+00  0.147693E+00
 0.261171E+00  0.856156E+00  0.125713E+00
 0.261779E+00  0.843168E+00  0.100713E+00
 0.262387E+00  0.850247E+00  0.100594E+00
 0.262995E+00  0.799356E+00  0.990234E-01
 0.263603E+00  0.804648E+00  0.989857E-01
 0.264211E+00  0.779881E+00  0.951965E-01
 0.264819E+00  0.677615E+00  0.979147E-01
 0.265427E+00  0.744837E+00  0.901094E-01
 0.266035E+00  0.760124E+00  0.934877E-01
 0.266643E+00  0.736144E+00  0.969930E-01
 0.267251E+00  0.754294E+00  0.104887E+00
 0.267859E+00  0.832492E+00  0.129608E+00
 0.268467E+00  0.655583E+00  0.220278E+00
 0.269075E+00  0.535892E+00  0.330149E+00
 0.269683E+00  0.580455E+00  0.411786E+00
 0.270291E+00  0.589137E+00  0.269457E+00
 0.270899E+00  0.628319E+00  0.131440E+00
 0.271507E+00  0.619851E+00  0.988989E-01
 0.272115E+00  0.659161E+00  0.102378E+00
 0.272723E+00  0.550454E+00  0.138114E+00
 0.273331E+00  0.621440E+00  0.176016E+00
 0.273939E+00  0.593719E+00  0.114995E+00
 0.274547E+00  0.599592E+00  0.100287E+00
 0.275155E+00  0.548141E+00  0.934362E-01
 0.275763E+00  0.688751E+00  0.922885E-01
 0.276371E+00  0.697453E+00  0.922855E-01
 0.276979E+00  0.599094E+00  0.932278E-01
 0.277587E+00  0.745300E+00  0.966430E-01
 0.278195E+00  0.702064E+00  0.945737E-01
 0.278803E+00  0.601927E+00  0.885563E-01
 0.279411E+00  0.749562E+00  0.918411E-01
 0.280019E+00  0.603979E+00  0.940647E-01
 0.280626E+00  0.643627E+00  0.936180E-01
 0.281234E+00  0.616224E+00  0.975473E-01
 0.281842E+00  0.622471E+00  0.938726E-01
 0.282450E+00  0.739354E+00  0.960703E-01
 0.283058E+00  0.631888E+00  0.115288E+00
 0.283666E+00  0.678276E+00  0.910425E-01
 0.284274E+00  0.652681E+00  0.890706E-01
 0.284882E+00  0.509685E+00  0.879574E-01
 0.285490E+00  0.498358E+00  0.870447E-01
 0.286098E+00  0.467283E+00  0.874882E-01
 0.286706E+00  0.542891E+00  0.850703E-01
 0.287314E+00  0.597500E+00  0.868666E-01
 0.287922E+00  0.600451E+00  0.860130E-01
 0.288530E+00  0.559824E+00  0.851518E-01
 0.289138E+00  0.466800E+00  0.860702E-01
 0.289746E+00  0.448311E+00  0.860698E-01
 0.290354E+00  0.519458E+00  0.932014E-01
 0.290962E+00  0.521001E+00  0.921675E-01
 0.291570E+00  0.554302E+00  0.896040E-01
 0.292178E+00  0.715200E+00  0.890846E-01
 0.292786E+00  0.656401E+00  0.989810E-01
 0.293394E+00  0.600480E+00  0.921072E-01
 0.294002E+00  0.620664E+00  0.889851E-01
 0.294610E+00  0.551890E+00  0.867981E-01
 0.295217E+00  0.594460E+00  0.875185E-01
 0.295825E+00  0.511198E+00  0.862246E-01
 0.296433E+00  0.491903E+00  0.880321E-01
 0.297041E+00  0.541309E+00  0.111256E+00
 0.297649E+00  0.555768E+00  0.916268E-01
 0.298257E+00  0.657844E+00  0.841049E-01
 0.298865E+00  0.659535E+00  0.860162E-01
 0.299473E+00  0.481637E+00  0.840501E-01
 0.300081E+00  0.523578E+00  0.841580E-01
 0.300689E+00  0.580050E+00  0.104358E+00
 0.301297E+00  0.572225E+00  0.160206E+00
 0.301905E+00  0.603059E+00  0.975722E-01
 0.302513E+00  0.373828E+00  0.810312E-01
 0.303121E+00  0.450232E+00  0.827596E-01
 0.303729E+00  0.415580E+00  0.803478E-01
 0.304337E+00  0.381060E+00  0.820551E-01
 0.304945E+00  0.380906E+00  0.837069E-01
 0.305553E+00  0.600187E+00  0.823341E-01
 0.306160E+00  0.575424E+00  0.905417E-01
 0.306768E+00  0.555387E+00  0.133764E+00
 0.307376E+00  0.498828E+00  0.911221E-01
 0.307984E+00  0.463147E+00  0.894781E-01
 0.308592E+00  0.418828E+00  0.853307E-01
 0.309200E+00  0.531203E+00  0.789769E-01
 0.309808E+00  0.466735E+00  0.816036E-01
 0.310416E+00  0.411650E+00  0.833643E-01
 0.311024E+00  0.463034E+00  0.778336E-01
 0.311632E+00  0.408576E+00  0.760855E-01
 0.312240E+00  0.409113E+00  0.811137E-01
 0.312848E+00  0.542054E+00  0.784255E-01
 0.313456E+00  0.484832E+00  0.832286E-01
 0.314064E+00  0.465230E+00  0.847164E-01
 0.314671E+00  0.528899E+00  0.897138E-01
 0.315279E+00  0.517329E+00  0.863460E-01
 0.315887E+00  0.495311E+00  0.802526E-01
