 Merge of: Lys_EDTA_A2_ Lys_EDTA_A2_                                                                                                                                                                                                                            
Lys_EDTA_A2_  Conc = .10E+01  Mult = .10E+01  N1 =    5  N2 =   40  SCALE =  1
Lys_EDTA_A2_  Conc = .10E+01  Mult = .10E+01  N1 =   25  N2 =  507  SCALE =  1
 0.130750E-01  0.954068E+03  0.298877E+02
 0.136830E-01  0.937314E+03  0.263440E+02
 0.142910E-01  0.917271E+03  0.188012E+02
 0.148990E-01  0.898300E+03  0.163288E+02
 0.155070E-01  0.906457E+03  0.137816E+02
 0.161150E-01  0.901476E+03  0.156756E+02
 0.167240E-01  0.868796E+03  0.145212E+02
 0.173320E-01  0.867511E+03  0.167979E+02
 0.179400E-01  0.843888E+03  0.175816E+02
 0.185480E-01  0.841475E+03  0.158827E+02
 0.191560E-01  0.841366E+03  0.180213E+02
 0.197640E-01  0.820448E+03  0.154663E+02
 0.203720E-01  0.819358E+03  0.155191E+02
 0.209800E-01  0.807398E+03  0.153731E+02
 0.215890E-01  0.785177E+03  0.165707E+02
 0.221970E-01  0.783406E+03  0.151607E+02
 0.228050E-01  0.779864E+03  0.170526E+02
 0.234130E-01  0.743302E+03  0.132091E+02
 0.240210E-01  0.736301E+03  0.134132E+02
 0.246290E-01  0.720133E+03  0.493244E+02
 0.252370E-01  0.712651E+03  0.185788E+02
 0.258450E-01  0.700528E+03  0.113327E+02
 0.264540E-01  0.697291E+03  0.128152E+02
 0.270620E-01  0.671519E+03  0.100910E+02
 0.276700E-01  0.669117E+03  0.124426E+02
 0.282780E-01  0.654694E+03  0.940030E+01
 0.288860E-01  0.637122E+03  0.820741E+01
 0.294940E-01  0.623841E+03  0.790610E+01
 0.301020E-01  0.609483E+03  0.733558E+01
 0.307100E-01  0.591797E+03  0.830949E+01
 0.313190E-01  0.582975E+03  0.727071E+01
 0.319270E-01  0.567789E+03  0.768590E+01
 0.325350E-01  0.555225E+03  0.698906E+01
 0.331430E-01  0.553643E+03  0.730795E+01
 0.337510E-01  0.537885E+03  0.688444E+01
 0.343590E-01  0.526088E+03  0.736270E+01
 0.349670E-01  0.519141E+03  0.875381E+01
 0.355750E-01  0.506074E+03  0.898057E+01
 0.361840E-01  0.495141E+03  0.845654E+01
 0.367920E-01  0.487540E+03  0.823319E+01
 0.374000E-01  0.476082E+03  0.822385E+01
 0.380080E-01  0.460836E+03  0.766686E+01
 0.386160E-01  0.461037E+03  0.782801E+01
 0.392240E-01  0.442541E+03  0.704049E+01
 0.398320E-01  0.430230E+03  0.785441E+01
 0.404400E-01  0.426814E+03  0.667841E+01
 0.410490E-01  0.417193E+03  0.745119E+01
 0.416570E-01  0.403239E+03  0.639099E+01
 0.422650E-01  0.404645E+03  0.673414E+01
 0.428730E-01  0.392591E+03  0.604277E+01
 0.434810E-01  0.378334E+03  0.606383E+01
 0.440890E-01  0.375156E+03  0.568609E+01
 0.446970E-01  0.368207E+03  0.610369E+01
 0.453050E-01  0.357220E+03  0.532596E+01
 0.459140E-01  0.351840E+03  0.542241E+01
 0.465220E-01  0.346300E+03  0.528695E+01
 0.471300E-01  0.335487E+03  0.506416E+01
 0.477380E-01  0.334108E+03  0.501373E+01
 0.483460E-01  0.325092E+03  0.487246E+01
 0.489540E-01  0.318041E+03  0.485428E+01
 0.495620E-01  0.310017E+03  0.431676E+01
 0.501700E-01  0.307567E+03  0.445124E+01
 0.507790E-01  0.298525E+03  0.402076E+01
 0.513870E-01  0.293298E+03  0.420968E+01
 0.519950E-01  0.286946E+03  0.389519E+01
 0.526030E-01  0.281021E+03  0.392550E+01
 0.532110E-01  0.273526E+03  0.358132E+01
 0.538190E-01  0.270396E+03  0.382374E+01
 0.544270E-01  0.263655E+03  0.342287E+01
 0.550350E-01  0.259219E+03  0.342090E+01
 0.556440E-01  0.254098E+03  0.325192E+01
 0.562520E-01  0.248862E+03  0.319854E+01
 0.568600E-01  0.243307E+03  0.302867E+01
 0.574680E-01  0.238200E+03  0.303748E+01
 0.580760E-01  0.235198E+03  0.297958E+01
 0.586840E-01  0.230609E+03  0.286644E+01
 0.592920E-01  0.226292E+03  0.288002E+01
 0.599000E-01  0.222360E+03  0.258405E+01
 0.605090E-01  0.218968E+03  0.262189E+01
 0.611170E-01  0.214186E+03  0.241628E+01
 0.617250E-01  0.209515E+03  0.237178E+01
 0.623330E-01  0.205981E+03  0.226459E+01
 0.629410E-01  0.202292E+03  0.242272E+01
 0.635490E-01  0.197999E+03  0.212322E+01
 0.641570E-01  0.196473E+03  0.218452E+01
 0.647650E-01  0.190051E+03  0.209828E+01
 0.653740E-01  0.187208E+03  0.204175E+01
 0.659820E-01  0.184626E+03  0.201883E+01
 0.665900E-01  0.182500E+03  0.197887E+01
 0.671980E-01  0.178397E+03  0.184783E+01
 0.678060E-01  0.176190E+03  0.177544E+01
 0.684140E-01  0.173134E+03  0.186077E+01
 0.690220E-01  0.169772E+03  0.168012E+01
 0.696300E-01  0.167699E+03  0.178830E+01
 0.702380E-01  0.165614E+03  0.170876E+01
 0.708470E-01  0.161791E+03  0.163705E+01
 0.714550E-01  0.159173E+03  0.155922E+01
 0.720630E-01  0.156372E+03  0.163493E+01
 0.726710E-01  0.154466E+03  0.140348E+01
 0.732790E-01  0.152196E+03  0.139185E+01
 0.738870E-01  0.150639E+03  0.137342E+01
 0.744950E-01  0.147775E+03  0.158564E+01
 0.751030E-01  0.145370E+03  0.134966E+01
 0.757120E-01  0.142608E+03  0.130025E+01
 0.763200E-01  0.141950E+03  0.121884E+01
 0.769280E-01  0.139219E+03  0.119639E+01
 0.775360E-01  0.137473E+03  0.120072E+01
 0.781440E-01  0.135091E+03  0.116043E+01
 0.787520E-01  0.133033E+03  0.120369E+01
 0.793600E-01  0.130591E+03  0.110316E+01
 0.799680E-01  0.128346E+03  0.112932E+01
 0.805760E-01  0.126985E+03  0.101820E+01
 0.811850E-01  0.124934E+03  0.111710E+01
 0.817930E-01  0.123920E+03  0.986427E+00
 0.824010E-01  0.122327E+03  0.101703E+01
 0.830090E-01  0.119428E+03  0.100932E+01
 0.836170E-01  0.117906E+03  0.934596E+00
 0.842250E-01  0.116736E+03  0.899705E+00
 0.848330E-01  0.114391E+03  0.918712E+00
 0.854410E-01  0.113628E+03  0.829009E+00
 0.860490E-01  0.112944E+03  0.826668E+00
 0.866580E-01  0.111245E+03  0.841623E+00
 0.872660E-01  0.109056E+03  0.803892E+00
 0.878740E-01  0.108520E+03  0.799231E+00
 0.884820E-01  0.105931E+03  0.759358E+00
 0.890900E-01  0.105019E+03  0.810235E+00
 0.896980E-01  0.103788E+03  0.740341E+00
 0.903060E-01  0.102190E+03  0.790020E+00
 0.909140E-01  0.101004E+03  0.701380E+00
 0.915220E-01  0.100874E+03  0.742534E+00
 0.921310E-01  0.986887E+02  0.682594E+00
 0.927390E-01  0.975777E+02  0.658370E+00
 0.933470E-01  0.963871E+02  0.605857E+00
 0.939550E-01  0.948318E+02  0.633393E+00
 0.945630E-01  0.939008E+02  0.600437E+00
 0.951710E-01  0.933817E+02  0.621635E+00
 0.957790E-01  0.916698E+02  0.600116E+00
 0.963870E-01  0.904357E+02  0.617676E+00
 0.969950E-01  0.900432E+02  0.605735E+00
 0.976040E-01  0.881180E+02  0.590908E+00
 0.982120E-01  0.881555E+02  0.591605E+00
 0.988200E-01  0.868343E+02  0.542109E+00
 0.994280E-01  0.860515E+02  0.576393E+00
 0.100036E+00  0.848692E+02  0.514492E+00
 0.100644E+00  0.844538E+02  0.529163E+00
 0.101252E+00  0.826047E+02  0.511633E+00
 0.101860E+00  0.826731E+02  0.512512E+00
 0.102468E+00  0.810295E+02  0.472471E+00
 0.103077E+00  0.800609E+02  0.500262E+00
 0.103685E+00  0.798644E+02  0.452767E+00
 0.104293E+00  0.788084E+02  0.471856E+00
 0.104901E+00  0.778717E+02  0.458903E+00
 0.105509E+00  0.777071E+02  0.447544E+00
 0.106117E+00  0.765994E+02  0.444948E+00
 0.106725E+00  0.756304E+02  0.419483E+00
 0.107333E+00  0.749745E+02  0.402159E+00
 0.107941E+00  0.743440E+02  0.417335E+00
 0.108550E+00  0.735863E+02  0.421258E+00
 0.109158E+00  0.729420E+02  0.407410E+00
 0.109766E+00  0.726890E+02  0.452924E+00
 0.110374E+00  0.716651E+02  0.568990E+00
 0.110982E+00  0.711167E+02  0.431850E+00
 0.111590E+00  0.702273E+02  0.393369E+00
 0.112198E+00  0.691483E+02  0.375676E+00
 0.112806E+00  0.689369E+02  0.356418E+00
 0.113414E+00  0.682130E+02  0.371667E+00
 0.114022E+00  0.675026E+02  0.356465E+00
 0.114631E+00  0.669536E+02  0.354794E+00
 0.115239E+00  0.665050E+02  0.363909E+00
 0.115847E+00  0.660108E+02  0.364901E+00
 0.116455E+00  0.654376E+02  0.351216E+00
 0.117063E+00  0.649044E+02  0.343030E+00
 0.117671E+00  0.645265E+02  0.364981E+00
 0.118279E+00  0.637546E+02  0.396248E+00
 0.118887E+00  0.636726E+02  0.483367E+00
 0.119495E+00  0.627428E+02  0.473131E+00
 0.120103E+00  0.621945E+02  0.677519E+00
 0.120712E+00  0.616457E+02  0.479704E+00
 0.121320E+00  0.606680E+02  0.364026E+00
 0.121928E+00  0.602038E+02  0.383499E+00
 0.122536E+00  0.600349E+02  0.421046E+00
 0.123144E+00  0.596503E+02  0.447263E+00
 0.123752E+00  0.591291E+02  0.436472E+00
 0.124360E+00  0.584662E+02  0.376841E+00
 0.124968E+00  0.578536E+02  0.404969E+00
 0.125576E+00  0.576770E+02  0.387465E+00
 0.126184E+00  0.570182E+02  0.605607E+00
 0.126793E+00  0.568140E+02  0.374217E+00
 0.127401E+00  0.563151E+02  0.291533E+00
 0.128009E+00  0.557705E+02  0.319884E+00
 0.128617E+00  0.553636E+02  0.304458E+00
 0.129225E+00  0.548949E+02  0.328634E+00
 0.129833E+00  0.545192E+02  0.321783E+00
 0.130441E+00  0.542409E+02  0.301729E+00
 0.131049E+00  0.539004E+02  0.307054E+00
 0.131657E+00  0.535634E+02  0.309765E+00
 0.132265E+00  0.534200E+02  0.295256E+00
 0.132873E+00  0.528543E+02  0.343654E+00
 0.133482E+00  0.528697E+02  0.587188E+00
 0.134090E+00  0.523989E+02  0.700433E+00
 0.134698E+00  0.519215E+02  0.594189E+00
 0.135306E+00  0.513388E+02  0.364302E+00
 0.135914E+00  0.509893E+02  0.340095E+00
 0.136522E+00  0.503050E+02  0.517543E+00
 0.137130E+00  0.498140E+02  0.332082E+00
 0.137738E+00  0.492932E+02  0.271565E+00
 0.138346E+00  0.491513E+02  0.271011E+00
 0.138954E+00  0.487870E+02  0.274170E+00
 0.139562E+00  0.485510E+02  0.299165E+00
 0.140171E+00  0.483320E+02  0.287379E+00
 0.140779E+00  0.479583E+02  0.275209E+00
 0.141387E+00  0.473858E+02  0.274031E+00
 0.141995E+00  0.467644E+02  0.279590E+00
 0.142603E+00  0.465455E+02  0.271506E+00
 0.143211E+00  0.466515E+02  0.253224E+00
 0.143819E+00  0.461784E+02  0.246280E+00
 0.144427E+00  0.457578E+02  0.274038E+00
 0.145035E+00  0.450955E+02  0.254961E+00
 0.145643E+00  0.448055E+02  0.245991E+00
 0.146251E+00  0.445027E+02  0.268106E+00
 0.146860E+00  0.441315E+02  0.261235E+00
 0.147468E+00  0.440574E+02  0.330134E+00
 0.148076E+00  0.435741E+02  0.442047E+00
 0.148684E+00  0.432826E+02  0.342210E+00
 0.149292E+00  0.429696E+02  0.377019E+00
 0.149900E+00  0.426156E+02  0.321824E+00
 0.150508E+00  0.422288E+02  0.249473E+00
 0.151116E+00  0.418211E+02  0.254161E+00
 0.151724E+00  0.415394E+02  0.248584E+00
 0.152332E+00  0.415992E+02  0.238451E+00
 0.152940E+00  0.413428E+02  0.238114E+00
 0.153548E+00  0.410837E+02  0.244291E+00
 0.154156E+00  0.407244E+02  0.236453E+00
 0.154765E+00  0.408847E+02  0.251313E+00
 0.155373E+00  0.401402E+02  0.246722E+00
 0.155981E+00  0.400122E+02  0.312191E+00
 0.156589E+00  0.395474E+02  0.517044E+00
 0.157197E+00  0.391048E+02  0.550861E+00
 0.157805E+00  0.387795E+02  0.910027E+00
 0.158413E+00  0.383599E+02  0.437609E+00
 0.159021E+00  0.381452E+02  0.237103E+00
 0.159629E+00  0.381848E+02  0.224699E+00
 0.160237E+00  0.378051E+02  0.226289E+00
 0.160845E+00  0.378168E+02  0.227221E+00
 0.161453E+00  0.373664E+02  0.230604E+00
 0.162061E+00  0.369011E+02  0.221895E+00
 0.162670E+00  0.363457E+02  0.234129E+00
 0.163278E+00  0.360445E+02  0.225997E+00
 0.163886E+00  0.356632E+02  0.236669E+00
 0.164494E+00  0.352271E+02  0.222902E+00
 0.165102E+00  0.347602E+02  0.215179E+00
 0.165710E+00  0.347432E+02  0.223146E+00
 0.166318E+00  0.345628E+02  0.218848E+00
 0.166926E+00  0.344198E+02  0.217518E+00
 0.167534E+00  0.343453E+02  0.233028E+00
 0.168142E+00  0.339509E+02  0.331608E+00
 0.168750E+00  0.336745E+02  0.375791E+00
 0.169358E+00  0.333559E+02  0.645406E+00
 0.169966E+00  0.330084E+02  0.417684E+00
 0.170574E+00  0.327437E+02  0.259974E+00
 0.171183E+00  0.324901E+02  0.226187E+00
 0.171791E+00  0.322291E+02  0.231571E+00
 0.172399E+00  0.319864E+02  0.207157E+00
 0.173007E+00  0.317190E+02  0.209748E+00
 0.173615E+00  0.314095E+02  0.214629E+00
 0.174223E+00  0.309797E+02  0.217858E+00
 0.174831E+00  0.308279E+02  0.240645E+00
 0.175439E+00  0.305573E+02  0.223145E+00
 0.176047E+00  0.303873E+02  0.220464E+00
 0.176655E+00  0.300821E+02  0.208444E+00
 0.177263E+00  0.300003E+02  0.222534E+00
 0.177871E+00  0.298204E+02  0.220296E+00
 0.178479E+00  0.297148E+02  0.214767E+00
 0.179087E+00  0.293380E+02  0.213881E+00
 0.179695E+00  0.291133E+02  0.219399E+00
 0.180304E+00  0.288646E+02  0.200353E+00
 0.180912E+00  0.284921E+02  0.200969E+00
 0.181520E+00  0.284093E+02  0.193296E+00
 0.182128E+00  0.283406E+02  0.187807E+00
 0.182736E+00  0.279104E+02  0.185219E+00
 0.183344E+00  0.276187E+02  0.191594E+00
 0.183952E+00  0.273747E+02  0.200350E+00
 0.184560E+00  0.271372E+02  0.197085E+00
 0.185168E+00  0.268843E+02  0.189326E+00
 0.185776E+00  0.266336E+02  0.196313E+00
 0.186384E+00  0.262476E+02  0.190785E+00
 0.186992E+00  0.261269E+02  0.183601E+00
 0.187600E+00  0.260635E+02  0.201780E+00
 0.188208E+00  0.257522E+02  0.191317E+00
 0.188816E+00  0.256742E+02  0.197604E+00
 0.189424E+00  0.253856E+02  0.197305E+00
 0.190032E+00  0.251349E+02  0.197690E+00
 0.190641E+00  0.250485E+02  0.193097E+00
 0.191249E+00  0.246679E+02  0.191121E+00
 0.191857E+00  0.245826E+02  0.185356E+00
 0.192465E+00  0.244244E+02  0.183255E+00
 0.193073E+00  0.238580E+02  0.189983E+00
 0.193681E+00  0.238949E+02  0.189297E+00
 0.194289E+00  0.237588E+02  0.181303E+00
 0.194897E+00  0.234531E+02  0.198135E+00
 0.195505E+00  0.234214E+02  0.189987E+00
 0.196113E+00  0.233963E+02  0.182758E+00
 0.196721E+00  0.229030E+02  0.185729E+00
 0.197329E+00  0.227825E+02  0.180233E+00
 0.197937E+00  0.225332E+02  0.191458E+00
 0.198545E+00  0.223278E+02  0.192151E+00
 0.199153E+00  0.225076E+02  0.185171E+00
 0.199761E+00  0.221822E+02  0.179565E+00
 0.200369E+00  0.221918E+02  0.180336E+00
 0.200977E+00  0.218307E+02  0.177686E+00
 0.201585E+00  0.214905E+02  0.181435E+00
 0.202193E+00  0.213079E+02  0.170560E+00
 0.202802E+00  0.212168E+02  0.167761E+00
 0.203410E+00  0.210211E+02  0.168494E+00
 0.204018E+00  0.210782E+02  0.179096E+00
 0.204626E+00  0.210339E+02  0.184364E+00
 0.205234E+00  0.209402E+02  0.242945E+00
 0.205842E+00  0.207718E+02  0.194965E+00
 0.206450E+00  0.203562E+02  0.183645E+00
 0.207058E+00  0.200936E+02  0.183632E+00
 0.207666E+00  0.200553E+02  0.171805E+00
 0.208274E+00  0.199549E+02  0.176255E+00
 0.208882E+00  0.197828E+02  0.190483E+00
 0.209490E+00  0.198329E+02  0.187496E+00
 0.210098E+00  0.193897E+02  0.170597E+00
 0.210706E+00  0.191194E+02  0.162338E+00
 0.211314E+00  0.189628E+02  0.165201E+00
 0.211922E+00  0.190036E+02  0.172904E+00
 0.212530E+00  0.190306E+02  0.171251E+00
 0.213138E+00  0.190745E+02  0.169289E+00
 0.213746E+00  0.187495E+02  0.169316E+00
 0.214354E+00  0.184398E+02  0.164402E+00
 0.214962E+00  0.184084E+02  0.159341E+00
 0.215570E+00  0.185245E+02  0.163036E+00
 0.216178E+00  0.183412E+02  0.173733E+00
 0.216786E+00  0.181128E+02  0.166489E+00
 0.217394E+00  0.180869E+02  0.165322E+00
 0.218002E+00  0.177101E+02  0.162177E+00
 0.218610E+00  0.177350E+02  0.160964E+00
 0.219219E+00  0.176949E+02  0.170913E+00
 0.219827E+00  0.174330E+02  0.162330E+00
 0.220435E+00  0.173891E+02  0.159143E+00
 0.221043E+00  0.170735E+02  0.162846E+00
 0.221651E+00  0.169988E+02  0.153821E+00
 0.222259E+00  0.166479E+02  0.157972E+00
 0.222867E+00  0.165361E+02  0.167940E+00
 0.223475E+00  0.165935E+02  0.175914E+00
 0.224083E+00  0.165084E+02  0.160873E+00
 0.224691E+00  0.165004E+02  0.162745E+00
 0.225299E+00  0.166382E+02  0.164482E+00
 0.225907E+00  0.162468E+02  0.164581E+00
 0.226515E+00  0.162600E+02  0.186673E+00
 0.227123E+00  0.160874E+02  0.297518E+00
 0.227731E+00  0.157523E+02  0.257912E+00
 0.228339E+00  0.155800E+02  0.456305E+00
 0.228947E+00  0.156139E+02  0.242748E+00
 0.229555E+00  0.154474E+02  0.154317E+00
 0.230163E+00  0.152881E+02  0.154856E+00
 0.230771E+00  0.153795E+02  0.152834E+00
 0.231379E+00  0.150319E+02  0.156088E+00
 0.231987E+00  0.150261E+02  0.159939E+00
 0.232595E+00  0.148332E+02  0.155543E+00
 0.233203E+00  0.148287E+02  0.153469E+00
 0.233811E+00  0.146791E+02  0.156512E+00
 0.234419E+00  0.144840E+02  0.153498E+00
 0.235027E+00  0.145679E+02  0.154066E+00
 0.235635E+00  0.143461E+02  0.148654E+00
 0.236243E+00  0.142850E+02  0.155521E+00
 0.236851E+00  0.143645E+02  0.157685E+00
 0.237459E+00  0.142976E+02  0.185713E+00
 0.238067E+00  0.140153E+02  0.156519E+00
 0.238675E+00  0.139092E+02  0.153302E+00
 0.239283E+00  0.138066E+02  0.163997E+00
 0.239891E+00  0.137258E+02  0.162930E+00
 0.240499E+00  0.138848E+02  0.163958E+00
 0.241107E+00  0.137351E+02  0.163265E+00
 0.241715E+00  0.136533E+02  0.177148E+00
 0.242323E+00  0.136124E+02  0.163698E+00
 0.242931E+00  0.133752E+02  0.204675E+00
 0.243539E+00  0.135141E+02  0.250407E+00
 0.244147E+00  0.133835E+02  0.168687E+00
 0.244755E+00  0.133905E+02  0.152028E+00
 0.245363E+00  0.133868E+02  0.147777E+00
 0.245971E+00  0.131598E+02  0.145092E+00
 0.246579E+00  0.131500E+02  0.140163E+00
 0.247187E+00  0.130367E+02  0.148761E+00
 0.247795E+00  0.127922E+02  0.151301E+00
 0.248403E+00  0.125579E+02  0.175632E+00
 0.249011E+00  0.124500E+02  0.179235E+00
 0.249619E+00  0.124806E+02  0.164745E+00
 0.250227E+00  0.121449E+02  0.141635E+00
 0.250835E+00  0.122213E+02  0.145177E+00
 0.251443E+00  0.122398E+02  0.147727E+00
 0.252051E+00  0.122973E+02  0.142745E+00
 0.252659E+00  0.123813E+02  0.136464E+00
 0.253267E+00  0.123763E+02  0.139395E+00
 0.253875E+00  0.122804E+02  0.141456E+00
 0.254483E+00  0.121482E+02  0.145348E+00
 0.255091E+00  0.119865E+02  0.141924E+00
 0.255699E+00  0.116083E+02  0.140444E+00
 0.256307E+00  0.116833E+02  0.145940E+00
 0.256915E+00  0.115106E+02  0.149877E+00
 0.257523E+00  0.115618E+02  0.185634E+00
 0.258131E+00  0.115760E+02  0.173291E+00
 0.258739E+00  0.116281E+02  0.215313E+00
 0.259347E+00  0.116031E+02  0.151267E+00
 0.259955E+00  0.115732E+02  0.137874E+00
 0.260563E+00  0.115319E+02  0.137592E+00
 0.261171E+00  0.113822E+02  0.137318E+00
 0.261779E+00  0.112570E+02  0.139301E+00
 0.262387E+00  0.111115E+02  0.136478E+00
 0.262995E+00  0.110977E+02  0.141745E+00
 0.263603E+00  0.109304E+02  0.139602E+00
 0.264211E+00  0.107019E+02  0.137414E+00
 0.264819E+00  0.108823E+02  0.135058E+00
 0.265427E+00  0.108603E+02  0.136573E+00
 0.266035E+00  0.108518E+02  0.136603E+00
 0.266643E+00  0.107461E+02  0.133649E+00
 0.267251E+00  0.106746E+02  0.138104E+00
 0.267859E+00  0.106864E+02  0.140961E+00
 0.268467E+00  0.105074E+02  0.153124E+00
 0.269075E+00  0.107195E+02  0.150559E+00
 0.269683E+00  0.104914E+02  0.161170E+00
 0.270291E+00  0.102979E+02  0.201196E+00
 0.270899E+00  0.102383E+02  0.148634E+00
 0.271507E+00  0.100376E+02  0.139596E+00
 0.272115E+00  0.996427E+01  0.154543E+00
 0.272723E+00  0.101328E+02  0.217403E+00
 0.273331E+00  0.100946E+02  0.163209E+00
 0.273939E+00  0.100341E+02  0.207229E+00
 0.274547E+00  0.998948E+01  0.165093E+00
 0.275155E+00  0.988540E+01  0.135165E+00
 0.275763E+00  0.993000E+01  0.139844E+00
 0.276371E+00  0.100325E+02  0.139598E+00
 0.276979E+00  0.994111E+01  0.131517E+00
 0.277587E+00  0.981621E+01  0.134286E+00
 0.278195E+00  0.983954E+01  0.138565E+00
 0.278803E+00  0.949025E+01  0.137252E+00
 0.279411E+00  0.961238E+01  0.135762E+00
 0.280019E+00  0.963319E+01  0.182598E+00
 0.280626E+00  0.977112E+01  0.309751E+00
 0.281234E+00  0.969022E+01  0.181535E+00
 0.281842E+00  0.972612E+01  0.187444E+00
 0.282450E+00  0.939837E+01  0.182152E+00
 0.283058E+00  0.932198E+01  0.141621E+00
 0.283666E+00  0.930721E+01  0.164352E+00
 0.284274E+00  0.936870E+01  0.146005E+00
 0.284882E+00  0.935692E+01  0.138150E+00
 0.285490E+00  0.909156E+01  0.139801E+00
 0.286098E+00  0.910501E+01  0.131143E+00
 0.286706E+00  0.904831E+01  0.129588E+00
 0.287314E+00  0.913764E+01  0.126279E+00
 0.287922E+00  0.913787E+01  0.126890E+00
 0.288530E+00  0.922971E+01  0.144697E+00
 0.289138E+00  0.901695E+01  0.138501E+00
 0.289746E+00  0.879560E+01  0.124312E+00
 0.290354E+00  0.881713E+01  0.129410E+00
 0.290962E+00  0.877011E+01  0.127942E+00
 0.291570E+00  0.874524E+01  0.138954E+00
 0.292178E+00  0.879557E+01  0.124841E+00
 0.292786E+00  0.879891E+01  0.125594E+00
 0.293394E+00  0.857950E+01  0.123398E+00
 0.294002E+00  0.857039E+01  0.153181E+00
 0.294610E+00  0.848639E+01  0.125879E+00
 0.295217E+00  0.862745E+01  0.118781E+00
 0.295825E+00  0.851951E+01  0.123211E+00
 0.296433E+00  0.852440E+01  0.118549E+00
 0.297041E+00  0.865750E+01  0.127443E+00
 0.297649E+00  0.847517E+01  0.158677E+00
 0.298257E+00  0.852506E+01  0.128870E+00
 0.298865E+00  0.854001E+01  0.127084E+00
 0.299473E+00  0.855952E+01  0.136238E+00
 0.300081E+00  0.841892E+01  0.152438E+00
 0.300689E+00  0.836765E+01  0.128930E+00
 0.301297E+00  0.846814E+01  0.112939E+00
 0.301905E+00  0.836523E+01  0.111674E+00
 0.302513E+00  0.836230E+01  0.114651E+00
 0.303121E+00  0.830249E+01  0.118934E+00
 0.303729E+00  0.849279E+01  0.113706E+00
 0.304337E+00  0.821189E+01  0.117398E+00
 0.304945E+00  0.819871E+01  0.116008E+00
 0.305553E+00  0.812939E+01  0.116368E+00
 0.306160E+00  0.806677E+01  0.128802E+00
 0.306768E+00  0.804473E+01  0.117101E+00
 0.307376E+00  0.789242E+01  0.117743E+00
 0.307984E+00  0.793515E+01  0.126800E+00
 0.308592E+00  0.791953E+01  0.114614E+00
 0.309200E+00  0.794231E+01  0.123631E+00
 0.309808E+00  0.808618E+01  0.139050E+00
 0.310416E+00  0.802619E+01  0.120642E+00
 0.311024E+00  0.804111E+01  0.121738E+00
 0.311632E+00  0.812393E+01  0.149180E+00
 0.312240E+00  0.802731E+01  0.126417E+00
 0.312848E+00  0.806002E+01  0.138782E+00
 0.313456E+00  0.789083E+01  0.117733E+00
 0.314064E+00  0.785569E+01  0.117688E+00
 0.314671E+00  0.782114E+01  0.131964E+00
 0.315279E+00  0.799099E+01  0.113949E+00
 0.315887E+00  0.779412E+01  0.109277E+00
 0.316495E+00  0.769165E+01  0.129959E+00
 0.317103E+00  0.761320E+01  0.148505E+00
 0.317711E+00  0.767705E+01  0.170023E+00
---------C:\Documents and Settings\Owner\Desktop\Lys_EDTA_A2_6.0043.dat-------------------
---------C:\Documents and Settings\Owner\Desktop\Lys_EDTA_A2_60.0042.dat-------------------
