1.12600E-02	1.04075E02	4.96635E00
1.18700E-02	9.66302E01	1.64037E00
1.24800E-02	1.01494E02	4.60103E00
1.30900E-02	1.02438E02	4.12194E00
1.37000E-02	1.04137E02	3.92863E00
1.43100E-02	9.88870E01	3.30959E00
1.49200E-02	9.74515E01	2.04833E00
1.55300E-02	9.83934E01	2.66387E00
1.61400E-02	9.52408E01	2.34805E00
1.67500E-02	9.85334E01	1.92853E00
1.73600E-02	9.49707E01	2.38818E00
1.79700E-02	9.44191E01	2.69233E00
1.85800E-02	9.19580E01	2.00827E00
1.91900E-02	8.93587E01	1.76137E00
1.98000E-02	9.01109E01	1.61082E00
2.04100E-02	8.88096E01	1.62138E00
2.10200E-02	9.05745E01	1.30054E00
2.16300E-02	8.77641E01	1.55322E00
2.22400E-02	8.73436E01	1.18749E00
2.28500E-02	8.57220E01	1.32034E00
2.34600E-02	8.60601E01	1.10331E00
2.40700E-02	8.46301E01	1.51386E00
2.46800E-02	8.45920E01	1.36311E00
2.52900E-02	8.22708E01	1.32135E00
2.59000E-02	8.29439E01	1.35788E00
2.65100E-02	8.19703E01	1.06997E00
2.71200E-02	8.09318E01	1.30410E00
2.77300E-02	8.07099E01	9.70581E-01
2.83400E-02	7.94138E01	9.79549E-01
2.89500E-02	7.89191E01	1.02926E00
2.95600E-02	7.93800E01	1.09940E00
3.01700E-02	7.84453E01	1.03827E00
3.07800E-02	7.73180E01	1.12853E00
3.13900E-02	7.77446E01	1.02042E00
3.20000E-02	7.52905E01	1.12647E00
3.26100E-02	7.43165E01	1.06847E00
3.32200E-02	7.41835E01	1.03365E00
3.38300E-02	7.33481E01	1.03396E00
3.44400E-02	7.18966E01	1.09151E00
3.50500E-02	7.35589E01	9.96575E-01
3.56600E-02	7.17780E01	1.03369E00
3.62700E-02	7.01735E01	1.02743E00
3.68800E-02	7.08312E01	9.73054E-01
3.74900E-02	6.99085E01	1.05772E00
3.81000E-02	6.85384E01	1.08683E00
3.87100E-02	6.80651E01	1.01188E00
3.93200E-02	6.70784E01	1.04186E00
3.99300E-02	6.72414E01	1.08994E00
4.05400E-02	6.64587E01	9.27099E-01
4.11500E-02	6.57428E01	9.87578E-01
4.17600E-02	6.45760E01	9.59567E-01
4.23700E-02	6.43894E01	9.41853E-01
4.29800E-02	6.30368E01	9.52103E-01
4.35900E-02	6.23765E01	9.24397E-01
4.42000E-02	6.05046E01	9.25116E-01
4.48100E-02	6.04782E01	9.55556E-01
4.54200E-02	5.98556E01	9.65978E-01
4.60300E-02	5.97007E01	9.20376E-01
4.66400E-02	5.84139E01	9.72693E-01
4.72500E-02	5.79776E01	8.99158E-01
4.78600E-02	5.75296E01	8.84975E-01
4.84700E-02	5.74448E01	9.38795E-01
4.90800E-02	5.71456E01	9.22094E-01
4.96900E-02	5.58293E01	9.13745E-01
5.03000E-02	5.56296E01	9.45099E-01
5.09100E-02	5.45215E01	8.97106E-01
5.15200E-02	5.37277E01	8.84911E-01
5.21300E-02	5.35464E01	8.99182E-01
5.27400E-02	5.26841E01	8.64310E-01
5.33500E-02	5.24051E01	8.75191E-01
5.39600E-02	5.18941E01	8.95979E-01
5.45700E-02	5.11491E01	8.81068E-01
5.51800E-02	5.05278E01	8.72277E-01
5.57900E-02	4.94615E01	9.23765E-01
5.64000E-02	4.91679E01	8.80283E-01
5.70100E-02	4.85928E01	8.79612E-01
5.76200E-02	4.79179E01	8.77594E-01
5.82300E-02	4.72633E01	9.07269E-01
5.88400E-02	4.68361E01	9.07225E-01
5.94500E-02	4.58672E01	9.06569E-01
6.00600E-02	4.53378E01	8.52195E-01
6.06700E-02	4.47892E01	8.73008E-01
6.12800E-02	4.45422E01	8.83504E-01
6.18900E-02	4.39836E01	8.65895E-01
6.25000E-02	4.33468E01	8.58567E-01
6.31100E-02	4.35284E01	8.38837E-01
6.37200E-02	4.26182E01	8.93140E-01
6.43300E-02	4.23787E01	8.98443E-01
6.49400E-02	4.16109E01	8.62274E-01
6.55500E-02	4.18918E01	8.37939E-01
6.61600E-02	4.04384E01	8.55553E-01
6.67700E-02	4.08250E01	8.37030E-01
6.73800E-02	4.03821E01	8.31854E-01
6.79900E-02	3.94069E01	8.31770E-01
6.86000E-02	3.92596E01	8.35872E-01
6.92100E-02	3.85458E01	8.25688E-01
6.98200E-02	3.78876E01	8.35945E-01
7.04300E-02	3.77169E01	8.50941E-01
7.10400E-02	3.73361E01	1.52448E00
7.16500E-02	3.69346E01	8.20262E-01
7.22600E-02	3.64279E01	1.60388E00
7.28700E-02	3.59610E01	8.35778E-01
7.34800E-02	3.56631E01	1.77247E00
7.40900E-02	3.53499E01	8.35001E-01
7.47000E-02	3.50735E01	1.45919E00
7.53100E-02	3.45075E01	8.30299E-01
7.59200E-02	3.40866E01	1.62029E00
7.65300E-02	3.37762E01	8.56049E-01
7.71400E-02	3.34190E01	1.25259E00
7.77500E-02	3.31034E01	8.34415E-01
7.83600E-02	3.27952E01	1.28516E00
7.89700E-02	3.24269E01	8.29300E-01
7.95800E-02	3.21462E01	1.26756E00
8.01900E-02	3.17438E01	8.24503E-01
8.08000E-02	3.13827E01	1.39670E00
8.14100E-02	3.09626E01	8.20202E-01
8.20200E-02	3.07036E01	1.26931E00
8.26300E-02	3.02615E01	8.23454E-01
8.32400E-02	2.98769E01	1.12994E00
8.38500E-02	2.94891E01	8.18515E-01
8.44600E-02	2.93457E01	1.11391E00
8.50700E-02	2.89777E01	8.20828E-01
8.56800E-02	2.88331E01	1.01871E00
8.62900E-02	2.85869E01	8.22882E-01
8.69000E-02	2.83925E01	1.01923E00
8.75100E-02	2.79116E01	8.18518E-01
8.81200E-02	2.75704E01	9.56241E-01
8.87300E-02	2.74530E01	8.17264E-01
8.93400E-02	2.70316E01	9.60467E-01
8.99500E-02	2.69809E01	8.08515E-01
9.05600E-02	2.67887E01	9.73866E-01
9.11700E-02	2.64816E01	8.18266E-01
9.17800E-02	2.62485E01	1.02644E00
9.23900E-02	2.57309E01	8.12208E-01
9.30000E-02	2.55097E01	9.12539E-01
9.36100E-02	2.54338E01	8.08302E-01
9.42200E-02	2.49498E01	9.48866E-01
9.48300E-02	2.48057E01	8.08241E-01
9.54400E-02	2.45248E01	9.37512E-01
9.60500E-02	2.42507E01	8.11425E-01
9.66600E-02	2.39435E01	9.17448E-01
9.72700E-02	2.37255E01	8.82582E-01
9.78800E-02	2.35709E01	9.52762E-01
9.84900E-02	2.33464E01	8.89143E-01
9.91000E-02	2.30758E01	9.57493E-01
9.97100E-02	2.29433E01	8.52439E-01
1.00320E-01	2.26611E01	9.37565E-01
1.00930E-01	2.24002E01	8.55662E-01
1.01540E-01	2.21317E01	9.39787E-01
1.02150E-01	2.18085E01	7.98481E-01
1.02760E-01	2.16942E01	8.75072E-01
1.03370E-01	2.12556E01	8.07075E-01
1.03980E-01	2.12135E01	8.92811E-01
1.04590E-01	2.11881E01	8.05935E-01
1.05200E-01	2.10745E01	8.89457E-01
1.05810E-01	2.08515E01	8.02543E-01
1.06420E-01	2.07182E01	8.66018E-01
1.07030E-01	2.04464E01	8.01612E-01
1.07640E-01	2.01531E01	8.76041E-01
1.08250E-01	1.99964E01	8.05814E-01
1.08860E-01	1.97420E01	8.77196E-01
1.09470E-01	1.94448E01	8.04708E-01
1.10080E-01	1.94151E01	8.68246E-01
1.10690E-01	1.93396E01	7.92842E-01
1.11300E-01	1.91852E01	8.51062E-01
1.11910E-01	1.89220E01	8.03674E-01
1.12520E-01	1.87681E01	8.79457E-01
1.13130E-01	1.86823E01	8.02132E-01
1.13740E-01	1.82978E01	8.59245E-01
1.14350E-01	1.81615E01	7.97536E-01
1.14960E-01	1.80956E01	8.55477E-01
1.15570E-01	1.78744E01	8.04893E-01
1.16180E-01	1.74378E01	8.59422E-01
1.16790E-01	1.73739E01	8.01557E-01
1.17400E-01	1.72691E01	8.56751E-01
1.18010E-01	1.71140E01	8.03451E-01
1.18620E-01	1.70463E01	8.55368E-01
1.19230E-01	1.67353E01	8.09655E-01
1.19840E-01	1.66056E01	8.56953E-01
1.20450E-01	1.64031E01	8.02322E-01
1.21060E-01	1.62599E01	8.46520E-01
1.21670E-01	1.60293E01	7.91679E-01
1.22280E-01	1.58800E01	8.49990E-01
1.22890E-01	1.57409E01	7.98014E-01
1.23500E-01	1.55779E01	8.49126E-01
1.24110E-01	1.54763E01	7.93122E-01
1.24720E-01	1.51580E01	8.32922E-01
1.25330E-01	1.51612E01	7.91897E-01
1.25940E-01	1.50676E01	8.41771E-01
1.26550E-01	1.48314E01	7.97858E-01
1.27160E-01	1.47426E01	8.44781E-01
1.27770E-01	1.45063E01	7.99472E-01
1.28380E-01	1.44997E01	8.34859E-01
1.28990E-01	1.43449E01	7.96681E-01
1.29600E-01	1.41212E01	8.38988E-01
1.30210E-01	1.40444E01	7.98155E-01
1.30820E-01	1.38570E01	8.38773E-01
1.31430E-01	1.36260E01	7.97319E-01
1.32040E-01	1.34773E01	8.26148E-01
1.32650E-01	1.33107E01	7.94160E-01
1.33260E-01	1.33671E01	8.32167E-01
1.33870E-01	1.31537E01	7.93349E-01
1.34480E-01	1.31987E01	8.32430E-01
1.35090E-01	1.28888E01	7.93577E-01
1.35700E-01	1.28124E01	8.28420E-01
1.36310E-01	1.25210E01	7.87917E-01
1.36920E-01	1.23513E01	8.17956E-01
1.37530E-01	1.22006E01	7.86628E-01
1.38140E-01	1.23198E01	8.19740E-01
1.38750E-01	1.19995E01	7.84452E-01
1.39360E-01	1.21239E01	8.13877E-01
1.39970E-01	1.20970E01	7.84390E-01
1.40580E-01	1.16508E01	8.17413E-01
1.41190E-01	1.17622E01	7.86089E-01
1.41800E-01	1.17263E01	8.22067E-01
1.42410E-01	1.13743E01	7.86230E-01
1.43020E-01	1.13644E01	8.15141E-01
1.43630E-01	1.12236E01	7.86454E-01
1.44240E-01	1.12000E01	8.18159E-01
1.44850E-01	1.10098E01	7.84340E-01
1.45460E-01	1.08812E01	8.12921E-01
1.46070E-01	1.08538E01	7.83290E-01
1.46680E-01	1.07018E01	8.14121E-01
1.47290E-01	1.07238E01	7.88215E-01
1.47900E-01	1.04733E01	8.12979E-01
1.48510E-01	1.02660E01	7.89513E-01
1.49120E-01	1.00187E01	8.09323E-01
1.49730E-01	9.98952E00	7.85540E-01
1.50340E-01	9.93012E00	8.07963E-01
1.50950E-01	9.84092E00	7.89016E-01
1.51560E-01	9.94295E00	8.08657E-01
1.52170E-01	9.74987E00	7.83075E-01
1.52780E-01	9.66553E00	8.05407E-01
1.53390E-01	9.47159E00	7.81196E-01
1.54000E-01	9.38624E00	8.04405E-01
1.54610E-01	9.36529E00	7.91487E-01
1.55220E-01	9.29771E00	8.05054E-01
1.55830E-01	9.13728E00	7.90546E-01
1.56440E-01	9.19224E00	8.02153E-01
1.57050E-01	8.91292E00	7.83684E-01
1.57660E-01	8.73847E00	7.99514E-01
1.58270E-01	8.68147E00	7.83066E-01
1.58880E-01	8.44768E00	8.00338E-01
1.59490E-01	8.45325E00	7.80594E-01
1.60100E-01	8.49672E00	7.94094E-01
1.60710E-01	8.26657E00	7.81529E-01
1.61320E-01	8.27327E00	7.95749E-01
1.61930E-01	8.11108E00	7.83327E-01
1.62540E-01	8.02819E00	7.96987E-01
1.63150E-01	7.87457E00	7.78801E-01
1.63760E-01	7.91107E00	7.93607E-01
1.64370E-01	7.73719E00	7.79427E-01
1.64980E-01	7.80851E00	7.92275E-01
1.65590E-01	7.71040E00	7.84229E-01
1.66200E-01	7.59673E00	7.97589E-01
1.66810E-01	7.62349E00	7.82876E-01
1.67420E-01	7.43020E00	7.92994E-01
1.68030E-01	7.35496E00	7.79254E-01
1.68640E-01	7.32393E00	7.88818E-01
1.69250E-01	7.25857E00	7.85021E-01
1.69860E-01	7.13232E00	7.93569E-01
1.70470E-01	7.07820E00	7.85104E-01
1.71080E-01	7.07419E00	7.88982E-01
1.71690E-01	7.07062E00	7.82773E-01
1.72300E-01	6.90866E00	7.90445E-01
1.72910E-01	6.91317E00	7.82308E-01
1.73520E-01	6.81954E00	7.91269E-01
1.74130E-01	6.73405E00	7.80274E-01
1.74740E-01	6.63747E00	7.87167E-01
1.75350E-01	6.48964E00	7.80853E-01
1.75960E-01	6.43653E00	7.85834E-01
1.76570E-01	6.40760E00	7.82253E-01
1.77180E-01	6.33745E00	7.85853E-01
1.77790E-01	6.27229E00	7.88151E-01
1.78400E-01	6.15416E00	7.85215E-01
1.79010E-01	6.16714E00	7.87774E-01
1.79620E-01	6.08402E00	7.88668E-01
1.80230E-01	5.96223E00	8.10074E-01
1.80840E-01	5.97621E00	7.99866E-01
1.81450E-01	5.81973E00	7.93927E-01
1.82060E-01	5.86983E00	7.87283E-01
1.82670E-01	5.77648E00	7.79787E-01
1.83280E-01	5.69924E00	7.83170E-01
1.83890E-01	5.68711E00	7.82486E-01
1.84500E-01	5.63359E00	7.83894E-01
1.85110E-01	5.53301E00	7.78490E-01
1.85720E-01	5.50334E00	7.80342E-01
1.86330E-01	5.37243E00	7.80431E-01
1.86940E-01	5.37822E00	7.83001E-01
1.87550E-01	5.30238E00	7.79765E-01
1.88160E-01	5.20054E00	7.81122E-01
1.88770E-01	5.15379E00	7.75741E-01
1.89380E-01	5.12826E00	7.77825E-01
1.89990E-01	5.08886E00	7.76048E-01
1.90600E-01	5.08061E00	7.79553E-01
1.91210E-01	5.04039E00	7.75605E-01
1.91820E-01	4.94716E00	7.76897E-01
1.92430E-01	4.86725E00	7.71240E-01
1.93040E-01	4.71976E00	7.75528E-01
1.93650E-01	4.74916E00	7.75781E-01
1.94260E-01	4.68372E00	7.78775E-01
1.94870E-01	4.78027E00	7.77643E-01
1.95480E-01	4.65206E00	7.78328E-01
1.96090E-01	4.63401E00	7.80822E-01
1.96700E-01	4.57750E00	7.79268E-01
1.97310E-01	4.51094E00	7.66987E-01
1.97920E-01	4.54458E00	7.73569E-01
1.98530E-01	4.40994E00	9.03482E-01
1.99140E-01	4.37024E00	8.42108E-01
1.99750E-01	4.31014E00	7.57740E-01
2.00360E-01	4.17620E00	7.65590E-01
2.00970E-01	4.23848E00	1.64857E00
2.01580E-01	4.20495E00	1.28781E00
2.02190E-01	4.17151E00	1.14737E00
2.02800E-01	4.12684E00	9.77437E-01
2.03410E-01	4.04189E00	7.58702E-01
2.04020E-01	4.06789E00	7.64553E-01
2.04630E-01	3.95918E00	7.81706E-01
2.05240E-01	3.98025E00	7.76277E-01
2.05850E-01	3.87179E00	9.09527E-01
2.06460E-01	3.92857E00	8.43723E-01
2.07070E-01	3.71695E00	8.69673E-01
2.07680E-01	3.82367E00	8.21977E-01
2.08290E-01	3.71159E00	7.53398E-01
2.08900E-01	3.74722E00	7.62041E-01
2.09510E-01	3.68281E00	1.45954E00
2.10120E-01	3.61868E00	1.16623E00
2.10730E-01	3.52467E00	9.97724E-01
2.11340E-01	3.53454E00	8.91092E-01
2.11950E-01	3.46137E00	7.58820E-01
2.12560E-01	3.49468E00	7.63281E-01
2.13170E-01	3.42849E00	7.92976E-01
2.13780E-01	3.35777E00	7.80342E-01
2.14390E-01	3.36756E00	7.72226E-01
2.15000E-01	3.33333E00	7.70833E-01
2.15610E-01	3.36672E00	7.78846E-01
2.16220E-01	3.26793E00	7.73405E-01
2.16830E-01	3.16138E00	7.85803E-01
2.17440E-01	3.15391E00	7.76414E-01
2.18050E-01	3.04700E00	7.77171E-01
2.18660E-01	3.01739E00	7.72301E-01
2.19270E-01	3.08041E00	7.74854E-01
2.19880E-01	3.07869E00	7.71018E-01
2.20490E-01	2.98834E00	7.74423E-01
2.21100E-01	2.95926E00	7.70256E-01
2.21710E-01	2.89937E00	7.72396E-01
2.22320E-01	2.86744E00	7.68555E-01
2.22930E-01	2.83076E00	7.75307E-01
2.23540E-01	2.81170E00	7.69801E-01
2.24150E-01	2.77094E00	7.74590E-01
2.24760E-01	2.72818E00	7.69440E-01
2.25370E-01	2.69961E00	7.73702E-01
2.25980E-01	2.69206E00	7.68293E-01
2.26590E-01	2.63150E00	7.72670E-01
2.27200E-01	2.62810E00	7.68446E-01
2.27810E-01	2.59590E00	7.71943E-01
2.28420E-01	2.54625E00	7.68497E-01
2.29030E-01	2.52903E00	7.72540E-01
2.29640E-01	2.41692E00	7.70387E-01
2.30250E-01	2.44129E00	7.74053E-01
2.30860E-01	2.45992E00	7.69192E-01
2.31470E-01	2.43341E00	7.71934E-01
2.32080E-01	2.38272E00	7.67638E-01
2.32690E-01	2.34262E00	7.75855E-01
2.33300E-01	2.31813E00	7.69659E-01
2.33910E-01	2.28456E00	7.77041E-01
2.34520E-01	2.24177E00	7.70027E-01
2.35130E-01	2.24428E00	7.73173E-01
2.35740E-01	2.25591E00	7.68664E-01
2.36350E-01	2.22348E00	7.69982E-01
2.36960E-01	2.12866E00	7.66795E-01
2.37570E-01	2.15972E00	7.72295E-01
2.38180E-01	2.12005E00	7.67874E-01
2.38790E-01	2.07468E00	7.71551E-01
2.39400E-01	2.05683E00	7.67409E-01
2.40010E-01	2.04571E00	7.71431E-01
2.40620E-01	2.00399E00	7.67704E-01
2.41230E-01	1.99408E00	7.69017E-01
2.41840E-01	2.00144E00	7.65316E-01
2.42450E-01	2.00250E00	7.69848E-01
2.43060E-01	1.98414E00	7.65095E-01
2.43670E-01	2.02788E00	7.67625E-01
2.44280E-01	1.94722E00	7.64765E-01
2.44890E-01	1.92323E00	7.70763E-01
2.45500E-01	1.85479E00	7.65657E-01
2.46110E-01	1.88020E00	7.71360E-01
2.46720E-01	1.79354E00	7.65644E-01
2.47330E-01	1.72884E00	7.72969E-01
2.47940E-01	1.78380E00	7.67223E-01
2.48550E-01	1.74055E00	7.70588E-01
2.49160E-01	1.79219E00	7.66083E-01
2.49770E-01	1.71163E00	7.69110E-01
2.50380E-01	1.70499E00	7.64784E-01
2.50990E-01	1.68111E00	7.70133E-01
2.51600E-01	1.68035E00	7.64936E-01
2.52210E-01	1.69102E00	7.71198E-01
2.52820E-01	1.61844E00	7.65540E-01
2.53430E-01	1.61777E00	7.60127E-01
2.54040E-01	1.59643E00	7.60365E-01
2.54650E-01	1.60939E00	7.59681E-01
2.55260E-01	1.57934E00	7.59284E-01
2.55870E-01	1.51687E00	7.59834E-01
2.56480E-01	1.53341E00	7.58966E-01
2.57090E-01	1.45874E00	7.59274E-01
2.57700E-01	1.46281E00	7.58254E-01
2.58310E-01	1.45448E00	7.58476E-01
2.58920E-01	1.37948E00	7.58166E-01
2.59530E-01	1.37538E00	7.59061E-01
2.60140E-01	1.37646E00	7.59154E-01
2.60750E-01	1.43810E00	7.59336E-01
2.61360E-01	1.32595E00	7.57928E-01
2.61970E-01	1.34529E00	7.58579E-01
2.62580E-01	1.31086E00	7.58344E-01
2.63190E-01	1.30778E00	7.58668E-01
2.63800E-01	1.26313E00	7.57975E-01
2.64410E-01	1.27107E00	7.58501E-01
2.65020E-01	1.24663E00	7.58093E-01
2.65630E-01	1.21716E00	7.58316E-01
2.66240E-01	1.21178E00	7.58975E-01
2.66850E-01	1.17482E00	7.57647E-01
2.67460E-01	1.17108E00	7.58364E-01
2.68070E-01	1.13737E00	7.58025E-01
2.68680E-01	1.11049E00	7.57838E-01
2.69290E-01	1.09524E00	7.57818E-01
2.69900E-01	1.10194E00	7.57592E-01
2.70510E-01	1.06596E00	7.57021E-01
2.71120E-01	1.06039E00	7.57087E-01
2.71730E-01	1.10667E00	7.57604E-01
2.72340E-01	1.09102E00	7.56853E-01
2.72950E-01	1.09396E00	7.56826E-01
2.73560E-01	1.06204E00	7.57527E-01
2.74170E-01	9.88485E-01	7.56926E-01
2.74780E-01	9.92697E-01	7.56584E-01
2.75390E-01	9.61084E-01	7.57612E-01
2.76000E-01	1.02300E00	7.56878E-01
2.76610E-01	9.86321E-01	7.57186E-01
2.77220E-01	1.00895E00	7.57149E-01
2.77830E-01	1.00126E00	7.56491E-01
2.78440E-01	9.75052E-01	7.56620E-01
2.79050E-01	9.28963E-01	7.57303E-01
2.79660E-01	8.95671E-01	7.56691E-01
2.80270E-01	8.91501E-01	7.57225E-01
2.80880E-01	9.28633E-01	7.56470E-01
2.81490E-01	9.10620E-01	7.56568E-01
2.82100E-01	8.76465E-01	7.56899E-01
2.82710E-01	8.90947E-01	7.56285E-01
2.83320E-01	8.16585E-01	7.56732E-01
2.83930E-01	8.13296E-01	7.56306E-01
2.84540E-01	7.57759E-01	7.56767E-01
2.85150E-01	7.76311E-01	7.56378E-01
2.85760E-01	7.92112E-01	7.56572E-01
2.86370E-01	7.37482E-01	7.56056E-01
2.86980E-01	7.46454E-01	7.56710E-01
2.87590E-01	7.51886E-01	7.56388E-01
2.88200E-01	7.75889E-01	7.56491E-01
2.88810E-01	7.20206E-01	7.56463E-01
2.89420E-01	7.54274E-01	7.56785E-01
2.90030E-01	7.41918E-01	7.56163E-01
2.90640E-01	7.28440E-01	7.56277E-01
2.91250E-01	7.49913E-01	7.56448E-01
2.91860E-01	6.79860E-01	7.56061E-01
2.92470E-01	7.27919E-01	7.56534E-01
2.93080E-01	7.12561E-01	7.56522E-01
2.93690E-01	6.60088E-01	7.56240E-01
2.94300E-01	6.71163E-01	7.56381E-01
2.94910E-01	6.31985E-01	7.56636E-01
2.95520E-01	6.62661E-01	7.55896E-01
2.96130E-01	6.78182E-01	7.56043E-01
2.96740E-01	6.53313E-01	7.56071E-01
2.97350E-01	7.03438E-01	7.55965E-01
2.97960E-01	6.70241E-01	7.56430E-01
2.98570E-01	6.37764E-01	7.56026E-01
2.99180E-01	6.06105E-01	7.55790E-01
2.99790E-01	6.05169E-01	7.56217E-01
3.00400E-01	5.89691E-01	7.55750E-01
3.01010E-01	5.78545E-01	7.56097E-01
3.01620E-01	5.94353E-01	7.55954E-01
3.02230E-01	5.45257E-01	7.55350E-01
3.02840E-01	5.33633E-01	7.55741E-01
3.03450E-01	5.31232E-01	7.55986E-01
3.04060E-01	5.34743E-01	7.55941E-01
3.04670E-01	5.86147E-01	7.55320E-01
3.05280E-01	5.78156E-01	7.55949E-01
3.05890E-01	5.14132E-01	7.55679E-01
3.06500E-01	5.03680E-01	7.55595E-01
3.07110E-01	5.02138E-01	7.55709E-01
3.07720E-01	5.34237E-01	7.55112E-01
3.08330E-01	5.59487E-01	7.55430E-01
3.08940E-01	5.43000E-01	7.55201E-01
3.09550E-01	5.13082E-01	7.55508E-01
3.10160E-01	5.32824E-01	7.55411E-01
3.10770E-01	4.76140E-01	7.55652E-01
3.11380E-01	4.51865E-01	7.55214E-01
3.11990E-01	4.46051E-01	7.55426E-01
3.12600E-01	4.06684E-01	7.55322E-01
3.13210E-01	4.22199E-01	7.55218E-01
3.13820E-01	4.15552E-01	7.55317E-01
3.14430E-01	4.28840E-01	7.55286E-01
3.15040E-01	4.98517E-01	7.55007E-01
3.15650E-01	4.65039E-01	7.54941E-01
3.16260E-01	4.47959E-01	7.55336E-01
3.16870E-01	4.67806E-01	7.54970E-01
3.17480E-01	4.35029E-01	7.55257E-01
3.18090E-01	4.50931E-01	7.55639E-01
3.18700E-01	4.29967E-01	7.54996E-01
3.19310E-01	4.24136E-01	7.54922E-01
3.19920E-01	4.57187E-01	7.55428E-01
3.20530E-01	4.52861E-01	7.54780E-01
3.21140E-01	4.39005E-01	7.55035E-01
3.21750E-01	4.19140E-01	7.55132E-01
3.22360E-01	4.71833E-01	7.55318E-01
3.22970E-01	5.01666E-01	7.54932E-01
3.23580E-01	3.57607E-01	7.55107E-01
3.24190E-01	3.75367E-01	7.54979E-01
3.24800E-01	3.13528E-01	7.55007E-01
3.25410E-01	3.71047E-01	7.54872E-01
3.26020E-01	3.96574E-01	7.54960E-01
3.26630E-01	3.30325E-01	7.54746E-01
3.27240E-01	4.83062E-01	7.54874E-01
3.27850E-01	3.88325E-01	7.54962E-01
3.28460E-01	2.96009E-01	7.54845E-01
3.29070E-01	2.75609E-01	7.55142E-01
3.29680E-01	3.12562E-01	7.55104E-01
