0.40011E-02  0.74679E+02  0.11170E+01
0.44323E-02  0.75990E+02  0.74382E+00
0.48635E-02  0.75918E+02  0.59336E+00
0.52948E-02  0.74754E+02  0.47646E+00
0.57260E-02  0.74638E+02  0.42451E+00
0.61572E-02  0.75161E+02  0.33904E+00
0.65884E-02  0.74315E+02  0.29585E+00
0.70196E-02  0.73851E+02  0.28163E+00
0.74508E-02  0.73216E+02  0.25195E+00
0.78820E-02  0.73290E+02  0.24021E+00
0.83133E-02  0.72615E+02  0.21494E+00
0.87445E-02  0.71885E+02  0.21437E+00
0.91757E-02  0.71362E+02  0.19297E+00
0.96069E-02  0.71034E+02  0.18316E+00
0.10038E-01  0.70819E+02  0.17222E+00
0.10469E-01  0.70332E+02  0.17120E+00
0.10901E-01  0.69622E+02  0.16562E+00
0.11332E-01  0.68919E+02  0.15535E+00
0.11763E-01  0.68455E+02  0.15238E+00
0.12194E-01  0.67877E+02  0.15316E+00
0.12625E-01  0.67374E+02  0.14389E+00
0.13057E-01  0.66660E+02  0.13772E+00
0.13488E-01  0.66168E+02  0.13418E+00
0.13919E-01  0.65552E+02  0.13320E+00
0.14350E-01  0.64949E+02  0.12809E+00
0.14782E-01  0.64555E+02  0.13031E+00
0.15213E-01  0.63701E+02  0.12368E+00
0.15644E-01  0.63233E+02  0.12493E+00
0.16075E-01  0.62652E+02  0.11872E+00
0.16506E-01  0.61825E+02  0.11536E+00
0.16938E-01  0.61023E+02  0.11179E+00
0.17369E-01  0.60443E+02  0.11390E+00
0.17800E-01  0.59700E+02  0.10711E+00
0.18231E-01  0.58944E+02  0.10856E+00
0.18662E-01  0.58203E+02  0.10687E+00
0.19094E-01  0.57571E+02  0.10285E+00
0.19525E-01  0.57018E+02  0.10344E+00
0.19956E-01  0.56273E+02  0.97384E-01
0.20387E-01  0.55590E+02  0.99170E-01
0.20819E-01  0.54835E+02  0.95809E-01
0.21250E-01  0.54111E+02  0.95230E-01
0.21681E-01  0.53473E+02  0.94379E-01
0.22112E-01  0.52905E+02  0.91702E-01
0.22543E-01  0.52055E+02  0.93692E-01
0.22975E-01  0.51364E+02  0.91993E-01
0.23406E-01  0.50697E+02  0.90234E-01
0.23837E-01  0.49932E+02  0.91772E-01
0.24268E-01  0.48954E+02  0.90042E-01
0.24699E-01  0.48481E+02  0.91467E-01
0.25131E-01  0.47757E+02  0.89804E-01
0.25562E-01  0.46985E+02  0.89108E-01
0.25993E-01  0.46364E+02  0.87260E-01
0.26424E-01  0.45429E+02  0.87882E-01
0.26856E-01  0.44745E+02  0.83677E-01
0.27287E-01  0.44098E+02  0.84599E-01
0.27718E-01  0.43432E+02  0.84177E-01
0.28149E-01  0.42749E+02  0.82885E-01
0.28580E-01  0.42124E+02  0.82468E-01
0.29012E-01  0.41617E+02  0.81042E-01
0.29443E-01  0.40856E+02  0.76940E-01
0.29874E-01  0.40174E+02  0.77380E-01
0.30305E-01  0.39432E+02  0.71141E-01
0.30736E-01  0.38645E+02  0.71785E-01
0.31168E-01  0.38000E+02  0.71634E-01
0.31599E-01  0.37305E+02  0.70129E-01
0.32030E-01  0.36676E+02  0.69113E-01
0.32461E-01  0.35979E+02  0.67864E-01
0.32893E-01  0.35463E+02  0.66709E-01
0.33324E-01  0.34795E+02  0.65435E-01
0.33755E-01  0.34124E+02  0.63156E-01
0.34186E-01  0.33510E+02  0.63466E-01
0.34617E-01  0.32897E+02  0.62510E-01
0.35049E-01  0.32288E+02  0.61410E-01
0.35480E-01  0.31732E+02  0.60352E-01
0.35911E-01  0.31136E+02  0.60032E-01
0.36342E-01  0.30535E+02  0.58693E-01
0.36774E-01  0.29983E+02  0.57991E-01
0.37205E-01  0.29449E+02  0.57210E-01
0.37636E-01  0.28894E+02  0.55641E-01
0.38067E-01  0.28367E+02  0.55260E-01
0.38498E-01  0.27853E+02  0.54494E-01
0.38930E-01  0.27250E+02  0.54448E-01
0.39361E-01  0.26753E+02  0.53656E-01
0.39792E-01  0.26257E+02  0.53043E-01
0.40223E-01  0.25877E+02  0.51697E-01
0.40654E-01  0.25280E+02  0.51297E-01
0.41086E-01  0.24793E+02  0.49560E-01
0.41517E-01  0.24315E+02  0.50406E-01
0.41948E-01  0.23788E+02  0.48923E-01
0.42379E-01  0.23326E+02  0.48873E-01
0.42811E-01  0.22883E+02  0.48398E-01
0.43242E-01  0.22511E+02  0.47433E-01
0.43673E-01  0.22038E+02  0.46993E-01
0.44104E-01  0.21663E+02  0.46108E-01
0.44535E-01  0.21220E+02  0.45172E-01
0.44967E-01  0.20735E+02  0.45217E-01
0.45398E-01  0.20366E+02  0.44457E-01
0.45829E-01  0.19975E+02  0.44477E-01
0.46260E-01  0.19618E+02  0.43656E-01
0.46692E-01  0.19208E+02  0.43613E-01
0.47123E-01  0.18873E+02  0.42082E-01
0.47554E-01  0.18509E+02  0.41918E-01
0.47985E-01  0.18105E+02  0.41288E-01
0.48416E-01  0.17763E+02  0.40848E-01
0.48848E-01  0.17436E+02  0.40956E-01
0.49279E-01  0.17092E+02  0.40000E-01
0.49710E-01  0.16776E+02  0.39814E-01
0.50141E-01  0.16472E+02  0.39429E-01
0.50572E-01  0.16128E+02  0.39001E-01
0.51004E-01  0.15846E+02  0.38480E-01
0.51435E-01  0.15535E+02  0.37697E-01
0.51866E-01  0.15241E+02  0.37383E-01
0.52297E-01  0.15006E+02  0.37554E-01
0.52729E-01  0.14705E+02  0.37452E-01
0.53160E-01  0.14400E+02  0.37592E-01
0.53591E-01  0.14149E+02  0.37523E-01
0.54022E-01  0.13885E+02  0.37259E-01
0.54453E-01  0.13625E+02  0.36700E-01
0.54885E-01  0.13400E+02  0.36745E-01
0.55316E-01  0.13146E+02  0.36730E-01
0.55747E-01  0.12885E+02  0.36467E-01
0.56178E-01  0.12692E+02  0.36445E-01
0.56609E-01  0.12476E+02  0.35961E-01
0.57041E-01  0.12217E+02  0.35860E-01
0.57472E-01  0.11953E+02  0.35932E-01
0.57903E-01  0.11731E+02  0.34993E-01
0.58334E-01  0.11572E+02  0.35541E-01
0.58766E-01  0.11339E+02  0.34194E-01
0.59197E-01  0.11116E+02  0.35044E-01
0.59628E-01  0.10971E+02  0.34414E-01
0.60059E-01  0.10758E+02  0.34241E-01
0.60490E-01  0.10570E+02  0.34555E-01
0.60922E-01  0.10399E+02  0.33765E-01
0.61353E-01  0.10211E+02  0.33209E-01
0.61784E-01  0.10053E+02  0.33538E-01
0.62215E-01  0.98664E+01  0.32958E-01
0.62646E-01  0.96928E+01  0.33203E-01
0.63078E-01  0.95426E+01  0.32867E-01
0.63509E-01  0.93604E+01  0.32674E-01
0.63940E-01  0.91713E+01  0.32635E-01
0.64371E-01  0.90316E+01  0.32138E-01
0.64802E-01  0.88371E+01  0.31743E-01
0.65234E-01  0.87011E+01  0.31615E-01
0.65665E-01  0.85722E+01  0.31742E-01
0.66096E-01  0.84587E+01  0.31294E-01
0.66527E-01  0.83276E+01  0.31263E-01
0.66959E-01  0.81906E+01  0.31332E-01
0.67390E-01  0.80509E+01  0.30906E-01
0.67821E-01  0.79165E+01  0.30873E-01
0.68252E-01  0.77634E+01  0.30297E-01
0.68683E-01  0.76580E+01  0.30030E-01
0.69115E-01  0.75442E+01  0.30176E-01
0.69546E-01  0.74025E+01  0.29882E-01
0.69977E-01  0.72936E+01  0.30165E-01
0.70408E-01  0.71927E+01  0.29514E-01
0.70839E-01  0.70930E+01  0.30038E-01
0.71271E-01  0.69802E+01  0.29191E-01
0.71702E-01  0.68531E+01  0.29059E-01
0.72133E-01  0.67063E+01  0.29174E-01
0.72564E-01  0.66100E+01  0.28969E-01
0.72996E-01  0.65551E+01  0.28657E-01
0.73427E-01  0.64345E+01  0.28654E-01
0.73858E-01  0.63572E+01  0.28533E-01
0.74289E-01  0.62249E+01  0.28595E-01
0.74721E-01  0.61501E+01  0.27917E-01
0.75152E-01  0.60742E+01  0.28175E-01
0.75583E-01  0.60103E+01  0.27429E-01
0.76014E-01  0.59184E+01  0.27661E-01
0.76445E-01  0.58276E+01  0.27390E-01
0.76877E-01  0.57165E+01  0.27460E-01
0.77308E-01  0.56124E+01  0.27451E-01
0.77739E-01  0.55741E+01  0.27121E-01
0.78170E-01  0.55097E+01  0.27123E-01
0.78601E-01  0.54117E+01  0.26720E-01
0.79033E-01  0.53186E+01  0.26609E-01
0.79464E-01  0.52678E+01  0.26434E-01
0.79895E-01  0.52089E+01  0.26559E-01
0.80326E-01  0.51334E+01  0.26540E-01
0.80758E-01  0.50697E+01  0.26181E-01
0.81189E-01  0.49455E+01  0.26185E-01
0.81620E-01  0.49176E+01  0.26122E-01
0.82051E-01  0.47881E+01  0.25782E-01
0.82482E-01  0.47336E+01  0.25622E-01
0.82914E-01  0.47057E+01  0.25330E-01
0.83345E-01  0.46385E+01  0.25635E-01
0.83776E-01  0.45809E+01  0.25864E-01
0.84207E-01  0.45272E+01  0.25986E-01
0.84638E-01  0.44867E+01  0.26305E-01
0.85070E-01  0.43801E+01  0.26439E-01
0.85501E-01  0.43180E+01  0.26233E-01
0.85932E-01  0.42703E+01  0.26498E-01
0.86363E-01  0.42159E+01  0.26078E-01
0.86794E-01  0.41246E+01  0.26708E-01
0.87226E-01  0.41000E+01  0.26205E-01
0.87657E-01  0.40567E+01  0.26501E-01
0.88088E-01  0.39923E+01  0.26319E-01
0.88519E-01  0.39605E+01  0.26329E-01
0.88951E-01  0.39003E+01  0.26144E-01
0.89382E-01  0.39101E+01  0.26373E-01
0.89813E-01  0.38583E+01  0.26165E-01
0.90244E-01  0.37508E+01  0.26322E-01
0.90676E-01  0.37322E+01  0.25994E-01
0.91107E-01  0.36437E+01  0.26291E-01
0.91538E-01  0.35756E+01  0.26306E-01
0.91969E-01  0.35908E+01  0.26545E-01
0.92400E-01  0.35081E+01  0.26035E-01
0.92832E-01  0.34701E+01  0.25934E-01
0.93263E-01  0.34463E+01  0.26201E-01
0.93694E-01  0.34116E+01  0.26128E-01
0.94125E-01  0.33472E+01  0.26414E-01
0.94556E-01  0.33245E+01  0.26062E-01
0.94988E-01  0.32524E+01  0.26019E-01
0.95419E-01  0.32319E+01  0.26115E-01
0.95850E-01  0.32048E+01  0.26150E-01
0.96281E-01  0.31381E+01  0.26155E-01
0.96713E-01  0.30916E+01  0.26012E-01
0.97144E-01  0.30620E+01  0.26190E-01
0.97575E-01  0.30426E+01  0.26195E-01
0.98006E-01  0.29859E+01  0.26042E-01
0.98437E-01  0.29238E+01  0.26105E-01
0.98869E-01  0.29126E+01  0.25960E-01
0.99300E-01  0.28456E+01  0.25859E-01
0.99731E-01  0.28380E+01  0.25481E-01
0.10016E+00  0.28195E+01  0.25938E-01
0.10059E+00  0.27749E+01  0.25605E-01
0.10103E+00  0.27458E+01  0.25723E-01
0.10146E+00  0.27198E+01  0.25851E-01
0.10189E+00  0.26814E+01  0.25587E-01
0.10232E+00  0.26394E+01  0.25409E-01
0.10275E+00  0.26288E+01  0.25605E-01
0.10318E+00  0.26174E+01  0.25497E-01
0.10361E+00  0.26327E+01  0.26934E-01
0.10404E+00  0.25904E+01  0.27382E-01
0.10447E+00  0.25116E+01  0.28288E-01
0.10491E+00  0.24228E+01  0.28653E-01
0.10534E+00  0.24167E+01  0.29085E-01
0.10577E+00  0.24053E+01  0.29546E-01
0.10620E+00  0.24313E+01  0.29045E-01
0.10663E+00  0.23436E+01  0.28540E-01
0.10706E+00  0.23255E+01  0.28401E-01
0.10749E+00  0.23238E+01  0.28641E-01
0.10792E+00  0.22911E+01  0.28955E-01
0.10836E+00  0.22942E+01  0.28635E-01
0.10879E+00  0.22040E+01  0.29200E-01
0.10922E+00  0.21662E+01  0.29153E-01
0.10965E+00  0.21804E+01  0.29196E-01
0.11008E+00  0.21713E+01  0.28972E-01
0.11051E+00  0.21306E+01  0.24578E-01
0.11094E+00  0.21165E+01  0.15995E-01
0.11137E+00  0.20958E+01  0.15312E-01
0.11181E+00  0.20689E+01  0.15395E-01
0.11224E+00  0.20377E+01  0.15156E-01
0.11267E+00  0.20260E+01  0.15141E-01
0.11310E+00  0.19924E+01  0.15014E-01
0.11353E+00  0.19602E+01  0.14668E-01
0.11396E+00  0.19538E+01  0.14633E-01
0.11439E+00  0.19298E+01  0.14780E-01
0.11482E+00  0.19268E+01  0.14492E-01
0.11525E+00  0.18846E+01  0.14666E-01
0.11569E+00  0.18547E+01  0.14535E-01
0.11612E+00  0.18318E+01  0.14462E-01
0.11655E+00  0.17944E+01  0.14304E-01
0.11698E+00  0.18002E+01  0.14093E-01
0.11741E+00  0.17792E+01  0.14190E-01
0.11784E+00  0.17537E+01  0.14198E-01
0.11827E+00  0.17237E+01  0.14059E-01
0.11870E+00  0.17000E+01  0.14012E-01
0.11914E+00  0.16986E+01  0.13989E-01
0.11957E+00  0.17003E+01  0.14033E-01
0.12000E+00  0.16738E+01  0.13846E-01
0.12043E+00  0.16537E+01  0.13712E-01
0.12086E+00  0.16390E+01  0.13667E-01
0.12129E+00  0.16068E+01  0.13879E-01
0.12172E+00  0.15865E+01  0.13688E-01
0.12215E+00  0.15892E+01  0.13710E-01
0.12259E+00  0.15690E+01  0.13765E-01
0.12302E+00  0.15387E+01  0.13504E-01
0.12345E+00  0.15255E+01  0.13647E-01
0.12388E+00  0.15061E+01  0.13392E-01
0.12431E+00  0.14971E+01  0.13520E-01
0.12474E+00  0.14878E+01  0.13446E-01
0.12517E+00  0.14729E+01  0.13454E-01
0.12560E+00  0.14610E+01  0.13418E-01
0.12604E+00  0.14237E+01  0.13493E-01
0.12647E+00  0.14313E+01  0.13345E-01
0.12690E+00  0.14126E+01  0.13362E-01
0.12733E+00  0.13634E+01  0.13144E-01
0.12776E+00  0.13722E+01  0.13252E-01
0.12819E+00  0.13704E+01  0.13207E-01
0.12862E+00  0.13422E+01  0.13184E-01
0.12905E+00  0.13152E+01  0.13165E-01
0.12949E+00  0.13034E+01  0.13188E-01
0.12992E+00  0.12995E+01  0.13156E-01
0.13035E+00  0.12741E+01  0.13078E-01
0.13078E+00  0.12733E+01  0.12873E-01
0.13121E+00  0.12513E+01  0.13070E-01
0.13164E+00  0.12386E+01  0.12890E-01
0.13207E+00  0.12358E+01  0.13105E-01
0.13250E+00  0.12237E+01  0.13523E-01
0.13293E+00  0.12270E+01  0.11186E-01
0.13337E+00  0.12021E+01  0.11055E-01
0.13380E+00  0.11789E+01  0.11050E-01
0.13423E+00  0.11733E+01  0.10868E-01
0.13466E+00  0.11644E+01  0.10852E-01
0.13509E+00  0.11724E+01  0.10924E-01
0.13552E+00  0.11554E+01  0.10819E-01
0.13595E+00  0.11190E+01  0.10859E-01
0.13638E+00  0.11190E+01  0.10797E-01
0.13682E+00  0.11301E+01  0.10722E-01
0.13725E+00  0.11027E+01  0.10703E-01
0.13768E+00  0.10813E+01  0.10508E-01
0.13811E+00  0.10739E+01  0.10575E-01
0.13854E+00  0.10530E+01  0.10521E-01
0.13897E+00  0.10478E+01  0.10534E-01
0.13940E+00  0.10397E+01  0.10536E-01
0.13983E+00  0.10435E+01  0.10514E-01
0.14027E+00  0.10151E+01  0.10481E-01
0.14070E+00  0.10213E+01  0.10474E-01
0.14113E+00  0.10074E+01  0.10250E-01
0.14156E+00  0.98895E+00  0.10385E-01
0.14199E+00  0.97438E+00  0.10392E-01
0.14242E+00  0.95890E+00  0.10289E-01
0.14285E+00  0.95912E+00  0.10419E-01
0.14328E+00  0.96228E+00  0.10283E-01
0.14372E+00  0.93577E+00  0.10347E-01
0.14415E+00  0.93558E+00  0.10223E-01
0.14458E+00  0.91663E+00  0.10063E-01
0.14501E+00  0.90896E+00  0.10085E-01
0.14544E+00  0.87980E+00  0.10225E-01
0.14587E+00  0.89045E+00  0.10112E-01
0.14630E+00  0.88712E+00  0.10186E-01
0.14673E+00  0.89007E+00  0.10150E-01
0.14716E+00  0.88256E+00  0.10105E-01
0.14760E+00  0.87182E+00  0.10003E-01
0.14803E+00  0.85483E+00  0.98803E-02
0.14846E+00  0.84382E+00  0.99067E-02
0.14889E+00  0.84000E+00  0.10021E-01
0.14932E+00  0.83639E+00  0.99035E-02
0.14975E+00  0.83030E+00  0.99703E-02
0.15018E+00  0.82472E+00  0.99223E-02
0.15062E+00  0.81402E+00  0.98982E-02
0.15105E+00  0.80218E+00  0.98042E-02
0.15148E+00  0.78239E+00  0.97992E-02
0.15191E+00  0.79448E+00  0.97854E-02
0.15234E+00  0.78823E+00  0.98443E-02
0.15277E+00  0.76262E+00  0.97804E-02
0.15320E+00  0.76825E+00  0.97928E-02
0.15363E+00  0.75628E+00  0.98966E-02
0.15406E+00  0.75486E+00  0.97420E-02
0.15450E+00  0.73699E+00  0.97752E-02
0.15493E+00  0.72660E+00  0.96068E-02
0.15536E+00  0.71417E+00  0.96450E-02
0.15579E+00  0.71668E+00  0.96743E-02
0.15622E+00  0.70304E+00  0.96961E-02
0.15665E+00  0.71198E+00  0.96445E-02
0.15708E+00  0.70635E+00  0.96841E-02
0.15751E+00  0.71202E+00  0.96351E-02
0.15795E+00  0.69163E+00  0.95645E-02
0.15838E+00  0.67642E+00  0.95427E-02
0.15881E+00  0.67146E+00  0.94880E-02
0.15924E+00  0.67180E+00  0.94688E-02
0.15967E+00  0.66813E+00  0.95240E-02
0.16010E+00  0.66236E+00  0.94641E-02
0.16053E+00  0.64971E+00  0.95913E-02
0.16096E+00  0.64101E+00  0.94145E-02
0.16140E+00  0.64251E+00  0.94606E-02
0.16183E+00  0.63531E+00  0.93279E-02
0.16226E+00  0.61835E+00  0.93688E-02
0.16269E+00  0.62271E+00  0.94085E-02
0.16312E+00  0.61328E+00  0.93561E-02
0.16355E+00  0.61429E+00  0.94038E-02
0.16398E+00  0.60996E+00  0.93157E-02
0.16441E+00  0.59845E+00  0.93558E-02
0.16485E+00  0.59408E+00  0.93175E-02
0.16528E+00  0.59179E+00  0.92683E-02
0.16571E+00  0.59125E+00  0.92344E-02
0.16614E+00  0.57947E+00  0.92424E-02
0.16657E+00  0.57461E+00  0.92373E-02
0.16700E+00  0.57168E+00  0.92466E-02
0.16743E+00  0.57065E+00  0.92231E-02
0.16786E+00  0.57380E+00  0.92146E-02
0.16829E+00  0.56525E+00  0.91567E-02
0.16873E+00  0.54187E+00  0.90918E-02
0.16916E+00  0.53682E+00  0.91226E-02
0.16959E+00  0.53576E+00  0.91018E-02
0.17002E+00  0.53109E+00  0.91330E-02
0.17045E+00  0.52570E+00  0.91109E-02
0.17088E+00  0.52653E+00  0.90791E-02
0.17131E+00  0.51668E+00  0.91055E-02
0.17174E+00  0.50869E+00  0.89980E-02
0.17217E+00  0.51068E+00  0.90273E-02
0.17261E+00  0.51069E+00  0.89052E-02
0.17304E+00  0.51785E+00  0.90738E-02
0.17347E+00  0.49849E+00  0.89371E-02
0.17390E+00  0.49594E+00  0.90226E-02
0.17433E+00  0.48337E+00  0.89616E-02
0.17476E+00  0.47119E+00  0.88636E-02
0.17519E+00  0.48617E+00  0.89392E-02
0.17563E+00  0.47759E+00  0.88652E-02
0.17606E+00  0.47618E+00  0.88600E-02
0.17649E+00  0.48334E+00  0.89056E-02
0.17692E+00  0.46940E+00  0.89417E-02
0.17735E+00  0.45528E+00  0.88649E-02
0.17778E+00  0.46067E+00  0.88124E-02
0.17821E+00  0.45869E+00  0.88725E-02
0.17864E+00  0.45691E+00  0.88362E-02
0.17908E+00  0.45596E+00  0.87348E-02
0.17951E+00  0.44472E+00  0.87722E-02
0.17994E+00  0.43813E+00  0.88058E-02
0.18037E+00  0.42465E+00  0.86866E-02
0.18080E+00  0.42817E+00  0.87629E-02
0.18123E+00  0.43292E+00  0.88004E-02
0.18166E+00  0.42776E+00  0.87446E-02
0.18209E+00  0.43179E+00  0.86634E-02
0.18252E+00  0.41209E+00  0.86197E-02
0.18296E+00  0.41342E+00  0.86626E-02
0.18339E+00  0.41022E+00  0.86370E-02
0.18382E+00  0.41959E+00  0.87330E-02
0.18425E+00  0.39883E+00  0.85957E-02
0.18468E+00  0.41304E+00  0.87782E-02
0.18511E+00  0.40009E+00  0.88463E-02
0.18554E+00  0.39439E+00  0.89793E-02
0.18597E+00  0.39298E+00  0.90801E-02
0.18641E+00  0.40486E+00  0.90939E-02
0.18684E+00  0.38296E+00  0.92763E-02
0.18727E+00  0.39237E+00  0.92956E-02
0.18770E+00  0.38079E+00  0.93172E-02
0.18813E+00  0.37108E+00  0.94442E-02
0.18856E+00  0.36143E+00  0.94013E-02
0.18899E+00  0.36588E+00  0.94585E-02
0.18942E+00  0.36926E+00  0.95049E-02
0.18985E+00  0.36873E+00  0.95907E-02
0.19029E+00  0.35688E+00  0.95721E-02
0.19072E+00  0.35730E+00  0.96952E-02
0.19115E+00  0.35758E+00  0.96871E-02
0.19158E+00  0.34312E+00  0.95015E-02
0.19201E+00  0.35505E+00  0.93369E-02
0.19244E+00  0.35833E+00  0.91582E-02
0.19287E+00  0.34351E+00  0.90959E-02
0.19331E+00  0.34857E+00  0.90675E-02
0.19374E+00  0.34345E+00  0.90885E-02
0.19417E+00  0.33381E+00  0.89389E-02
0.19460E+00  0.33686E+00  0.89925E-02
0.19503E+00  0.32303E+00  0.89190E-02
0.19546E+00  0.33079E+00  0.89492E-02
0.19589E+00  0.33269E+00  0.87697E-02
0.19632E+00  0.32764E+00  0.88021E-02
0.19676E+00  0.32424E+00  0.88054E-02
0.19719E+00  0.31927E+00  0.87303E-02
0.19762E+00  0.31603E+00  0.87344E-02
0.19805E+00  0.31872E+00  0.87790E-02
0.19848E+00  0.31888E+00  0.87290E-02
0.19891E+00  0.31089E+00  0.86620E-02
0.19934E+00  0.29775E+00  0.85985E-02
0.19977E+00  0.31525E+00  0.86882E-02
0.20020E+00  0.31355E+00  0.85277E-02
0.20064E+00  0.29357E+00  0.86365E-02
0.20107E+00  0.29785E+00  0.85482E-02
0.20150E+00  0.29103E+00  0.86056E-02
0.20193E+00  0.29716E+00  0.85830E-02
0.20236E+00  0.29081E+00  0.84920E-02
0.20279E+00  0.28436E+00  0.84880E-02
0.20322E+00  0.30392E+00  0.84208E-02
0.20365E+00  0.30202E+00  0.84463E-02
0.20408E+00  0.29960E+00  0.84450E-02
0.20452E+00  0.28627E+00  0.83973E-02
0.20495E+00  0.27846E+00  0.84204E-02
0.20538E+00  0.27938E+00  0.83964E-02
0.20581E+00  0.28918E+00  0.83185E-02
0.20624E+00  0.28388E+00  0.82902E-02
0.20667E+00  0.28492E+00  0.82161E-02
0.20710E+00  0.27744E+00  0.82597E-02
0.20753E+00  0.27772E+00  0.82862E-02
0.20797E+00  0.27492E+00  0.82359E-02
0.20840E+00  0.26597E+00  0.81790E-02
0.20883E+00  0.25924E+00  0.81672E-02
0.20926E+00  0.26421E+00  0.81693E-02
0.20969E+00  0.26421E+00  0.80735E-02
0.21012E+00  0.26802E+00  0.81525E-02
0.21055E+00  0.25482E+00  0.80822E-02
0.21098E+00  0.25796E+00  0.80901E-02
0.21142E+00  0.26178E+00  0.81356E-02
0.21185E+00  0.25917E+00  0.80897E-02
0.21228E+00  0.26937E+00  0.81432E-02
0.21271E+00  0.25143E+00  0.80073E-02
0.21314E+00  0.23834E+00  0.79914E-02
0.21357E+00  0.24073E+00  0.79820E-02
0.21400E+00  0.25160E+00  0.79845E-02
0.21443E+00  0.26737E+00  0.80456E-02
0.21487E+00  0.25113E+00  0.79709E-02
0.21530E+00  0.24225E+00  0.79767E-02
0.21573E+00  0.23935E+00  0.79803E-02
0.21616E+00  0.24754E+00  0.79999E-02
0.21659E+00  0.22676E+00  0.78900E-02
0.21702E+00  0.23973E+00  0.78946E-02
0.21745E+00  0.23900E+00  0.79334E-02
0.21788E+00  0.24998E+00  0.79357E-02
0.21832E+00  0.24319E+00  0.79816E-02
0.21875E+00  0.23160E+00  0.79450E-02
0.21918E+00  0.23472E+00  0.79196E-02
0.21961E+00  0.23557E+00  0.79846E-02
0.22004E+00  0.23668E+00  0.78518E-02
0.22047E+00  0.23700E+00  0.78327E-02
0.22090E+00  0.22847E+00  0.78882E-02
0.22133E+00  0.22308E+00  0.78974E-02
0.22176E+00  0.23752E+00  0.78983E-02
0.22220E+00  0.22438E+00  0.78784E-02
0.22263E+00  0.22095E+00  0.78433E-02
0.22306E+00  0.21918E+00  0.79133E-02
0.22349E+00  0.21122E+00  0.77325E-02
0.22392E+00  0.22279E+00  0.78141E-02
0.22435E+00  0.22721E+00  0.77985E-02
0.22478E+00  0.22379E+00  0.78255E-02
0.22521E+00  0.22364E+00  0.78292E-02
0.22565E+00  0.21519E+00  0.78012E-02
0.22608E+00  0.21751E+00  0.78052E-02
0.22651E+00  0.21231E+00  0.77754E-02
0.22694E+00  0.21971E+00  0.77335E-02
0.22737E+00  0.21761E+00  0.77147E-02
0.22780E+00  0.21279E+00  0.77309E-02
0.22823E+00  0.20708E+00  0.77662E-02
0.22867E+00  0.20613E+00  0.77218E-02
0.22910E+00  0.21097E+00  0.77923E-02
0.22953E+00  0.21140E+00  0.77343E-02
0.22996E+00  0.20731E+00  0.77483E-02
0.23039E+00  0.20901E+00  0.76292E-02
0.23082E+00  0.20512E+00  0.76704E-02
0.23125E+00  0.20290E+00  0.77407E-02
0.23168E+00  0.19927E+00  0.76681E-02
0.23211E+00  0.20415E+00  0.76775E-02
0.23255E+00  0.21430E+00  0.76827E-02
0.23298E+00  0.20924E+00  0.77146E-02
0.23341E+00  0.20500E+00  0.76649E-02
0.23384E+00  0.20998E+00  0.75709E-02
0.23427E+00  0.20589E+00  0.76172E-02
0.23470E+00  0.19933E+00  0.76264E-02
0.23513E+00  0.19421E+00  0.76057E-02
0.23556E+00  0.20167E+00  0.76553E-02
0.23600E+00  0.20940E+00  0.76380E-02
0.23643E+00  0.20760E+00  0.76268E-02
0.23686E+00  0.19492E+00  0.75870E-02
0.23729E+00  0.19074E+00  0.75069E-02
0.23772E+00  0.18632E+00  0.75702E-02
0.23815E+00  0.19298E+00  0.75506E-02
0.23858E+00  0.20020E+00  0.75676E-02
0.23901E+00  0.19308E+00  0.75894E-02
0.23945E+00  0.19916E+00  0.75700E-02
0.23988E+00  0.20201E+00  0.75868E-02
0.24031E+00  0.19981E+00  0.75097E-02
0.24074E+00  0.19405E+00  0.74930E-02
0.24117E+00  0.19183E+00  0.74881E-02
0.24160E+00  0.19339E+00  0.75337E-02
0.24203E+00  0.18555E+00  0.75163E-02
0.24246E+00  0.19131E+00  0.74920E-02
0.24289E+00  0.18454E+00  0.75506E-02
0.24333E+00  0.18573E+00  0.74613E-02
0.24376E+00  0.18139E+00  0.74705E-02
0.24419E+00  0.17707E+00  0.74232E-02
0.24462E+00  0.19710E+00  0.74644E-02
0.24505E+00  0.19719E+00  0.74793E-02
0.24548E+00  0.19157E+00  0.74564E-02
0.24591E+00  0.18128E+00  0.74564E-02
0.24634E+00  0.18530E+00  0.74757E-02
0.24678E+00  0.19185E+00  0.74428E-02
0.24721E+00  0.18329E+00  0.74076E-02
0.24764E+00  0.18690E+00  0.73891E-02
0.24807E+00  0.17344E+00  0.73985E-02
0.24850E+00  0.18171E+00  0.73993E-02
0.24893E+00  0.18657E+00  0.74091E-02
0.24936E+00  0.17776E+00  0.73882E-02
0.24979E+00  0.18323E+00  0.74261E-02
0.25023E+00  0.17691E+00  0.73755E-02
0.25066E+00  0.16907E+00  0.73422E-02
0.25109E+00  0.17867E+00  0.73414E-02
0.25152E+00  0.17974E+00  0.73708E-02
0.25195E+00  0.17499E+00  0.73160E-02
0.25238E+00  0.17498E+00  0.73718E-02
0.25281E+00  0.18293E+00  0.73593E-02
0.25324E+00  0.17984E+00  0.73520E-02
0.25368E+00  0.18543E+00  0.73893E-02
0.25411E+00  0.18568E+00  0.72701E-02
0.25454E+00  0.17357E+00  0.73177E-02
0.25497E+00  0.17776E+00  0.72842E-02
0.25540E+00  0.16826E+00  0.72911E-02
0.25583E+00  0.17698E+00  0.73342E-02
0.25626E+00  0.17671E+00  0.73311E-02
0.25669E+00  0.17379E+00  0.72993E-02
0.25712E+00  0.16984E+00  0.72797E-02
0.25756E+00  0.16605E+00  0.72062E-02
0.25799E+00  0.17291E+00  0.72763E-02
0.25842E+00  0.17402E+00  0.72387E-02
0.25885E+00  0.17371E+00  0.72761E-02
0.25928E+00  0.17334E+00  0.72554E-02
0.25971E+00  0.17254E+00  0.72768E-02
0.26014E+00  0.17705E+00  0.72390E-02
0.26058E+00  0.17095E+00  0.72595E-02
0.26101E+00  0.16823E+00  0.71718E-02
0.26144E+00  0.16033E+00  0.71781E-02
0.26187E+00  0.16892E+00  0.72273E-02
0.26230E+00  0.17467E+00  0.72037E-02
0.26273E+00  0.17449E+00  0.72124E-02
0.26316E+00  0.17818E+00  0.72342E-02
0.26359E+00  0.16713E+00  0.72183E-02
0.26402E+00  0.16122E+00  0.71753E-02
0.26446E+00  0.16343E+00  0.71350E-02
0.26489E+00  0.16070E+00  0.71557E-02
0.26532E+00  0.17031E+00  0.71875E-02
0.26575E+00  0.16807E+00  0.71877E-02
0.26618E+00  0.16233E+00  0.73374E-02
0.26661E+00  0.16748E+00  0.74029E-02
0.26704E+00  0.17288E+00  0.75542E-02
0.26747E+00  0.16844E+00  0.75930E-02
0.26791E+00  0.16387E+00  0.75937E-02
0.26834E+00  0.16075E+00  0.76479E-02
0.26877E+00  0.16661E+00  0.77194E-02
0.26920E+00  0.16124E+00  0.77583E-02
0.26963E+00  0.16003E+00  0.78368E-02
0.27006E+00  0.16689E+00  0.78490E-02
0.27049E+00  0.16532E+00  0.79164E-02
0.27092E+00  0.16776E+00  0.78766E-02
0.27136E+00  0.16656E+00  0.79296E-02
0.27179E+00  0.15802E+00  0.79308E-02
0.27222E+00  0.15525E+00  0.79971E-02
0.27265E+00  0.16025E+00  0.79052E-02
0.27308E+00  0.16661E+00  0.77875E-02
0.27351E+00  0.15916E+00  0.77162E-02
0.27394E+00  0.16581E+00  0.76754E-02
0.27437E+00  0.16335E+00  0.75701E-02
0.27481E+00  0.17115E+00  0.75151E-02
0.27524E+00  0.16817E+00  0.75083E-02
0.27567E+00  0.16895E+00  0.74967E-02
0.27610E+00  0.16394E+00  0.74899E-02
0.27653E+00  0.15790E+00  0.74510E-02
0.27696E+00  0.16209E+00  0.74997E-02
0.27739E+00  0.16631E+00  0.74262E-02
0.27782E+00  0.15281E+00  0.73741E-02
0.27825E+00  0.16449E+00  0.73253E-02
0.27869E+00  0.16746E+00  0.73893E-02
0.27912E+00  0.16543E+00  0.73746E-02
0.27955E+00  0.16038E+00  0.73160E-02
0.27998E+00  0.15294E+00  0.73234E-02
0.28041E+00  0.15791E+00  0.73103E-02
0.28084E+00  0.16159E+00  0.72411E-02
0.28127E+00  0.16845E+00  0.72413E-02
0.28170E+00  0.16782E+00  0.71878E-02
0.28213E+00  0.16627E+00  0.71949E-02
0.28257E+00  0.16373E+00  0.71349E-02
0.28300E+00  0.15294E+00  0.71670E-02
0.28343E+00  0.16253E+00  0.71550E-02
0.28386E+00  0.15970E+00  0.71718E-02
0.28429E+00  0.16304E+00  0.71174E-02
0.28472E+00  0.16098E+00  0.70285E-02
0.28515E+00  0.16277E+00  0.70689E-02
0.28559E+00  0.16111E+00  0.70609E-02
0.28602E+00  0.15667E+00  0.70558E-02
0.28645E+00  0.16468E+00  0.70460E-02
0.28688E+00  0.16320E+00  0.70377E-02
0.28731E+00  0.16624E+00  0.70469E-02
0.28774E+00  0.16196E+00  0.70578E-02
0.28817E+00  0.16195E+00  0.69528E-02
0.28860E+00  0.15499E+00  0.70248E-02
0.28904E+00  0.16002E+00  0.69617E-02
0.28947E+00  0.16786E+00  0.69972E-02
0.28990E+00  0.16827E+00  0.70036E-02
0.29033E+00  0.17297E+00  0.69957E-02
0.29076E+00  0.15971E+00  0.70123E-02
0.29119E+00  0.15030E+00  0.69972E-02
0.29162E+00  0.15235E+00  0.69108E-02
0.29205E+00  0.15421E+00  0.69831E-02
0.29248E+00  0.15718E+00  0.70720E-02
0.29292E+00  0.16279E+00  0.72151E-02
0.29335E+00  0.15421E+00  0.72343E-02
0.29378E+00  0.16099E+00  0.73150E-02
0.29421E+00  0.16691E+00  0.73254E-02
0.29464E+00  0.17016E+00  0.74015E-02
0.29507E+00  0.16450E+00  0.74240E-02
0.29550E+00  0.16423E+00  0.74065E-02
0.29593E+00  0.17190E+00  0.75450E-02
0.29636E+00  0.16107E+00  0.74564E-02
0.29680E+00  0.16097E+00  0.75564E-02
0.29723E+00  0.16675E+00  0.76044E-02
0.29766E+00  0.16663E+00  0.75941E-02
0.29809E+00  0.17499E+00  0.76414E-02
0.29852E+00  0.15161E+00  0.75571E-02
0.29895E+00  0.15792E+00  0.75963E-02
0.29938E+00  0.16215E+00  0.76159E-02
0.29981E+00  0.16302E+00  0.76299E-02
0.30025E+00  0.15428E+00  0.76595E-02
0.30068E+00  0.15820E+00  0.76630E-02
0.30111E+00  0.15888E+00  0.77037E-02
0.30154E+00  0.15020E+00  0.76594E-02
0.30197E+00  0.16780E+00  0.76595E-02
0.30240E+00  0.16921E+00  0.76811E-02
0.30283E+00  0.14589E+00  0.76964E-02
0.30327E+00  0.14797E+00  0.76705E-02
0.30370E+00  0.16096E+00  0.77437E-02
0.30413E+00  0.15838E+00  0.77397E-02
0.30456E+00  0.15283E+00  0.77387E-02
0.30499E+00  0.16270E+00  0.76958E-02
0.30542E+00  0.16625E+00  0.76974E-02
0.30585E+00  0.16424E+00  0.77859E-02
0.30628E+00  0.15895E+00  0.77236E-02
0.30672E+00  0.14971E+00  0.77989E-02
0.30715E+00  0.15647E+00  0.77600E-02
0.30758E+00  0.16427E+00  0.78234E-02
0.30801E+00  0.16120E+00  0.78004E-02
0.30844E+00  0.15439E+00  0.77347E-02
0.30887E+00  0.16165E+00  0.77606E-02
0.30930E+00  0.14335E+00  0.77809E-02
0.30973E+00  0.15194E+00  0.78209E-02
0.31016E+00  0.16004E+00  0.77960E-02
0.31060E+00  0.15854E+00  0.77934E-02
0.31103E+00  0.16256E+00  0.78630E-02
0.31146E+00  0.15875E+00  0.77443E-02
0.31189E+00  0.14636E+00  0.77768E-02
0.31232E+00  0.15283E+00  0.76999E-02
0.31275E+00  0.15627E+00  0.78118E-02
0.31318E+00  0.15867E+00  0.77993E-02
0.31361E+00  0.16440E+00  0.77988E-02
0.31405E+00  0.15860E+00  0.77954E-02
0.31448E+00  0.15807E+00  0.78130E-02
0.31491E+00  0.15872E+00  0.78012E-02
0.31534E+00  0.15653E+00  0.77765E-02
0.31577E+00  0.15250E+00  0.78053E-02
0.31620E+00  0.16287E+00  0.77959E-02
0.31663E+00  0.16203E+00  0.78191E-02
0.31706E+00  0.15896E+00  0.78320E-02
0.31750E+00  0.16022E+00  0.78285E-02
0.31793E+00  0.16566E+00  0.78703E-02
0.31836E+00  0.15570E+00  0.78663E-02
0.31879E+00  0.14608E+00  0.77596E-02
0.31922E+00  0.15703E+00  0.78452E-02
0.31965E+00  0.16446E+00  0.78493E-02
0.32008E+00  0.15058E+00  0.78434E-02
0.32051E+00  0.15051E+00  0.78637E-02
0.32095E+00  0.15069E+00  0.78995E-02
0.32138E+00  0.15056E+00  0.78744E-02
0.32181E+00  0.15018E+00  0.78960E-02
0.32224E+00  0.15936E+00  0.77945E-02
0.32267E+00  0.15796E+00  0.78824E-02
0.32310E+00  0.15847E+00  0.78840E-02
0.32353E+00  0.16960E+00  0.78967E-02
0.32396E+00  0.16346E+00  0.78825E-02
0.32439E+00  0.16014E+00  0.79143E-02
0.32483E+00  0.15227E+00  0.79307E-02
0.32526E+00  0.15305E+00  0.78894E-02
0.32569E+00  0.15367E+00  0.79091E-02
0.32612E+00  0.15232E+00  0.78442E-02
0.32655E+00  0.15729E+00  0.79422E-02
0.32698E+00  0.15664E+00  0.79339E-02
0.32741E+00  0.15997E+00  0.79115E-02
0.32784E+00  0.14988E+00  0.79845E-02
0.32828E+00  0.14238E+00  0.78890E-02
0.32871E+00  0.15307E+00  0.78995E-02
0.32914E+00  0.15010E+00  0.78888E-02
0.32957E+00  0.15670E+00  0.78923E-02
0.33000E+00  0.15404E+00  0.79734E-02
0.33043E+00  0.15222E+00  0.79247E-02
0.33086E+00  0.15433E+00  0.79726E-02
0.33129E+00  0.15666E+00  0.79646E-02
0.33173E+00  0.15578E+00  0.79827E-02
0.33216E+00  0.15435E+00  0.79099E-02
0.33259E+00  0.15874E+00  0.79245E-02
0.33302E+00  0.15217E+00  0.79332E-02
0.33345E+00  0.14893E+00  0.80091E-02
0.33388E+00  0.15571E+00  0.79669E-02
0.33431E+00  0.15929E+00  0.79818E-02
0.33474E+00  0.15957E+00  0.79855E-02
0.33518E+00  0.15214E+00  0.79805E-02
0.33561E+00  0.15679E+00  0.79387E-02
0.33604E+00  0.15198E+00  0.79347E-02
0.33647E+00  0.15335E+00  0.80075E-02
0.33690E+00  0.15371E+00  0.79739E-02
0.33733E+00  0.15489E+00  0.79888E-02
0.33776E+00  0.14213E+00  0.80025E-02
0.33819E+00  0.16143E+00  0.80203E-02
0.33863E+00  0.15762E+00  0.80436E-02
0.33906E+00  0.15139E+00  0.79646E-02
0.33949E+00  0.15476E+00  0.79698E-02
0.33992E+00  0.15044E+00  0.80121E-02
0.34035E+00  0.15865E+00  0.80142E-02
0.34078E+00  0.15499E+00  0.80883E-02
0.34121E+00  0.16073E+00  0.80096E-02
0.34164E+00  0.15555E+00  0.80596E-02
0.34207E+00  0.14857E+00  0.79858E-02
0.34251E+00  0.15069E+00  0.79975E-02
0.34294E+00  0.14309E+00  0.80062E-02
0.34337E+00  0.15602E+00  0.80286E-02
0.34380E+00  0.14705E+00  0.80956E-02
0.34423E+00  0.15612E+00  0.80088E-02
0.34466E+00  0.16525E+00  0.80678E-02
0.34509E+00  0.15584E+00  0.80918E-02
0.34552E+00  0.15092E+00  0.80096E-02
0.34596E+00  0.14939E+00  0.80516E-02
0.34639E+00  0.15390E+00  0.79899E-02
0.34682E+00  0.16184E+00  0.81126E-02
0.34725E+00  0.14783E+00  0.83180E-02
0.34768E+00  0.14350E+00  0.84640E-02
0.34811E+00  0.15352E+00  0.86299E-02
0.34854E+00  0.14800E+00  0.86168E-02
0.34897E+00  0.15059E+00  0.87983E-02
0.34941E+00  0.15449E+00  0.89160E-02
0.34984E+00  0.14999E+00  0.89791E-02
0.35027E+00  0.15959E+00  0.91143E-02
0.35070E+00  0.14465E+00  0.91791E-02
0.35113E+00  0.14884E+00  0.92269E-02
0.35156E+00  0.14386E+00  0.93708E-02
0.35199E+00  0.14981E+00  0.93970E-02
0.35242E+00  0.14674E+00  0.95582E-02
0.35286E+00  0.14896E+00  0.95515E-02
0.35329E+00  0.15031E+00  0.96637E-02
0.35372E+00  0.14674E+00  0.97920E-02
0.35415E+00  0.13895E+00  0.97942E-02
0.35458E+00  0.14818E+00  0.99617E-02
0.35501E+00  0.15804E+00  0.99228E-02
0.35544E+00  0.14992E+00  0.10098E-01
0.35587E+00  0.13902E+00  0.10128E-01
0.35630E+00  0.14512E+00  0.10215E-01
0.35674E+00  0.14260E+00  0.10390E-01
0.35717E+00  0.14823E+00  0.10330E-01
0.35760E+00  0.14063E+00  0.10427E-01
0.35803E+00  0.15351E+00  0.10437E-01
0.35846E+00  0.13755E+00  0.10447E-01
0.35889E+00  0.13817E+00  0.10664E-01
0.35932E+00  0.15026E+00  0.10527E-01
0.35975E+00  0.14830E+00  0.10721E-01
0.36019E+00  0.13875E+00  0.10632E-01
0.36062E+00  0.14526E+00  0.10729E-01
0.36105E+00  0.13973E+00  0.10754E-01
0.36148E+00  0.14965E+00  0.10797E-01
0.36191E+00  0.14177E+00  0.10816E-01
0.36234E+00  0.14508E+00  0.10825E-01
0.36277E+00  0.13659E+00  0.10899E-01
0.36320E+00  0.14157E+00  0.10901E-01
0.36364E+00  0.15169E+00  0.10920E-01
0.36407E+00  0.15138E+00  0.11020E-01
0.36450E+00  0.14608E+00  0.10991E-01
0.36493E+00  0.14705E+00  0.11118E-01
0.36536E+00  0.15180E+00  0.11186E-01
0.36579E+00  0.15187E+00  0.11127E-01
0.36622E+00  0.15377E+00  0.11349E-01
0.36665E+00  0.15278E+00  0.11158E-01
0.36709E+00  0.15341E+00  0.11274E-01
0.36752E+00  0.14145E+00  0.11348E-01
0.36795E+00  0.14138E+00  0.11350E-01
0.36838E+00  0.14125E+00  0.11475E-01
0.36881E+00  0.12646E+00  0.11435E-01
0.36924E+00  0.13720E+00  0.11475E-01
0.36967E+00  0.13721E+00  0.11617E-01
0.37010E+00  0.13922E+00  0.11535E-01
0.37053E+00  0.13170E+00  0.11728E-01
0.37097E+00  0.14209E+00  0.11602E-01
0.37140E+00  0.14732E+00  0.11737E-01
0.37183E+00  0.14350E+00  0.11836E-01
0.37226E+00  0.13654E+00  0.11762E-01
0.37269E+00  0.14087E+00  0.11955E-01
0.37312E+00  0.13960E+00  0.11832E-01
0.37355E+00  0.15287E+00  0.11977E-01
0.37398E+00  0.15495E+00  0.12014E-01
0.37441E+00  0.15315E+00  0.12064E-01
0.37485E+00  0.14668E+00  0.12197E-01
0.37528E+00  0.13908E+00  0.12079E-01
0.37571E+00  0.13918E+00  0.12214E-01
0.37614E+00  0.13909E+00  0.12313E-01
0.37657E+00  0.15801E+00  0.12304E-01
0.37700E+00  0.14685E+00  0.12447E-01
0.37743E+00  0.15593E+00  0.12369E-01
0.37787E+00  0.14413E+00  0.12516E-01
0.37830E+00  0.13322E+00  0.12414E-01
0.37873E+00  0.13124E+00  0.12569E-01
0.37916E+00  0.14577E+00  0.12532E-01
0.37959E+00  0.14871E+00  0.12698E-01
0.38002E+00  0.14533E+00  0.12708E-01
0.38045E+00  0.14688E+00  0.12670E-01
0.38088E+00  0.15055E+00  0.12807E-01
0.38132E+00  0.16198E+00  0.12854E-01
0.38175E+00  0.14002E+00  0.12874E-01
0.38218E+00  0.14514E+00  0.13044E-01
0.38261E+00  0.14269E+00  0.12952E-01
0.38304E+00  0.14555E+00  0.13144E-01
0.38347E+00  0.14732E+00  0.13193E-01
0.38390E+00  0.14886E+00  0.13173E-01
0.38433E+00  0.14444E+00  0.13334E-01
0.38477E+00  0.14206E+00  0.13188E-01
0.38520E+00  0.14491E+00  0.13342E-01
0.38563E+00  0.14890E+00  0.13378E-01
0.38606E+00  0.14826E+00  0.13453E-01
0.38649E+00  0.15013E+00  0.13547E-01
0.38692E+00  0.13696E+00  0.13615E-01
0.38735E+00  0.14345E+00  0.13576E-01
0.38778E+00  0.15321E+00  0.13854E-01
0.38821E+00  0.13615E+00  0.13661E-01
0.38865E+00  0.13373E+00  0.13960E-01
0.38908E+00  0.13269E+00  0.13793E-01
0.38951E+00  0.14684E+00  0.13942E-01
0.38994E+00  0.12739E+00  0.14061E-01
0.39037E+00  0.13372E+00  0.13976E-01
0.39080E+00  0.14264E+00  0.14290E-01
0.39123E+00  0.13361E+00  0.14034E-01
0.39166E+00  0.13524E+00  0.14218E-01
0.39210E+00  0.15373E+00  0.14375E-01
0.39253E+00  0.14025E+00  0.14341E-01
0.39296E+00  0.14642E+00  0.14644E-01
0.39339E+00  0.15370E+00  0.14415E-01
0.39382E+00  0.12653E+00  0.14581E-01
0.39425E+00  0.13220E+00  0.14656E-01
0.39468E+00  0.13877E+00  0.14687E-01
0.39511E+00  0.12598E+00  0.14833E-01
0.39555E+00  0.14604E+00  0.14662E-01
0.39598E+00  0.15340E+00  0.14817E-01
0.39641E+00  0.14496E+00  0.14858E-01
0.39684E+00  0.14554E+00  0.14844E-01
0.39727E+00  0.14305E+00  0.15036E-01
0.39770E+00  0.12916E+00  0.14632E-01
0.39813E+00  0.13056E+00  0.14845E-01
0.39856E+00  0.14481E+00  0.14982E-01
0.39899E+00  0.15409E+00  0.14960E-01
0.39943E+00  0.12737E+00  0.15105E-01
0.39986E+00  0.14711E+00  0.14935E-01
0.40029E+00  0.13973E+00  0.15072E-01
0.40072E+00  0.13928E+00  0.15249E-01
0.40115E+00  0.14378E+00  0.15242E-01
0.40158E+00  0.14677E+00  0.15457E-01
0.40201E+00  0.15711E+00  0.15263E-01
0.40244E+00  0.14640E+00  0.15451E-01
0.40288E+00  0.13676E+00  0.15631E-01
0.40331E+00  0.14964E+00  0.15484E-01
0.40374E+00  0.13522E+00  0.15873E-01
0.40417E+00  0.13351E+00  0.15664E-01
0.40460E+00  0.13791E+00  0.15887E-01
0.40503E+00  0.13240E+00  0.15982E-01
0.40546E+00  0.13787E+00  0.15938E-01
0.40589E+00  0.13785E+00  0.16342E-01
0.40633E+00  0.13351E+00  0.16041E-01
0.40676E+00  0.11504E+00  0.16244E-01
0.40719E+00  0.14336E+00  0.16527E-01
0.40762E+00  0.15615E+00  0.16467E-01
0.40805E+00  0.14014E+00  0.16842E-01
0.40848E+00  0.14158E+00  0.16537E-01
0.40891E+00  0.15055E+00  0.16800E-01
0.40934E+00  0.13792E+00  0.16791E-01
0.40978E+00  0.13710E+00  0.16896E-01
0.41021E+00  0.14805E+00  0.17204E-01
0.41064E+00  0.13164E+00  0.16986E-01
0.41107E+00  0.11262E+00  0.17203E-01
0.41150E+00  0.13577E+00  0.17378E-01
0.41193E+00  0.13456E+00  0.17345E-01
0.41236E+00  0.15363E+00  0.17665E-01
0.41279E+00  0.14718E+00  0.17664E-01
0.41323E+00  0.14511E+00  0.17870E-01
0.41366E+00  0.14901E+00  0.17892E-01
0.41409E+00  0.12867E+00  0.17968E-01
0.41452E+00  0.13501E+00  0.18158E-01
0.41495E+00  0.13430E+00  0.18102E-01
0.41538E+00  0.13441E+00  0.18426E-01
0.41581E+00  0.14384E+00  0.18394E-01
0.41624E+00  0.15949E+00  0.18579E-01
0.41668E+00  0.13164E+00  0.18648E-01
0.41711E+00  0.12943E+00  0.18711E-01
0.41754E+00  0.13013E+00  0.19153E-01
0.41797E+00  0.13868E+00  0.19013E-01
0.41840E+00  0.12236E+00  0.19286E-01
0.41883E+00  0.14771E+00  0.19355E-01
0.41926E+00  0.14512E+00  0.19484E-01
0.41969E+00  0.13107E+00  0.19684E-01
0.42012E+00  0.12617E+00  0.19751E-01
0.42056E+00  0.99386E-01  0.19994E-01
0.42099E+00  0.12527E+00  0.19935E-01
0.42142E+00  0.15333E+00  0.20257E-01
0.42185E+00  0.17681E+00  0.20385E-01
0.42228E+00  0.15424E+00  0.20509E-01
0.42271E+00  0.13343E+00  0.20842E-01
0.42314E+00  0.16210E+00  0.20745E-01
0.42357E+00  0.13707E+00  0.21110E-01
0.42401E+00  0.12037E+00  0.20938E-01
0.42444E+00  0.12707E+00  0.21323E-01
0.42487E+00  0.12349E+00  0.21650E-01
0.42530E+00  0.15548E+00  0.21854E-01
0.42573E+00  0.12801E+00  0.21885E-01
0.42616E+00  0.13767E+00  0.22167E-01
0.42659E+00  0.15992E+00  0.22317E-01
0.42702E+00  0.13157E+00  0.22267E-01
0.42745E+00  0.12249E+00  0.22648E-01
0.42789E+00  0.11871E+00  0.22873E-01
0.42832E+00  0.13483E+00  0.23121E-01
0.42875E+00  0.12569E+00  0.23235E-01
0.42918E+00  0.13576E+00  0.23370E-01
0.42961E+00  0.14952E+00  0.23732E-01
0.43004E+00  0.11162E+00  0.24261E-01
0.43047E+00  0.98020E-01  0.24117E-01
0.43091E+00  0.10254E+00  0.24478E-01
0.43134E+00  0.11802E+00  0.24605E-01
0.43177E+00  0.11670E+00  0.24921E-01
0.43220E+00  0.13265E+00  0.25244E-01
0.43263E+00  0.14493E+00  0.25474E-01
0.43306E+00  0.14822E+00  0.26058E-01
0.43349E+00  0.14804E+00  0.26214E-01
0.43392E+00  0.13543E+00  0.26610E-01
0.43435E+00  0.11347E+00  0.26453E-01
0.43479E+00  0.14364E+00  0.27204E-01
0.43522E+00  0.16238E+00  0.27428E-01
0.43565E+00  0.16719E+00  0.27936E-01
0.43608E+00  0.16391E+00  0.28076E-01
0.43651E+00  0.13134E+00  0.28366E-01
0.43694E+00  0.17866E+00  0.28788E-01
0.43737E+00  0.15838E+00  0.29545E-01
0.43780E+00  0.13439E+00  0.30224E-01
0.43823E+00  0.12471E+00  0.30023E-01
0.43867E+00  0.89349E-01  0.30332E-01
0.43910E+00  0.13561E+00  0.31099E-01
0.43953E+00  0.20677E+00  0.31680E-01
0.43996E+00  0.15435E+00  0.31857E-01
0.44039E+00  0.13546E+00  0.32629E-01
0.44082E+00  0.90272E-01  0.33438E-01
0.44125E+00  0.91442E-01  0.34036E-01
0.44169E+00  0.12364E+00  0.34386E-01
0.44212E+00  0.13592E+00  0.35486E-01
0.44255E+00  0.16330E+00  0.36313E-01
0.44298E+00  0.13521E+00  0.36916E-01
0.44341E+00  0.12106E+00  0.37254E-01
0.44384E+00  0.16375E+00  0.38295E-01
0.44427E+00  0.12706E+00  0.39034E-01
0.44470E+00  0.12784E+00  0.40015E-01
0.44514E+00  0.15068E+00  0.41720E-01
0.44557E+00  0.16000E+00  0.43364E-01
0.44600E+00  0.13484E+00  0.43909E-01
0.44643E+00  0.15064E+00  0.44906E-01
0.44686E+00  0.11048E+00  0.46316E-01
0.44729E+00  0.10585E+00  0.48395E-01
0.44772E+00  0.13570E+00  0.50327E-01
0.44815E+00  0.11001E+00  0.52521E-01
0.44859E+00  0.15233E+00  0.53988E-01
