# x and average y for the best solution found, chi=0.046679
#  q       exp_intensity   weighted_intensity
0.040430 682.147000 623.343649
0.041040 660.714000 609.098309
0.041650 644.192000 595.156927
0.042260 628.282000 581.349823
0.042870 616.131000 567.723481
0.043470 603.612000 554.585769
0.044080 580.962000 541.350665
0.044690 570.600000 528.426800
0.045300 551.085000 515.684269
0.045910 538.581000 503.129122
0.046510 524.723000 491.104590
0.047120 507.788000 479.011997
0.047730 492.263000 467.221881
0.048340 475.055000 455.650701
0.048950 463.334000 444.253383
0.049550 455.328000 433.400171
0.050160 442.808000 422.503849
0.050770 435.515000 411.902154
0.051380 425.619000 401.549285
0.051990 414.387000 391.347025
0.052590 402.204000 381.698517
0.053200 391.387000 372.025989
0.053810 379.695000 362.620227
0.054420 369.694000 353.485485
0.055030 361.170000 344.492452
0.055630 351.396000 336.010151
0.056240 340.745000 327.537214
0.056850 329.141000 319.296666
0.057460 320.843000 311.338982
0.058070 310.111000 303.515706
0.058670 305.556000 296.140646
0.059280 295.731000 288.809562
0.059890 294.608000 281.675178
0.060500 286.271000 274.822028
0.061110 279.275000 268.091684
0.061710 270.725000 261.744102
0.062320 264.360000 255.462209
0.062930 257.602000 249.335724
0.063540 251.252000 243.487657
0.064150 244.452000 237.750266
0.064750 238.988000 232.331906
0.065360 232.948000 226.994596
0.065970 229.474000 221.776285
0.066580 222.692000 216.821959
0.067190 216.172000 211.963782
0.067790 211.379000 207.364615
0.068400 206.631000 202.854104
0.069010 204.013000 198.434295
0.069620 201.030000 194.249307
0.070230 197.067000 190.150771
0.070830 192.635000 186.259920
0.071440 188.341000 182.459196
0.072050 184.138000 178.734407
0.072660 180.631000 175.189448
0.073270 176.053000 171.727825
0.073870 172.463000 168.426174
0.074480 167.845000 165.208304
0.075090 164.581000 162.052329
0.075700 160.839000 159.036761
0.076310 158.504000 156.099336
0.076910 156.054000 153.284448
0.077520 152.981000 150.544045
0.078130 151.723000 147.852851
0.078740 148.632000 145.265772
0.079350 145.951000 142.748999
0.079950 144.291000 140.324859
0.080560 140.937000 137.966255
0.081170 138.066000 135.645445
0.081780 135.423000 133.397974
0.082390 134.708000 131.211751
0.082990 133.871000 129.095351
0.083600 131.386000 127.030276
0.084210 128.757000 124.994463
0.084820 124.243000 123.011637
0.085430 123.043000 121.080976
0.086030 121.180000 119.206776
0.086640 120.457000 117.365733
0.087250 117.888000 115.550086
0.087860 115.969000 113.771009
0.088470 114.446000 112.037260
0.089070 113.831000 110.350993
0.089680 112.102000 108.681109
0.090290 111.002000 107.033976
0.090900 108.927000 105.411947
0.091510 105.796000 103.826791
0.092110 103.747000 102.282669
0.092720 101.560000 100.748755
0.093330 100.767000 99.233512
0.093940 99.407600 97.734112
0.094550 97.989500 96.266599
0.095150 97.547000 94.834717
0.095760 95.773000 93.403829
0.096370 93.821400 91.992904
0.096980 92.559000 90.594929
0.097590 90.535900 89.224023
0.098190 89.093700 87.885358
0.098800 87.795900 86.543832
0.099410 86.002300 85.220474
0.100020 85.037400 83.906848
0.100630 83.887500 82.618812
0.101230 83.371300 81.361669
0.101840 81.238100 80.099566
0.102450 79.965900 78.856042
0.103060 78.390400 77.621735
0.103670 77.141900 76.411372
0.104270 75.422000 75.231306
0.104880 73.469400 74.044564
0.105490 73.093000 72.877285
0.106100 71.251700 71.718875
0.106710 71.226800 70.581389
0.107310 69.785400 69.475081
0.107920 69.065600 68.362250
0.108530 66.548000 67.270980
0.109140 66.594000 66.189103
0.109750 65.457600 65.127837
0.110350 63.777000 64.098110
0.110960 63.110700 63.061490
0.111570 62.826400 62.047042
0.112180 61.351000 61.041620
0.112790 61.016900 60.054038
0.113390 59.852000 59.098990
0.114000 59.112200 58.136972
0.114610 58.232500 57.200277
0.115220 57.059100 56.272764
0.115830 56.203400 55.361527
0.116430 54.783400 54.484076
0.117040 53.994000 53.601135
0.117650 53.484100 52.740399
0.118260 53.201400 51.890426
0.118870 51.942300 51.054940
0.119470 50.848500 50.252291
0.120080 49.700800 49.444915
0.120690 48.824400 48.659195
0.121300 47.917000 47.885355
0.121910 46.499400 47.123792
0.122510 45.841000 46.395664
0.123120 45.553000 45.663545
0.123730 44.483300 44.949331
0.124340 43.779900 44.248515
0.124950 43.379100 43.558339
0.125550 43.246400 42.898914
0.126160 41.996800 42.235980
0.126770 41.680400 41.589037
0.127380 40.443400 40.955274
0.127990 39.749300 40.329489
0.128590 38.884100 39.734828
0.129200 38.521000 39.136778
0.129810 38.265400 38.551361
0.130420 37.377700 37.979006
0.131030 37.144000 37.413460
0.131630 36.463900 36.874295
0.132240 36.679400 36.333074
0.132850 35.776500 35.802536
0.133460 35.224700 35.285207
0.134070 34.798800 34.773917
0.134670 34.264600 34.284143
0.135280 33.936800 33.793145
0.135890 33.246400 33.310326
0.136500 33.225100 32.839242
0.137110 32.722600 32.373319
0.137710 32.240600 31.926564
0.138320 31.860600 31.478700
0.138930 31.282800 31.036581
0.139540 31.163800 30.605760
0.140150 30.235400 30.179016
0.140750 29.751300 29.767145
0.141360 29.329300 29.354669
0.141970 29.128600 28.946539
0.142580 28.108500 28.547917
0.143190 28.012700 28.152670
0.143790 27.806100 27.770173
0.144400 27.702500 27.387514
0.145010 26.942000 27.008243
0.145620 26.832800 26.636481
0.146230 26.149500 26.267593
0.146830 25.968200 25.909423
0.147440 25.362100 25.550497
0.148050 25.154800 25.194134
0.148660 24.743100 24.843923
0.149270 23.955700 24.497059
0.149870 23.316600 24.160027
0.150480 23.154600 23.821229
0.151090 22.932400 23.484342
0.151700 23.119500 23.152467
0.152310 22.432700 22.823310
0.152910 22.180800 22.502134
0.153520 22.010600 22.180461
0.154130 21.601400 21.860613
0.154740 21.301500 21.544398
0.155350 20.512900 21.230977
0.155950 20.405700 20.924736
0.156560 20.119200 20.617916
0.157170 19.962700 20.312768
0.157780 19.919900 20.010902
0.158390 19.655800 19.712331
0.158990 19.164200 19.420483
0.159600 18.686700 19.127923
0.160210 18.293500 18.837235
0.160820 17.716200 18.549980
0.161430 17.558000 18.265631
0.162030 17.435600 17.987387
0.162640 17.070900 17.709291
0.163250 17.190800 17.433053
0.163860 16.647400 17.159491
0.164470 16.313000 16.889640
0.165070 15.723300 16.625880
0.165680 15.573600 16.362193
0.166290 15.561300 16.100862
0.166900 15.260300 15.842133
0.167510 14.974600 15.587961
0.168110 14.938000 15.339763
0.168720 14.471900 15.091627
0.169330 14.084000 14.846366
0.169940 13.690300 14.603545
0.170550 13.125900 14.365696
0.171150 13.331700 14.133822
0.171760 13.584300 13.902790
0.172370 13.053300 13.674853
0.172980 12.617000 13.448924
0.173590 12.692800 13.228701
0.174190 12.540300 13.014114
0.174800 12.661400 12.799979
0.175410 12.564400 12.589952
0.176020 12.012400 12.382125
0.176630 12.136600 12.180065
0.177230 12.172400 11.983590
0.177840 11.363800 11.787556
0.178450 10.798500 11.596148
0.179060 10.665400 11.407007
0.179670 10.768100 11.223568
0.180270 10.850800 11.045987
0.180880 10.780100 10.868986
0.181490 10.512000 10.696513
0.182100 10.262300 10.526181
0.182710 9.961390 10.361118
0.183310 9.770050 10.201945
0.183920 9.761550 10.043147
0.184530 9.678550 9.889497
0.185140 9.769200 9.737988
0.185750 9.628900 9.591061
0.186350 9.119770 9.449973
0.186960 9.224520 9.309023
0.187570 9.033080 9.173566
0.188180 8.583570 9.040169
0.188790 8.337140 8.910772
0.189390 8.317690 8.786924
0.190000 8.517350 8.662889
0.190610 8.380030 8.544807
0.191220 8.287250 8.428499
0.191830 8.229910 8.315336
0.192430 7.863530 8.207682
0.193040 8.242020 8.100015
0.193650 7.801890 7.996807
0.194260 7.784130 7.895717
0.194870 7.717530 7.797479
0.195470 7.547260 7.704268
0.196080 7.120760 7.611046
0.196690 7.107000 7.521665
0.197300 7.125460 7.434314
0.197910 7.460680 7.349059
0.198510 7.330930 7.268728
0.199120 7.122510 7.188430
0.199730 7.016010 7.111152
0.200340 6.852380 7.035811
0.200950 6.730200 6.962008
0.201550 6.624770 6.892458
0.202160 6.591150 6.822915
0.202770 6.395080 6.755858
0.203380 6.257920 6.690574
0.203990 6.243530 6.626363
0.204590 6.252790 6.565964
0.205200 6.195820 6.505475
0.205810 6.274030 6.446769
0.206420 6.266850 6.389756
0.207030 6.463270 6.333624
0.207630 6.250690 6.280601
0.208240 6.355930 6.227541
0.208850 6.425070 6.175790
0.209460 6.043040 6.125426
0.210070 6.158650 6.075722
0.210670 5.861930 6.028411
0.211280 5.889900 5.981060
0.211890 5.918460 5.934590
0.212500 6.163670 5.889426
0.213110 6.271010 5.844791
0.213710 5.710900 5.801965
0.214320 5.507550 5.759145
0.214930 5.421140 5.716978
0.215540 5.555800 5.675928
0.216150 5.470050 5.635247
0.216750 5.438270 5.595907
0.217360 5.340910 5.556500
0.217970 5.408420 5.517503
0.218580 5.697040 5.479295
0.219190 5.555460 5.441413
0.219790 5.349400 5.404772
0.220400 5.316400 5.368010
0.221010 5.304860 5.331516
0.221620 5.184410 5.295721
0.222230 5.105960 5.260165
0.222830 5.094850 5.225579
0.223440 5.194520 5.190870
0.224050 5.347880 5.156384
0.224660 5.356730 5.122427
0.225270 5.367770 5.088672
0.225870 5.433990 5.055720
0.226480 5.447840 5.022644
0.227090 5.320400 4.989744
0.227700 5.286010 4.957202
0.228310 5.259780 4.924906
0.228910 5.190340 4.893373
0.229520 5.446880 4.861701
0.230130 5.399220 4.830172
0.230740 5.119920 4.798929
0.231350 5.102730 4.768015
0.231950 4.685400 4.737849
0.232560 4.738240 4.707419
0.233170 4.742800 4.677125
0.233780 4.835300 4.647127
0.234390 5.045360 4.617331
0.234990 4.910600 4.588135
0.235600 4.858200 4.558976
0.236210 4.920730 4.529925
0.236820 5.017950 4.501064
0.237430 4.955700 4.472513
0.238030 4.928430 4.444579
0.238640 4.594700 4.416604
0.239250 4.503600 4.388752
0.239860 4.676710 4.361078
0.240470 4.404270 4.333751
0.241070 4.472790 4.307022
0.241680 4.346950 4.280221
0.242290 4.660510 4.253566
0.242900 4.226160 4.227072
0.243510 4.602130 4.200977
0.244110 4.373290 4.175439
0.244720 4.432280 4.149715
0.245330 4.175570 4.124266
0.245940 4.670510 4.099053
0.246550 4.571030 4.074191
0.247150 4.408820 4.049861
0.247760 4.338740 4.025388
0.248370 4.296060 4.001137
0.248980 4.210980 3.977029
0.249590 4.016590 3.953391
0.250190 3.744680 3.930249
0.250800 4.181630 3.906928
0.251410 3.861280 3.883952
0.252020 3.953370 3.861158
0.252630 3.744820 3.838796
0.253230 3.826630 3.816928
0.253840 3.412170 3.794906
0.254450 3.796320 3.773171
0.255060 3.715410 3.751586
0.255670 3.421290 3.730424
0.256270 3.625940 3.709777
0.256880 3.460660 3.688992
0.257490 3.825440 3.668583
0.258100 3.526450 3.648341
0.258710 3.746550 3.628483
0.259310 3.908450 3.609198
0.259920 4.015260 3.589829
0.260530 3.517170 3.570745
0.261140 3.598190 3.551843
0.261750 3.135530 3.533406
0.262350 3.216090 3.515444
0.262960 3.399430 3.497309
0.263570 3.283980 3.479738
0.264180 3.442840 3.462340
0.264790 3.334230 3.445263
0.265390 3.260590 3.428812
0.266000 3.315670 3.412277
0.266610 3.372590 3.396269
0.267220 3.109310 3.380444
0.267830 3.195780 3.364944
0.268430 3.164460 3.350046
0.269040 3.104740 3.335081
0.269650 3.309120 3.320718
0.270260 3.340430 3.306559
0.270870 3.437300 3.292675
0.271470 3.289540 3.279579
0.272080 3.296580 3.266493
0.272690 3.386760 3.253874
0.273300 3.558570 3.241480
0.273910 3.288200 3.229318
0.274510 3.433060 3.218010
0.275120 3.079570 3.206725
0.275730 3.426350 3.195831
0.276340 3.019380 3.185339
0.276950 3.037760 3.175167
0.277550 3.248030 3.165745
0.278160 3.272640 3.156390
0.278770 3.165780 3.147514
0.279380 3.335960 3.139042
0.279990 3.387380 3.130815
0.280590 2.969830 3.123289
0.281200 3.238320 3.115887
0.281810 3.136720 3.108976
0.282420 3.246360 3.102486
0.283030 3.272890 3.096217
0.283630 3.332440 3.090647
0.284240 3.258410 3.085278
0.284850 3.315860 3.080361
0.285460 3.125710 3.075826
0.286070 3.314190 3.071488
0.286670 3.547290 3.067775
0.287280 3.335750 3.064299
0.287890 3.279260 3.061177
0.288500 3.285730 3.058525
0.289110 3.281020 3.056081
0.289710 3.010210 3.054145
0.290320 2.835770 3.052496
0.290930 3.144800 3.051137
0.291540 2.890580 3.050221
0.292150 2.955050 3.049491
0.292750 2.894680 3.049165
0.293360 2.887960 3.049079
0.293970 3.114370 3.049163
0.294580 3.310960 3.049782
0.295190 3.053930 3.050541
0.295790 2.667120 3.051533
0.296400 2.972360 3.052829
0.297010 2.802860 3.054282
0.297620 2.939200 3.056110
0.298230 3.190020 3.058059
0.298830 3.260180 3.060173
0.299440 2.855230 3.062524
0.300050 2.829230 3.064977
0.300660 2.661290 3.067694
0.301270 2.524640 3.070519
0.301870 2.738830 3.073430
0.302480 2.951440 3.076577
0.303090 2.818430 3.079794
0.303700 2.898020 3.083117
0.304310 3.109620 3.086488
0.304910 2.878030 3.089850
0.305520 2.969200 3.093339
0.306130 3.039210 3.096869
0.306740 2.957210 3.100506
0.307350 3.155140 3.104139
0.307950 3.251590 3.107711
0.308560 3.212980 3.111350
0.309170 3.439610 3.114962
0.309780 3.166580 3.118506
0.310390 3.093510 3.122027
0.310990 3.095160 3.125477
0.311600 3.124230 3.128879
0.312210 3.104350 3.132237
0.312820 3.155040 3.135518
0.313430 3.017710 3.138738
0.314030 2.909930 3.141867
0.314640 2.753350 3.144800
0.315250 2.797110 3.147670
0.315860 2.861700 3.150449
0.316470 2.808260 3.153069
0.317070 3.124280 3.155564
0.317680 3.124620 3.157829
0.318290 3.546090 3.160073
0.318900 3.192330 3.162293
0.319510 3.175180 3.164177
0.320110 3.202440 3.165925
0.320720 2.861550 3.167525
0.321330 3.210660 3.168982
0.321940 3.251230 3.170317
0.322550 3.171400 3.171392
0.323150 3.297710 3.172353
0.323760 3.018960 3.173124
0.324370 3.313330 3.173775
0.324980 3.026660 3.174350
0.325590 3.141410 3.174574
0.326190 2.808450 3.174723
0.326800 3.399420 3.174741
0.327410 2.649420 3.174597
