 Merge of: c3befbc15_E6 c3befbc15_E6                                                                                                                                                                                                                            
c3befbc15_E6  Conc = .10E+01  Mult = .10E+01  N1 =    2  N2 =  100  SCALE =  1
c3befbc15_E6  Conc = .10E+01  Mult = .98E+00  N1 =   50  N2 =  513  SCALE =  1
 0.112500E-01  0.117317E+03  0.513689E+01
 0.118580E-01  0.119191E+03  0.400205E+01
 0.124660E-01  0.122362E+03  0.237238E+01
 0.130740E-01  0.120371E+03  0.227946E+01
 0.136820E-01  0.116755E+03  0.146082E+01
 0.142900E-01  0.112507E+03  0.187232E+01
 0.148980E-01  0.110902E+03  0.124732E+01
 0.155060E-01  0.108416E+03  0.144062E+01
 0.161140E-01  0.107955E+03  0.149361E+01
 0.167220E-01  0.109185E+03  0.132472E+01
 0.173300E-01  0.106999E+03  0.129196E+01
 0.179380E-01  0.106588E+03  0.128665E+01
 0.185460E-01  0.104165E+03  0.116556E+01
 0.191550E-01  0.101865E+03  0.114174E+01
 0.197630E-01  0.100281E+03  0.103900E+01
 0.203710E-01  0.988633E+02  0.104101E+01
 0.209790E-01  0.975260E+02  0.122646E+01
 0.215870E-01  0.954030E+02  0.111388E+01
 0.221950E-01  0.935126E+02  0.102691E+01
 0.228030E-01  0.912478E+02  0.844827E+00
 0.234110E-01  0.896408E+02  0.775753E+00
 0.240190E-01  0.883580E+02  0.795448E+00
 0.246270E-01  0.858009E+02  0.753834E+00
 0.252350E-01  0.840226E+02  0.861827E+00
 0.258430E-01  0.809220E+02  0.868082E+00
 0.264520E-01  0.792680E+02  0.767188E+00
 0.270600E-01  0.780683E+02  0.731077E+00
 0.276680E-01  0.758068E+02  0.693612E+00
 0.282760E-01  0.744530E+02  0.679629E+00
 0.288840E-01  0.726225E+02  0.680796E+00
 0.294920E-01  0.706579E+02  0.614079E+00
 0.301000E-01  0.687321E+02  0.724064E+00
 0.307080E-01  0.673747E+02  0.595426E+00
 0.313160E-01  0.656108E+02  0.560939E+00
 0.319240E-01  0.637864E+02  0.583201E+00
 0.325320E-01  0.619360E+02  0.863251E+00
 0.331400E-01  0.594966E+02  0.156774E+01
 0.337480E-01  0.591059E+02  0.816185E+00
 0.343570E-01  0.573606E+02  0.533925E+00
 0.349650E-01  0.558940E+02  0.507763E+00
 0.355730E-01  0.540766E+02  0.547300E+00
 0.361810E-01  0.530280E+02  0.502035E+00
 0.367890E-01  0.512780E+02  0.510801E+00
 0.373970E-01  0.503499E+02  0.517836E+00
 0.380050E-01  0.488209E+02  0.506221E+00
 0.386130E-01  0.474523E+02  0.458633E+00
 0.392210E-01  0.462484E+02  0.521689E+00
 0.398290E-01  0.437810E+02  0.553013E+00
 0.404370E-01  0.432613E+02  0.320495E+00
 0.410450E-01  0.419566E+02  0.280082E+00
 0.416540E-01  0.410610E+02  0.279444E+00
 0.422620E-01  0.393061E+02  0.257360E+00
 0.428700E-01  0.385740E+02  0.278533E+00
 0.434780E-01  0.371152E+02  0.256335E+00
 0.440860E-01  0.358570E+02  0.267332E+00
 0.446940E-01  0.345685E+02  0.240247E+00
 0.453020E-01  0.337479E+02  0.225023E+00
 0.459100E-01  0.326021E+02  0.210195E+00
 0.465180E-01  0.318080E+02  0.204695E+00
 0.471260E-01  0.307373E+02  0.205479E+00
 0.477340E-01  0.296354E+02  0.201354E+00
 0.483420E-01  0.288011E+02  0.197779E+00
 0.489500E-01  0.278945E+02  0.179948E+00
 0.495590E-01  0.270203E+02  0.183006E+00
 0.501670E-01  0.261986E+02  0.167213E+00
 0.507750E-01  0.255391E+02  0.165948E+00
 0.513830E-01  0.245322E+02  0.159824E+00
 0.519910E-01  0.239716E+02  0.161309E+00
 0.525990E-01  0.232156E+02  0.159833E+00
 0.532070E-01  0.225517E+02  0.160796E+00
 0.538150E-01  0.219357E+02  0.157014E+00
 0.544230E-01  0.212221E+02  0.153503E+00
 0.550310E-01  0.205027E+02  0.153188E+00
 0.556390E-01  0.199326E+02  0.149578E+00
 0.562470E-01  0.191257E+02  0.165127E+00
 0.568550E-01  0.185253E+02  0.133824E+00
 0.574630E-01  0.179486E+02  0.134330E+00
 0.580720E-01  0.175731E+02  0.127094E+00
 0.586800E-01  0.171506E+02  0.125650E+00
 0.592880E-01  0.166308E+02  0.121654E+00
 0.598960E-01  0.159464E+02  0.129614E+00
 0.605040E-01  0.154442E+02  0.122374E+00
 0.611120E-01  0.152302E+02  0.122393E+00
 0.617200E-01  0.145309E+02  0.121531E+00
 0.623280E-01  0.142056E+02  0.126478E+00
 0.629360E-01  0.137561E+02  0.117817E+00
 0.635440E-01  0.133092E+02  0.113550E+00
 0.641520E-01  0.128834E+02  0.120632E+00
 0.647600E-01  0.127544E+02  0.117998E+00
 0.653680E-01  0.123553E+02  0.115965E+00
 0.659770E-01  0.120909E+02  0.114287E+00
 0.665850E-01  0.118125E+02  0.113787E+00
 0.671930E-01  0.114615E+02  0.108106E+00
 0.678010E-01  0.110876E+02  0.108508E+00
 0.684090E-01  0.106737E+02  0.106305E+00
 0.690170E-01  0.104825E+02  0.109081E+00
 0.696250E-01  0.101346E+02  0.102557E+00
 0.702330E-01  0.979138E+01  0.104038E+00
 0.708410E-01  0.943936E+01  0.109036E+00
 0.714490E-01  0.938992E+01  0.721525E-01
 0.720570E-01  0.912907E+01  0.681719E-01
 0.726650E-01  0.896774E+01  0.672408E-01
 0.732730E-01  0.872531E+01  0.652846E-01
 0.738810E-01  0.844875E+01  0.670918E-01
 0.744900E-01  0.814879E+01  0.639950E-01
 0.750980E-01  0.800490E+01  0.654218E-01
 0.757060E-01  0.777745E+01  0.692853E-01
 0.763140E-01  0.764032E+01  0.640380E-01
 0.769220E-01  0.743607E+01  0.674567E-01
 0.775300E-01  0.723921E+01  0.640632E-01
 0.781380E-01  0.711955E+01  0.635783E-01
 0.787460E-01  0.696680E+01  0.572293E-01
 0.793540E-01  0.674742E+01  0.577722E-01
 0.799620E-01  0.655577E+01  0.525486E-01
 0.805700E-01  0.642507E+01  0.532748E-01
 0.811780E-01  0.626120E+01  0.540078E-01
 0.817860E-01  0.613616E+01  0.577932E-01
 0.823940E-01  0.592344E+01  0.527605E-01
 0.830020E-01  0.582778E+01  0.518756E-01
 0.836110E-01  0.570971E+01  0.547206E-01
 0.842190E-01  0.560381E+01  0.508863E-01
 0.848270E-01  0.547319E+01  0.533063E-01
 0.854350E-01  0.537392E+01  0.520684E-01
 0.860430E-01  0.525578E+01  0.526146E-01
 0.866510E-01  0.513167E+01  0.531990E-01
 0.872590E-01  0.500143E+01  0.521015E-01
 0.878670E-01  0.483161E+01  0.505608E-01
 0.884750E-01  0.464387E+01  0.517876E-01
 0.890830E-01  0.447803E+01  0.510739E-01
 0.896910E-01  0.437921E+01  0.479599E-01
 0.902990E-01  0.429287E+01  0.513469E-01
 0.909070E-01  0.432426E+01  0.474289E-01
 0.915150E-01  0.423759E+01  0.457842E-01
 0.921230E-01  0.411228E+01  0.456025E-01
 0.927320E-01  0.403449E+01  0.468204E-01
 0.933400E-01  0.392149E+01  0.471735E-01
 0.939480E-01  0.380593E+01  0.512030E-01
 0.945560E-01  0.377355E+01  0.457019E-01
 0.951640E-01  0.375974E+01  0.465105E-01
 0.957720E-01  0.368691E+01  0.469859E-01
 0.963800E-01  0.360535E+01  0.477787E-01
 0.969880E-01  0.353554E+01  0.439517E-01
 0.975960E-01  0.339597E+01  0.459927E-01
 0.982040E-01  0.332978E+01  0.454325E-01
 0.988120E-01  0.329180E+01  0.440214E-01
 0.994200E-01  0.320621E+01  0.436377E-01
 0.100028E+00  0.312711E+01  0.429642E-01
 0.100636E+00  0.315316E+01  0.415096E-01
 0.101244E+00  0.307195E+01  0.432048E-01
 0.101852E+00  0.304388E+01  0.413319E-01
 0.102461E+00  0.298289E+01  0.414509E-01
 0.103069E+00  0.294780E+01  0.431403E-01
 0.103677E+00  0.288347E+01  0.428835E-01
 0.104285E+00  0.277280E+01  0.432739E-01
 0.104893E+00  0.277345E+01  0.401893E-01
 0.105501E+00  0.271215E+01  0.424184E-01
 0.106109E+00  0.261878E+01  0.402427E-01
 0.106717E+00  0.265947E+01  0.412940E-01
 0.107325E+00  0.260547E+01  0.375256E-01
 0.107933E+00  0.266094E+01  0.365047E-01
 0.108541E+00  0.260445E+01  0.387842E-01
 0.109149E+00  0.258156E+01  0.380089E-01
 0.109757E+00  0.253623E+01  0.392261E-01
 0.110365E+00  0.250765E+01  0.393671E-01
 0.110973E+00  0.249425E+01  0.382458E-01
 0.111581E+00  0.240189E+01  0.378279E-01
 0.112189E+00  0.238737E+01  0.416453E-01
 0.112798E+00  0.235620E+01  0.402894E-01
 0.113406E+00  0.228803E+01  0.391409E-01
 0.114014E+00  0.227122E+01  0.369327E-01
 0.114622E+00  0.224029E+01  0.368572E-01
 0.115230E+00  0.221316E+01  0.367177E-01
 0.115838E+00  0.213701E+01  0.386066E-01
 0.116446E+00  0.214216E+01  0.370301E-01
 0.117054E+00  0.216151E+01  0.372943E-01
 0.117662E+00  0.210159E+01  0.366748E-01
 0.118270E+00  0.206508E+01  0.382018E-01
 0.118878E+00  0.202943E+01  0.486532E-01
 0.119486E+00  0.198706E+01  0.447931E-01
 0.120094E+00  0.198993E+01  0.606134E-01
 0.120702E+00  0.193492E+01  0.431951E-01
 0.121310E+00  0.188770E+01  0.377132E-01
 0.121918E+00  0.189388E+01  0.383137E-01
 0.122526E+00  0.189549E+01  0.399624E-01
 0.123134E+00  0.186342E+01  0.380708E-01
 0.123742E+00  0.185565E+01  0.368890E-01
 0.124351E+00  0.180216E+01  0.358014E-01
 0.124959E+00  0.182084E+01  0.357030E-01
 0.125567E+00  0.174271E+01  0.360296E-01
 0.126175E+00  0.170702E+01  0.355382E-01
 0.126783E+00  0.173275E+01  0.359991E-01
 0.127391E+00  0.170769E+01  0.374371E-01
 0.127999E+00  0.170282E+01  0.363161E-01
 0.128607E+00  0.167011E+01  0.354637E-01
 0.129215E+00  0.159250E+01  0.341106E-01
 0.129823E+00  0.155069E+01  0.344418E-01
 0.130431E+00  0.155010E+01  0.364678E-01
 0.131039E+00  0.156393E+01  0.365327E-01
 0.131647E+00  0.154761E+01  0.357466E-01
 0.132255E+00  0.154442E+01  0.354728E-01
 0.132863E+00  0.153452E+01  0.349995E-01
 0.133471E+00  0.146342E+01  0.351039E-01
 0.134079E+00  0.143345E+01  0.369502E-01
 0.134687E+00  0.138146E+01  0.369834E-01
 0.135295E+00  0.135760E+01  0.348703E-01
 0.135903E+00  0.131092E+01  0.358927E-01
 0.136511E+00  0.131095E+01  0.363342E-01
 0.137119E+00  0.128736E+01  0.356103E-01
 0.137728E+00  0.128771E+01  0.359197E-01
 0.138336E+00  0.124094E+01  0.352548E-01
 0.138944E+00  0.124471E+01  0.358776E-01
 0.139552E+00  0.123677E+01  0.359132E-01
 0.140160E+00  0.121745E+01  0.353927E-01
 0.140768E+00  0.120669E+01  0.348947E-01
 0.141376E+00  0.117469E+01  0.360305E-01
 0.141984E+00  0.114294E+01  0.329829E-01
 0.142592E+00  0.114621E+01  0.342172E-01
 0.143200E+00  0.111110E+01  0.334956E-01
 0.143808E+00  0.102716E+01  0.365745E-01
 0.144416E+00  0.100874E+01  0.348979E-01
 0.145024E+00  0.965709E+00  0.355868E-01
 0.145632E+00  0.968809E+00  0.347903E-01
 0.146240E+00  0.924208E+00  0.345583E-01
 0.146848E+00  0.928477E+00  0.330635E-01
 0.147456E+00  0.931409E+00  0.328741E-01
 0.148064E+00  0.930093E+00  0.327708E-01
 0.148672E+00  0.903840E+00  0.333530E-01
 0.149280E+00  0.916290E+00  0.341193E-01
 0.149888E+00  0.876630E+00  0.324263E-01
 0.150496E+00  0.836974E+00  0.327882E-01
 0.151104E+00  0.808013E+00  0.322308E-01
 0.151712E+00  0.759114E+00  0.313725E-01
 0.152320E+00  0.739977E+00  0.308367E-01
 0.152928E+00  0.749992E+00  0.310537E-01
 0.153537E+00  0.756487E+00  0.323062E-01
 0.154145E+00  0.771726E+00  0.318083E-01
 0.154753E+00  0.787233E+00  0.313302E-01
 0.155361E+00  0.719719E+00  0.302741E-01
 0.155969E+00  0.715922E+00  0.306442E-01
 0.156577E+00  0.699774E+00  0.316725E-01
 0.157185E+00  0.672856E+00  0.322617E-01
 0.157793E+00  0.684003E+00  0.324320E-01
 0.158401E+00  0.622489E+00  0.324013E-01
 0.159009E+00  0.637053E+00  0.365824E-01
 0.159617E+00  0.595722E+00  0.658093E-01
 0.160225E+00  0.541315E+00  0.855007E-01
 0.160833E+00  0.550544E+00  0.438874E-01
 0.161441E+00  0.575313E+00  0.324186E-01
 0.162049E+00  0.613156E+00  0.319316E-01
 0.162657E+00  0.591986E+00  0.301601E-01
 0.163265E+00  0.585839E+00  0.314510E-01
 0.163873E+00  0.549500E+00  0.326427E-01
 0.164481E+00  0.521781E+00  0.325111E-01
 0.165089E+00  0.525129E+00  0.345209E-01
 0.165697E+00  0.559329E+00  0.311721E-01
 0.166305E+00  0.547262E+00  0.312321E-01
 0.166913E+00  0.524074E+00  0.312920E-01
 0.167521E+00  0.509296E+00  0.299181E-01
 0.168129E+00  0.479485E+00  0.303196E-01
 0.168737E+00  0.457343E+00  0.297274E-01
 0.169345E+00  0.424023E+00  0.316982E-01
 0.169953E+00  0.421238E+00  0.307140E-01
 0.170561E+00  0.455452E+00  0.307612E-01
 0.171169E+00  0.424460E+00  0.300710E-01
 0.171777E+00  0.453760E+00  0.282994E-01
 0.172385E+00  0.432152E+00  0.298834E-01
 0.172993E+00  0.428636E+00  0.297522E-01
 0.173601E+00  0.427928E+00  0.310216E-01
 0.174209E+00  0.407115E+00  0.302702E-01
 0.174817E+00  0.373352E+00  0.301720E-01
 0.175425E+00  0.406170E+00  0.298751E-01
 0.176033E+00  0.350981E+00  0.297098E-01
 0.176641E+00  0.374327E+00  0.300041E-01
 0.177250E+00  0.405570E+00  0.302415E-01
 0.177858E+00  0.384418E+00  0.297845E-01
 0.178466E+00  0.349715E+00  0.308096E-01
 0.179074E+00  0.323358E+00  0.293902E-01
 0.179682E+00  0.289600E+00  0.293075E-01
 0.180290E+00  0.289266E+00  0.287232E-01
 0.180898E+00  0.298166E+00  0.302289E-01
 0.181506E+00  0.326300E+00  0.287191E-01
 0.182114E+00  0.335952E+00  0.292690E-01
 0.182722E+00  0.347175E+00  0.291693E-01
 0.183330E+00  0.381652E+00  0.295358E-01
 0.183938E+00  0.331299E+00  0.311876E-01
 0.184546E+00  0.358989E+00  0.296923E-01
 0.185154E+00  0.334700E+00  0.310369E-01
 0.185762E+00  0.308018E+00  0.297819E-01
 0.186370E+00  0.323122E+00  0.287069E-01
 0.186978E+00  0.296292E+00  0.280925E-01
 0.187586E+00  0.266892E+00  0.277618E-01
 0.188194E+00  0.264365E+00  0.284663E-01
 0.188802E+00  0.246575E+00  0.296709E-01
 0.189410E+00  0.223304E+00  0.286851E-01
 0.190018E+00  0.253492E+00  0.286778E-01
 0.190626E+00  0.242092E+00  0.273489E-01
 0.191234E+00  0.246031E+00  0.278063E-01
 0.191842E+00  0.243210E+00  0.283052E-01
 0.192450E+00  0.248479E+00  0.285197E-01
 0.193058E+00  0.233765E+00  0.265718E-01
 0.193666E+00  0.221694E+00  0.273447E-01
 0.194274E+00  0.243312E+00  0.273858E-01
 0.194882E+00  0.255370E+00  0.278305E-01
 0.195490E+00  0.280538E+00  0.282130E-01
 0.196098E+00  0.264351E+00  0.285674E-01
 0.196706E+00  0.275015E+00  0.299386E-01
 0.197314E+00  0.304198E+00  0.275836E-01
 0.197922E+00  0.294242E+00  0.289746E-01
 0.198530E+00  0.293269E+00  0.281800E-01
 0.199138E+00  0.269546E+00  0.276642E-01
 0.199746E+00  0.261654E+00  0.265243E-01
 0.200354E+00  0.300284E+00  0.257432E-01
 0.200962E+00  0.255166E+00  0.259002E-01
 0.201570E+00  0.281395E+00  0.269023E-01
 0.202178E+00  0.235476E+00  0.272181E-01
 0.202786E+00  0.256329E+00  0.270738E-01
 0.203394E+00  0.224301E+00  0.272835E-01
 0.204002E+00  0.240355E+00  0.273882E-01
 0.204610E+00  0.217922E+00  0.264551E-01
 0.205218E+00  0.230122E+00  0.271439E-01
 0.205826E+00  0.252534E+00  0.284120E-01
 0.206434E+00  0.234535E+00  0.271839E-01
 0.207042E+00  0.275043E+00  0.254850E-01
 0.207650E+00  0.265620E+00  0.256772E-01
 0.208258E+00  0.242660E+00  0.268894E-01
 0.208866E+00  0.231631E+00  0.270334E-01
 0.209474E+00  0.261308E+00  0.274307E-01
 0.210082E+00  0.258721E+00  0.263278E-01
 0.210690E+00  0.247073E+00  0.264463E-01
 0.211298E+00  0.258738E+00  0.274359E-01
 0.211906E+00  0.272465E+00  0.274216E-01
 0.212514E+00  0.298878E+00  0.265012E-01
 0.213122E+00  0.243820E+00  0.259595E-01
 0.213730E+00  0.217589E+00  0.250560E-01
 0.214338E+00  0.236750E+00  0.252730E-01
 0.214946E+00  0.223652E+00  0.266594E-01
 0.215554E+00  0.217974E+00  0.270032E-01
 0.216162E+00  0.225729E+00  0.277498E-01
 0.216770E+00  0.206443E+00  0.259055E-01
 0.217378E+00  0.214227E+00  0.255411E-01
 0.217986E+00  0.202602E+00  0.266208E-01
 0.218594E+00  0.238937E+00  0.264433E-01
 0.219202E+00  0.226212E+00  0.254899E-01
 0.219810E+00  0.244855E+00  0.255189E-01
 0.220418E+00  0.263973E+00  0.264189E-01
 0.221025E+00  0.227586E+00  0.265042E-01
 0.221633E+00  0.213030E+00  0.258926E-01
 0.222241E+00  0.203265E+00  0.252918E-01
 0.222849E+00  0.180702E+00  0.265216E-01
 0.223457E+00  0.193066E+00  0.260107E-01
 0.224065E+00  0.184284E+00  0.262800E-01
 0.224673E+00  0.210579E+00  0.266596E-01
 0.225281E+00  0.209721E+00  0.255006E-01
 0.225889E+00  0.196319E+00  0.265970E-01
 0.226497E+00  0.188666E+00  0.251930E-01
 0.227105E+00  0.175441E+00  0.239338E-01
 0.227713E+00  0.207378E+00  0.245990E-01
 0.228321E+00  0.211579E+00  0.255494E-01
 0.228929E+00  0.228467E+00  0.246423E-01
 0.229537E+00  0.233737E+00  0.246622E-01
 0.230145E+00  0.235474E+00  0.253750E-01
 0.230753E+00  0.245010E+00  0.268644E-01
 0.231361E+00  0.212112E+00  0.248321E-01
 0.231969E+00  0.180577E+00  0.264692E-01
 0.232577E+00  0.152077E+00  0.330582E-01
 0.233185E+00  0.182285E+00  0.274259E-01
 0.233793E+00  0.172417E+00  0.250102E-01
 0.234401E+00  0.199074E+00  0.246246E-01
 0.235009E+00  0.166816E+00  0.236680E-01
 0.235617E+00  0.173819E+00  0.235267E-01
 0.236225E+00  0.154754E+00  0.235001E-01
 0.236833E+00  0.165280E+00  0.239088E-01
 0.237441E+00  0.179932E+00  0.244705E-01
 0.238049E+00  0.181280E+00  0.249617E-01
 0.238657E+00  0.191870E+00  0.245192E-01
 0.239265E+00  0.171718E+00  0.243317E-01
 0.239873E+00  0.175061E+00  0.243127E-01
 0.240481E+00  0.161916E+00  0.239982E-01
 0.241089E+00  0.157477E+00  0.239543E-01
 0.241697E+00  0.159220E+00  0.246213E-01
 0.242304E+00  0.149741E+00  0.260023E-01
 0.242912E+00  0.169285E+00  0.243016E-01
 0.243520E+00  0.131654E+00  0.246433E-01
 0.244128E+00  0.151970E+00  0.242160E-01
 0.244736E+00  0.160562E+00  0.235193E-01
 0.245344E+00  0.151053E+00  0.223476E-01
 0.245952E+00  0.121226E+00  0.233015E-01
 0.246560E+00  0.155552E+00  0.238737E-01
 0.247168E+00  0.137710E+00  0.238966E-01
 0.247776E+00  0.143933E+00  0.241243E-01
 0.248384E+00  0.135433E+00  0.242054E-01
 0.248992E+00  0.179665E+00  0.237368E-01
 0.249600E+00  0.150962E+00  0.242581E-01
 0.250208E+00  0.162056E+00  0.238083E-01
 0.250816E+00  0.130971E+00  0.240388E-01
 0.251424E+00  0.157117E+00  0.246032E-01
 0.252032E+00  0.146499E+00  0.233231E-01
 0.252640E+00  0.146665E+00  0.229786E-01
 0.253248E+00  0.142918E+00  0.232675E-01
 0.253856E+00  0.150932E+00  0.236343E-01
 0.254464E+00  0.140233E+00  0.232549E-01
 0.255072E+00  0.148013E+00  0.235988E-01
 0.255679E+00  0.151831E+00  0.240555E-01
 0.256287E+00  0.133730E+00  0.256078E-01
 0.256895E+00  0.165572E+00  0.241403E-01
 0.257503E+00  0.149781E+00  0.266865E-01
 0.258111E+00  0.160267E+00  0.231035E-01
 0.258719E+00  0.136802E+00  0.224920E-01
 0.259327E+00  0.841661E-01  0.243959E-01
 0.259935E+00  0.852648E-01  0.234468E-01
 0.260543E+00  0.754345E-01  0.224626E-01
 0.261151E+00  0.958607E-01  0.225730E-01
 0.261759E+00  0.110267E+00  0.226805E-01
 0.262367E+00  0.103739E+00  0.238589E-01
 0.262975E+00  0.104546E+00  0.237918E-01
 0.263583E+00  0.130444E+00  0.231435E-01
 0.264191E+00  0.130559E+00  0.228342E-01
 0.264799E+00  0.126636E+00  0.231313E-01
 0.265407E+00  0.129309E+00  0.235781E-01
 0.266014E+00  0.109140E+00  0.233970E-01
 0.266622E+00  0.101909E+00  0.231176E-01
 0.267230E+00  0.132728E+00  0.225846E-01
 0.267838E+00  0.140672E+00  0.230029E-01
 0.268446E+00  0.129001E+00  0.220519E-01
 0.269054E+00  0.126339E+00  0.227213E-01
 0.269662E+00  0.122833E+00  0.221138E-01
 0.270270E+00  0.118056E+00  0.214500E-01
 0.270878E+00  0.663070E-01  0.211212E-01
 0.271486E+00  0.741887E-01  0.211975E-01
 0.272094E+00  0.761470E-01  0.224414E-01
 0.272702E+00  0.101394E+00  0.222661E-01
 0.273310E+00  0.129592E+00  0.223176E-01
 0.273918E+00  0.125128E+00  0.219577E-01
 0.274526E+00  0.115064E+00  0.217675E-01
 0.275133E+00  0.996016E-01  0.231004E-01
 0.275741E+00  0.114346E+00  0.223538E-01
 0.276349E+00  0.123353E+00  0.213423E-01
 0.276957E+00  0.830439E-01  0.219250E-01
 0.277565E+00  0.101509E+00  0.217901E-01
 0.278173E+00  0.739485E-01  0.218843E-01
 0.278781E+00  0.927663E-01  0.216234E-01
 0.279389E+00  0.117435E+00  0.218604E-01
 0.279997E+00  0.132208E+00  0.210263E-01
 0.280605E+00  0.132024E+00  0.214533E-01
 0.281213E+00  0.111245E+00  0.217294E-01
 0.281821E+00  0.114165E+00  0.213424E-01
 0.282429E+00  0.939292E-01  0.210024E-01
 0.283036E+00  0.788093E-01  0.213513E-01
 0.283644E+00  0.104357E+00  0.202846E-01
 0.284252E+00  0.734953E-01  0.212613E-01
 0.284860E+00  0.751970E-01  0.212281E-01
 0.285468E+00  0.695585E-01  0.211647E-01
 0.286076E+00  0.738458E-01  0.213661E-01
 0.286684E+00  0.772739E-01  0.215989E-01
 0.287292E+00  0.625906E-01  0.212043E-01
 0.287900E+00  0.645543E-01  0.217306E-01
 0.288508E+00  0.804538E-01  0.211198E-01
 0.289116E+00  0.976640E-01  0.208501E-01
 0.289723E+00  0.743542E-01  0.205970E-01
 0.290331E+00  0.705518E-01  0.212083E-01
 0.290939E+00  0.492543E-01  0.207768E-01
 0.291547E+00  0.480329E-01  0.211999E-01
 0.292155E+00  0.731276E-01  0.210215E-01
 0.292763E+00  0.937484E-01  0.205337E-01
 0.293371E+00  0.114355E+00  0.211858E-01
 0.293979E+00  0.119906E+00  0.205247E-01
 0.294587E+00  0.887473E-01  0.200038E-01
 0.295195E+00  0.109818E+00  0.197704E-01
 0.295803E+00  0.968309E-01  0.202449E-01
 0.296410E+00  0.591417E-01  0.200585E-01
 0.297018E+00  0.720145E-01  0.200688E-01
 0.297626E+00  0.407170E-01  0.198456E-01
 0.298234E+00  0.542877E-01  0.197279E-01
 0.298842E+00  0.676910E-01  0.191376E-01
 0.299450E+00  0.717530E-01  0.206755E-01
 0.300058E+00  0.994671E-01  0.220960E-01
 0.300666E+00  0.111430E+00  0.239820E-01
 0.301274E+00  0.929210E-01  0.208617E-01
 0.301881E+00  0.998670E-01  0.199368E-01
 0.302489E+00  0.772414E-01  0.203281E-01
 0.303097E+00  0.920519E-01  0.191621E-01
 0.303705E+00  0.790996E-01  0.190099E-01
 0.304313E+00  0.913582E-01  0.186749E-01
 0.304921E+00  0.503451E-01  0.197349E-01
 0.305529E+00  0.698304E-01  0.197627E-01
 0.306137E+00  0.688952E-01  0.202589E-01
 0.306745E+00  0.644868E-01  0.200701E-01
 0.307353E+00  0.602050E-01  0.198843E-01
 0.307960E+00  0.788639E-01  0.188858E-01
 0.308568E+00  0.772104E-01  0.195730E-01
 0.309176E+00  0.864603E-01  0.193909E-01
 0.309784E+00  0.696106E-01  0.200200E-01
 0.310392E+00  0.538803E-01  0.190693E-01
 0.311000E+00  0.326868E-01  0.186343E-01
 0.311608E+00  0.543816E-01  0.191154E-01
 0.312216E+00  0.593007E-01  0.183180E-01
 0.312823E+00  0.667673E-01  0.184469E-01
 0.313431E+00  0.645555E-01  0.184768E-01
 0.314039E+00  0.670172E-01  0.185157E-01
 0.314647E+00  0.759241E-01  0.182169E-01
 0.315255E+00  0.830622E-01  0.188479E-01
 0.315863E+00  0.830812E-01  0.203609E-01
 0.316471E+00  0.893856E-01  0.221156E-01
 0.317079E+00  0.863124E-01  0.242481E-01
 0.317686E+00  0.111909E+00  0.247624E-01
 0.318294E+00  0.955805E-01  0.248484E-01
 0.318902E+00  0.105631E+00  0.271623E-01
 0.319510E+00  0.106393E+00  0.273023E-01
 0.320118E+00  0.928865E-01  0.323077E-01
 0.320726E+00  0.815352E-01  0.473761E-01
 0.321334E+00  0.123617E+00  0.508536E-01
---------\\.psf\Home\Documents\SAXS_sibyls\geisbrecht\c3b_efbc_newexperiment2010\c3befbc15_E6_1.mccd.dat-------------------
---------\\.psf\Home\Documents\SAXS_sibyls\geisbrecht\c3b_efbc_newexperiment2010\c3befbc15_E6_2.mccd.dat-------------------
