0.1308E-01 0.4471E+03
0.1368E-01 0.4565E+03
0.1429E-01 0.4362E+03
0.1490E-01 0.4400E+03
0.1551E-01 0.4304E+03
0.1612E-01 0.4298E+03
0.1672E-01 0.4225E+03
0.1733E-01 0.4173E+03
0.1794E-01 0.4262E+03
0.1855E-01 0.4162E+03
0.1916E-01 0.4201E+03
0.1976E-01 0.4042E+03
0.2037E-01 0.4106E+03
0.2098E-01 0.3975E+03
0.2159E-01 0.3986E+03
0.2220E-01 0.3934E+03
0.2281E-01 0.3909E+03
0.2341E-01 0.3890E+03
0.2402E-01 0.3848E+03
0.2463E-01 0.3769E+03
0.2524E-01 0.3758E+03
0.2585E-01 0.3700E+03
0.2645E-01 0.3667E+03
0.2706E-01 0.3609E+03
0.2767E-01 0.3587E+03
0.2828E-01 0.3497E+03
0.2889E-01 0.3468E+03
0.2949E-01 0.3445E+03
0.3010E-01 0.3354E+03
0.3071E-01 0.3350E+03
0.3132E-01 0.3278E+03
0.3193E-01 0.3235E+03
0.3254E-01 0.3179E+03
0.3314E-01 0.3130E+03
0.3375E-01 0.3062E+03
0.3436E-01 0.3025E+03
0.3497E-01 0.2957E+03
0.3558E-01 0.2937E+03
0.3618E-01 0.2882E+03
0.3679E-01 0.2832E+03
0.3740E-01 0.2802E+03
0.3801E-01 0.2740E+03
0.3862E-01 0.2708E+03
0.3922E-01 0.2666E+03
0.3983E-01 0.2603E+03
0.4044E-01 0.2543E+03
0.4105E-01 0.2501E+03
0.4166E-01 0.2444E+03
0.4227E-01 0.2415E+03
0.4287E-01 0.2360E+03
0.4348E-01 0.2320E+03
0.4409E-01 0.2275E+03
0.4470E-01 0.2228E+03
0.4531E-01 0.2177E+03
0.4591E-01 0.2138E+03
0.4652E-01 0.2099E+03
0.4713E-01 0.2056E+03
0.4774E-01 0.2004E+03
0.4835E-01 0.1954E+03
0.4895E-01 0.1925E+03
0.4956E-01 0.1861E+03
0.5017E-01 0.1851E+03
0.5078E-01 0.1786E+03
0.5139E-01 0.1756E+03
0.5200E-01 0.1713E+03
0.5260E-01 0.1691E+03
0.5321E-01 0.1622E+03
0.5382E-01 0.1602E+03
0.5443E-01 0.1542E+03
0.5504E-01 0.1524E+03
0.5564E-01 0.1479E+03
0.5625E-01 0.1454E+03
0.5686E-01 0.1404E+03
0.5747E-01 0.1369E+03
0.5808E-01 0.1328E+03
0.5868E-01 0.1293E+03
0.5929E-01 0.1273E+03
0.5990E-01 0.1224E+03
0.6051E-01 0.1207E+03
0.6112E-01 0.1170E+03
0.6173E-01 0.1146E+03
0.6233E-01 0.1096E+03
0.6294E-01 0.1075E+03
0.6355E-01 0.1033E+03
0.6416E-01 0.1008E+03
0.6477E-01 0.9869E+02
0.6537E-01 0.9584E+02
0.6598E-01 0.9249E+02
0.6659E-01 0.9012E+02
0.6720E-01 0.8778E+02
0.6781E-01 0.8483E+02
0.6841E-01 0.8224E+02
0.6902E-01 0.7926E+02
0.6963E-01 0.7680E+02
0.7024E-01 0.7483E+02
0.7085E-01 0.7286E+02
0.7146E-01 0.7084E+02
0.7206E-01 0.6801E+02
0.7267E-01 0.6615E+02
0.7328E-01 0.6408E+02
0.7389E-01 0.6182E+02
0.7450E-01 0.5987E+02
0.7510E-01 0.5799E+02
0.7571E-01 0.5657E+02
0.7632E-01 0.5500E+02
0.7693E-01 0.5339E+02
0.7754E-01 0.5169E+02
0.7814E-01 0.4960E+02
0.7875E-01 0.4815E+02
0.7936E-01 0.4694E+02
0.7997E-01 0.4510E+02
0.8058E-01 0.4376E+02
0.8119E-01 0.4264E+02
0.8179E-01 0.4089E+02
0.8240E-01 0.4022E+02
0.8301E-01 0.3854E+02
0.8362E-01 0.3775E+02
0.8423E-01 0.3622E+02
0.8483E-01 0.3552E+02
0.8544E-01 0.3412E+02
0.8605E-01 0.3271E+02
0.8666E-01 0.3184E+02
0.8727E-01 0.3082E+02
0.8787E-01 0.3022E+02
0.8848E-01 0.2923E+02
0.8909E-01 0.2837E+02
0.8970E-01 0.2732E+02
0.9031E-01 0.2674E+02
0.9091E-01 0.2613E+02
0.9152E-01 0.2533E+02
0.9213E-01 0.2487E+02
0.9274E-01 0.2402E+02
0.9335E-01 0.2332E+02
0.9396E-01 0.2269E+02
0.9456E-01 0.2229E+02
0.9517E-01 0.2179E+02
0.9578E-01 0.2103E+02
0.9639E-01 0.2058E+02
0.9700E-01 0.2007E+02
0.9760E-01 0.1966E+02
0.9821E-01 0.1925E+02
0.9882E-01 0.1884E+02
0.9943E-01 0.1832E+02
0.1000E+00 0.1794E+02
0.1006E+00 0.1787E+02
0.1013E+00 0.1740E+02
0.1019E+00 0.1730E+02
0.1025E+00 0.1672E+02
0.1031E+00 0.1673E+02
0.1037E+00 0.1609E+02
0.1043E+00 0.1622E+02
0.1049E+00 0.1579E+02
0.1055E+00 0.1560E+02
0.1061E+00 0.1554E+02
0.1067E+00 0.1514E+02
0.1073E+00 0.1508E+02
0.1079E+00 0.1485E+02
0.1086E+00 0.1486E+02
0.1092E+00 0.1485E+02
0.1098E+00 0.1479E+02
0.1104E+00 0.1441E+02
0.1110E+00 0.1423E+02
0.1116E+00 0.1422E+02
0.1122E+00 0.1420E+02
0.1128E+00 0.1386E+02
0.1134E+00 0.1402E+02
0.1140E+00 0.1382E+02
0.1146E+00 0.1391E+02
0.1152E+00 0.1366E+02
0.1158E+00 0.1366E+02
0.1165E+00 0.1358E+02
0.1171E+00 0.1338E+02
0.1177E+00 0.1338E+02
0.1183E+00 0.1327E+02
0.1189E+00 0.1335E+02
0.1195E+00 0.1321E+02
0.1201E+00 0.1320E+02
0.1207E+00 0.1307E+02
0.1213E+00 0.1297E+02
0.1219E+00 0.1301E+02
0.1225E+00 0.1288E+02
0.1231E+00 0.1286E+02
0.1238E+00 0.1275E+02
0.1244E+00 0.1283E+02
0.1250E+00 0.1261E+02
0.1256E+00 0.1275E+02
0.1262E+00 0.1247E+02
0.1268E+00 0.1270E+02
0.1274E+00 0.1251E+02
0.1280E+00 0.1252E+02
0.1286E+00 0.1252E+02
0.1292E+00 0.1233E+02
0.1298E+00 0.1224E+02
0.1304E+00 0.1208E+02
0.1310E+00 0.1209E+02
0.1317E+00 0.1191E+02
0.1323E+00 0.1188E+02
0.1329E+00 0.1207E+02
0.1335E+00 0.1185E+02
0.1341E+00 0.1194E+02
0.1347E+00 0.1185E+02
0.1353E+00 0.1174E+02
0.1359E+00 0.1179E+02
0.1365E+00 0.1173E+02
0.1371E+00 0.1147E+02
0.1377E+00 0.1160E+02
0.1383E+00 0.1135E+02
0.1390E+00 0.1125E+02
0.1396E+00 0.1115E+02
0.1402E+00 0.1093E+02
0.1408E+00 0.1082E+02
0.1414E+00 0.1083E+02
0.1420E+00 0.1081E+02
0.1426E+00 0.1067E+02
0.1432E+00 0.1061E+02
0.1438E+00 0.1053E+02
0.1444E+00 0.1026E+02
0.1450E+00 0.1041E+02
0.1456E+00 0.1020E+02
0.1463E+00 0.1009E+02
0.1469E+00 0.9904E+01
0.1475E+00 0.9803E+01
0.1481E+00 0.9603E+01
0.1487E+00 0.9456E+01
0.1493E+00 0.9409E+01
0.1499E+00 0.9343E+01
0.1505E+00 0.9357E+01
0.1511E+00 0.9230E+01
0.1517E+00 0.9014E+01
0.1523E+00 0.8869E+01
0.1529E+00 0.8830E+01
0.1535E+00 0.8643E+01
0.1542E+00 0.8648E+01
0.1548E+00 0.8333E+01
0.1554E+00 0.8240E+01
0.1560E+00 0.8065E+01
0.1566E+00 0.7942E+01
0.1572E+00 0.7815E+01
0.1578E+00 0.7730E+01
0.1584E+00 0.7846E+01
0.1590E+00 0.7460E+01
0.1596E+00 0.7439E+01
0.1602E+00 0.7241E+01
0.1608E+00 0.7205E+01
0.1615E+00 0.7113E+01
0.1621E+00 0.7090E+01
0.1627E+00 0.6798E+01
0.1633E+00 0.6687E+01
0.1639E+00 0.6627E+01
0.1645E+00 0.6625E+01
0.1651E+00 0.6577E+01
0.1657E+00 0.6517E+01
0.1663E+00 0.6358E+01
0.1669E+00 0.6216E+01
0.1675E+00 0.6166E+01
0.1681E+00 0.6052E+01
0.1688E+00 0.5866E+01
0.1694E+00 0.5867E+01
0.1700E+00 0.5644E+01
0.1706E+00 0.5614E+01
0.1712E+00 0.5402E+01
0.1718E+00 0.5364E+01
0.1724E+00 0.5348E+01
0.1730E+00 0.5142E+01
0.1736E+00 0.5110E+01
0.1742E+00 0.4952E+01
0.1748E+00 0.5040E+01
0.1754E+00 0.4803E+01
0.1760E+00 0.4746E+01
0.1767E+00 0.4722E+01
0.1773E+00 0.4714E+01
0.1779E+00 0.4577E+01
0.1785E+00 0.4472E+01
0.1791E+00 0.4374E+01
0.1797E+00 0.4336E+01
0.1803E+00 0.4164E+01
0.1809E+00 0.4125E+01
0.1815E+00 0.4181E+01
0.1821E+00 0.4198E+01
0.1827E+00 0.4130E+01
0.1833E+00 0.3902E+01
0.1840E+00 0.4000E+01
0.1846E+00 0.3926E+01
0.1852E+00 0.3787E+01
0.1858E+00 0.3809E+01
0.1864E+00 0.3665E+01
0.1870E+00 0.3726E+01
0.1876E+00 0.3602E+01
0.1882E+00 0.3543E+01
0.1888E+00 0.3569E+01
0.1894E+00 0.3498E+01
0.1900E+00 0.3467E+01
0.1906E+00 0.3317E+01
0.1912E+00 0.3241E+01
0.1919E+00 0.3344E+01
0.1925E+00 0.3327E+01
0.1931E+00 0.3254E+01
0.1937E+00 0.3392E+01
0.1943E+00 0.3075E+01
0.1949E+00 0.3104E+01
0.1955E+00 0.3089E+01
0.1961E+00 0.2956E+01
0.1967E+00 0.3012E+01
0.1973E+00 0.2876E+01
0.1979E+00 0.3036E+01
0.1985E+00 0.2890E+01
0.1992E+00 0.3037E+01
0.1998E+00 0.3041E+01
0.2004E+00 0.2975E+01
0.2010E+00 0.2897E+01
0.2016E+00 0.2865E+01
0.2022E+00 0.2819E+01
0.2028E+00 0.2814E+01
0.2034E+00 0.2818E+01
0.2040E+00 0.2717E+01
0.2046E+00 0.2727E+01
0.2052E+00 0.2665E+01
0.2058E+00 0.2762E+01
0.2065E+00 0.2762E+01
0.2071E+00 0.2602E+01
0.2077E+00 0.2561E+01
0.2083E+00 0.2553E+01
0.2089E+00 0.2423E+01
0.2095E+00 0.2533E+01
0.2101E+00 0.2322E+01
0.2107E+00 0.2582E+01
0.2113E+00 0.2449E+01
0.2119E+00 0.2451E+01
0.2125E+00 0.2371E+01
0.2131E+00 0.2348E+01
0.2137E+00 0.2365E+01
0.2144E+00 0.2324E+01
0.2150E+00 0.2473E+01
0.2156E+00 0.2272E+01
0.2162E+00 0.2402E+01
0.2168E+00 0.2341E+01
0.2174E+00 0.2418E+01
0.2180E+00 0.2297E+01
0.2186E+00 0.2215E+01
0.2192E+00 0.2201E+01
0.2198E+00 0.2141E+01
0.2204E+00 0.2243E+01
0.2210E+00 0.2102E+01
0.2217E+00 0.2129E+01
0.2223E+00 0.2023E+01
0.2229E+00 0.2009E+01
0.2235E+00 0.2031E+01
0.2241E+00 0.2010E+01
0.2247E+00 0.2168E+01
0.2253E+00 0.2009E+01
0.2259E+00 0.2239E+01
0.2265E+00 0.1998E+01
0.2271E+00 0.2022E+01
0.2277E+00 0.1931E+01
0.2283E+00 0.1852E+01
0.2289E+00 0.1865E+01
0.2296E+00 0.1843E+01
0.2302E+00 0.1928E+01
0.2308E+00 0.1929E+01
0.2314E+00 0.1888E+01
0.2320E+00 0.1779E+01
0.2326E+00 0.1849E+01
0.2332E+00 0.1806E+01
0.2338E+00 0.1780E+01
0.2344E+00 0.1796E+01
0.2350E+00 0.1808E+01
0.2356E+00 0.1696E+01
0.2362E+00 0.1825E+01
0.2369E+00 0.1678E+01
0.2375E+00 0.1718E+01
0.2381E+00 0.1705E+01
0.2387E+00 0.1648E+01
0.2393E+00 0.1614E+01
0.2399E+00 0.1521E+01
0.2405E+00 0.1526E+01
0.2411E+00 0.1588E+01
0.2417E+00 0.1510E+01
0.2423E+00 0.1520E+01
0.2429E+00 0.1419E+01
0.2435E+00 0.1486E+01
0.2441E+00 0.1423E+01
0.2448E+00 0.1526E+01
0.2454E+00 0.1331E+01
0.2460E+00 0.1386E+01
0.2466E+00 0.1375E+01
0.2472E+00 0.1319E+01
0.2478E+00 0.1288E+01
0.2484E+00 0.1192E+01
0.2490E+00 0.1300E+01
0.2496E+00 0.1209E+01
0.2502E+00 0.1322E+01
0.2508E+00 0.1238E+01
0.2514E+00 0.1253E+01
0.2521E+00 0.1309E+01
0.2527E+00 0.1358E+01
0.2533E+00 0.1257E+01
0.2539E+00 0.1203E+01
0.2545E+00 0.1237E+01
0.2551E+00 0.1190E+01
0.2557E+00 0.1136E+01
0.2563E+00 0.1129E+01
0.2569E+00 0.1183E+01
0.2575E+00 0.1226E+01
0.2581E+00 0.1082E+01
0.2587E+00 0.1087E+01
0.2593E+00 0.1009E+01
0.2600E+00 0.1105E+01
0.2606E+00 0.9842E+00
0.2612E+00 0.1073E+01
0.2618E+00 0.1090E+01
0.2624E+00 0.1077E+01
0.2630E+00 0.1010E+01
0.2636E+00 0.1035E+01
0.2642E+00 0.9895E+00
0.2648E+00 0.1091E+01
0.2654E+00 0.1055E+01
0.2660E+00 0.1015E+01
0.2666E+00 0.9639E+00
0.2673E+00 0.9422E+00
0.2679E+00 0.9657E+00
0.2685E+00 0.1007E+01
0.2691E+00 0.9076E+00
0.2697E+00 0.8973E+00
0.2703E+00 0.9167E+00
0.2709E+00 0.9406E+00
0.2715E+00 0.9214E+00
0.2721E+00 0.8883E+00
0.2727E+00 0.9493E+00
0.2733E+00 0.9099E+00
0.2739E+00 0.7742E+00
0.2745E+00 0.8770E+00
0.2752E+00 0.7789E+00
0.2758E+00 0.7687E+00
0.2764E+00 0.7881E+00
0.2770E+00 0.8600E+00
0.2776E+00 0.7285E+00
0.2782E+00 0.9094E+00
0.2788E+00 0.7787E+00
0.2794E+00 0.8162E+00
0.2800E+00 0.8144E+00
0.2806E+00 0.9243E+00
0.2812E+00 0.8255E+00
0.2818E+00 0.8170E+00
0.2825E+00 0.8170E+00
0.2831E+00 0.7505E+00
0.2837E+00 0.6443E+00
0.2843E+00 0.7885E+00
0.2849E+00 0.8712E+00
0.2855E+00 0.7121E+00
0.2861E+00 0.8363E+00
0.2867E+00 0.8215E+00
0.2873E+00 0.7526E+00
0.2879E+00 0.8646E+00
0.2885E+00 0.8064E+00
0.2891E+00 0.7181E+00
0.2897E+00 0.7991E+00
0.2904E+00 0.7563E+00
0.2910E+00 0.7121E+00
0.2916E+00 0.7409E+00
0.2922E+00 0.6504E+00
0.2928E+00 0.7069E+00
0.2934E+00 0.6942E+00
0.2940E+00 0.6234E+00
0.2946E+00 0.6162E+00
0.2952E+00 0.7126E+00
0.2958E+00 0.6131E+00
0.2964E+00 0.6014E+00
0.2970E+00 0.6679E+00
0.2976E+00 0.6573E+00
0.2983E+00 0.6138E+00
0.2989E+00 0.7939E+00
0.2995E+00 0.7065E+00
0.3001E+00 0.7174E+00
0.3007E+00 0.6618E+00
0.3013E+00 0.7527E+00
0.3019E+00 0.7512E+00
0.3025E+00 0.7099E+00
0.3031E+00 0.7565E+00
0.3037E+00 0.6544E+00
0.3043E+00 0.7035E+00
0.3049E+00 0.7560E+00
0.3056E+00 0.5764E+00
0.3062E+00 0.6872E+00
0.3068E+00 0.6119E+00
0.3074E+00 0.6167E+00
0.3080E+00 0.7728E+00
0.3086E+00 0.7422E+00
0.3092E+00 0.6683E+00
0.3098E+00 0.6972E+00
0.3104E+00 0.6978E+00
0.3110E+00 0.7543E+00
0.3116E+00 0.7133E+00
0.3122E+00 0.6868E+00
0.3128E+00 0.6664E+00
0.3135E+00 0.6392E+00
0.3141E+00 0.7134E+00
0.3147E+00 0.7036E+00
0.3153E+00 0.6714E+00
0.3159E+00 0.6629E+00
0.3165E+00 0.6846E+00
0.3171E+00 0.8388E+00
0.3177E+00 0.6008E+00
0.3183E+00 0.6433E+00
0.3189E+00 0.7588E+00
0.3195E+00 0.6865E+00
0.3201E+00 0.7168E+00
0.3208E+00 0.7101E+00
0.3214E+00 0.7759E+00
