1.36830E-02 7.81682E02 5.61689E01
1.42910E-02 7.00336E02 3.43932E01
1.48990E-02 6.69671E02 2.04115E01
1.55070E-02 7.03858E02 1.98188E01
1.61150E-02 6.14054E02 1.66442E01
1.67240E-02 6.19424E02 1.72180E01
1.73320E-02 6.06712E02 1.77936E01
1.79400E-02 5.80056E02 1.38252E01
1.85480E-02 5.50848E02 1.35850E01
1.91560E-02 5.64360E02 1.35551E01
1.97640E-02 5.11845E02 1.20216E01
2.03720E-02 5.08928E02 1.33449E01
2.09800E-02 4.98965E02 1.12198E01
2.15890E-02 4.60501E02 1.04028E01
2.21970E-02 4.66630E02 1.04036E01
2.28050E-02 4.46040E02 9.92144E00
2.34130E-02 4.29679E02 7.98787E00
2.40210E-02 4.17831E02 8.47036E00
2.46290E-02 4.09060E02 8.88907E00
2.52370E-02 3.81302E02 6.13218E00
2.58450E-02 3.80117E02 7.98134E00
2.64540E-02 3.59174E02 6.39083E00
2.70620E-02 3.47507E02 5.66134E00
2.76700E-02 3.41919E02 5.19929E00
2.82780E-02 3.28379E02 5.75804E00
2.88860E-02 3.20039E02 4.65809E00
2.94940E-02 3.11733E02 5.17751E00
3.01020E-02 3.01736E02 4.82203E00
3.07100E-02 2.88809E02 4.06109E00
3.13190E-02 2.87321E02 3.86663E00
3.19270E-02 2.71504E02 3.94975E00
3.25350E-02 2.70386E02 3.56959E00
3.31430E-02 2.60955E02 3.06572E00
3.37510E-02 2.56489E02 3.51372E00
3.43590E-02 2.44213E02 2.77706E00
3.49670E-02 2.43494E02 3.11355E00
3.55750E-02 2.34224E02 2.54217E00
3.61840E-02 2.30819E02 2.96552E00
3.67920E-02 2.23668E02 2.66372E00
3.74000E-02 2.16530E02 3.16409E00
3.80080E-02 2.11369E02 2.41476E00
3.86160E-02 2.06298E02 3.00942E00
3.92240E-02 2.00450E02 2.57984E00
3.98320E-02 1.98740E02 2.22730E00
4.04400E-02 1.95325E02 2.13386E00
4.10490E-02 1.87033E02 1.95639E00
4.16570E-02 1.86956E02 2.15666E00
4.22650E-02 1.78838E02 1.83641E00
4.28730E-02 1.75791E02 1.93609E00
4.34810E-02 1.71676E02 1.82190E00
4.40890E-02 1.69461E02 1.97269E00
4.46970E-02 1.62051E02 1.65495E00
4.53050E-02 1.62242E02 1.93670E00
4.59140E-02 1.58359E02 1.82604E00
4.65220E-02 1.51790E02 1.74092E00
4.71300E-02 1.51815E02 1.68276E00
4.77380E-02 1.48806E02 1.87500E00
4.83460E-02 1.42304E02 1.55628E00
4.89540E-02 1.39430E02 1.59124E00
4.95620E-02 1.37143E02 1.73671E00
5.01700E-02 1.33296E02 1.45857E00
5.07790E-02 1.31518E02 1.62613E00
5.13870E-02 1.27543E02 1.50542E00
5.19950E-02 1.23691E02 1.47621E00
5.26030E-02 1.21238E02 1.38985E00
5.32110E-02 1.18569E02 1.53961E00
5.38190E-02 1.14347E02 1.25908E00
5.44270E-02 1.13506E02 1.21085E00
5.50350E-02 1.08657E02 1.22504E00
5.56440E-02 1.05556E02 1.26559E00
5.62520E-02 1.03815E02 9.91495E-01
5.68600E-02 1.00640E02 1.12145E00
5.74680E-02 9.87666E01 9.30923E-01
5.80760E-02 9.63794E01 1.02588E00
5.86840E-02 9.44883E01 1.04526E00
5.92920E-02 9.16829E01 9.64058E-01
5.99000E-02 9.14640E01 1.01216E00
6.05090E-02 8.71264E01 9.12738E-01
6.11170E-02 8.71009E01 9.34594E-01
6.17250E-02 8.33010E01 8.37738E-01
6.23330E-02 8.30915E01 8.99798E-01
6.29410E-02 8.04115E01 8.06714E-01
6.35490E-02 7.96124E01 8.55599E-01
6.41570E-02 7.68912E01 7.63941E-01
6.47650E-02 7.59713E01 8.75433E-01
6.53740E-02 7.43040E01 7.27985E-01
6.59820E-02 7.08562E01 8.41974E-01
6.65900E-02 7.04583E01 7.25625E-01
6.71980E-02 6.84125E01 7.35030E-01
6.78060E-02 6.77254E01 7.99664E-01
6.84140E-02 6.50330E01 7.35261E-01
6.90220E-02 6.47652E01 7.36688E-01
6.96300E-02 6.28007E01 7.26096E-01
7.02380E-02 6.17839E01 7.48243E-01
7.08470E-02 5.98283E01 7.46159E-01
7.14550E-02 5.81424E01 7.11567E-01
7.20630E-02 5.75616E01 6.85924E-01
7.26710E-02 5.62081E01 7.12848E-01
7.32790E-02 5.42994E01 6.19751E-01
7.38870E-02 5.42013E01 6.43573E-01
7.44950E-02 5.18960E01 5.88851E-01
7.51030E-02 5.05887E01 5.86597E-01
7.57120E-02 4.99794E01 6.35940E-01
7.63200E-02 4.88778E01 5.89657E-01
7.69280E-02 4.70939E01 6.01980E-01
7.75360E-02 4.52912E01 5.80491E-01
7.81440E-02 4.44941E01 5.75060E-01
7.87520E-02 4.33205E01 5.91247E-01
7.93600E-02 4.31507E01 5.36432E-01
7.99680E-02 4.13399E01 5.57682E-01
8.05760E-02 4.09770E01 5.40268E-01
8.11850E-02 3.98610E01 5.36913E-01
8.17930E-02 3.90288E01 5.34253E-01
8.24010E-02 3.83651E01 5.04701E-01
8.30090E-02 3.71974E01 5.26324E-01
8.36170E-02 3.66088E01 5.12363E-01
8.42250E-02 3.53566E01 4.82302E-01
8.48330E-02 3.44964E01 4.81829E-01
8.54410E-02 3.39189E01 4.82023E-01
8.60490E-02 3.29066E01 5.21106E-01
8.66580E-02 3.19608E01 4.56053E-01
8.72660E-02 3.16168E01 4.90901E-01
8.78740E-02 3.09684E01 3.31578E-01
8.84820E-02 3.03913E01 3.52311E-01
8.90900E-02 2.99024E01 3.45058E-01
8.96980E-02 2.87074E01 3.30031E-01
9.03060E-02 2.84348E01 3.19564E-01
9.09140E-02 2.73920E01 3.41896E-01
9.15220E-02 2.69638E01 3.04682E-01
9.21310E-02 2.65054E01 3.11619E-01
9.27390E-02 2.59310E01 3.31291E-01
9.33470E-02 2.54100E01 2.98227E-01
9.39550E-02 2.51352E01 2.87639E-01
9.45630E-02 2.43176E01 2.94441E-01
9.51710E-02 2.42962E01 3.19538E-01
9.57790E-02 2.28127E01 3.10405E-01
9.63870E-02 2.23869E01 2.84292E-01
9.69950E-02 2.22132E01 3.16471E-01
9.76040E-02 2.18362E01 3.08712E-01
9.82120E-02 2.09814E01 3.04868E-01
9.88200E-02 2.10656E01 2.85972E-01
9.94280E-02 2.02995E01 2.77872E-01
1.00036E-01 1.95945E01 2.75803E-01
1.00644E-01 1.93004E01 2.77094E-01
1.01252E-01 1.82748E01 2.92502E-01
1.01860E-01 1.84664E01 2.68409E-01
1.02468E-01 1.78204E01 2.86490E-01
1.03077E-01 1.75029E01 2.80442E-01
1.03685E-01 1.68642E01 2.76818E-01
1.04293E-01 1.62683E01 2.67733E-01
1.04901E-01 1.61568E01 3.02755E-01
1.05509E-01 1.61518E01 2.93842E-01
1.06117E-01 1.60163E01 4.11811E-01
1.06725E-01 1.49217E01 1.05342E00
1.07333E-01 1.50630E01 1.38066E00
1.07941E-01 1.43093E01 9.49957E-01
1.08550E-01 1.42465E01 2.56164E-01
1.09158E-01 1.37443E01 2.76765E-01
1.09766E-01 1.37404E01 2.67237E-01
1.10374E-01 1.30734E01 2.73921E-01
1.10982E-01 1.28518E01 2.67937E-01
1.11590E-01 1.27736E01 2.32888E-01
1.12198E-01 1.28689E01 2.51220E-01
1.12806E-01 1.19771E01 2.32744E-01
1.13414E-01 1.19550E01 2.47289E-01
1.14022E-01 1.19660E01 2.53912E-01
1.14631E-01 1.14484E01 2.56066E-01
1.15239E-01 1.18376E01 2.38651E-01
1.15847E-01 1.10044E01 2.38966E-01
1.16455E-01 1.06703E01 2.17703E-01
1.17063E-01 1.04445E01 2.43547E-01
1.17671E-01 1.07883E01 2.19144E-01
1.18279E-01 1.03639E01 2.38873E-01
1.18887E-01 9.76565E00 2.31451E-01
1.19495E-01 1.00587E01 2.46673E-01
1.20103E-01 9.30314E00 2.11315E-01
1.20712E-01 9.33424E00 2.31091E-01
1.21320E-01 8.92505E00 2.14725E-01
1.21928E-01 8.33858E00 1.96872E-01
1.22536E-01 8.62969E00 2.34696E-01
1.23144E-01 8.64399E00 2.16300E-01
1.23752E-01 8.62377E00 2.23882E-01
1.24360E-01 8.78436E00 2.14964E-01
1.24968E-01 8.38505E00 2.07103E-01
1.25576E-01 8.57754E00 2.04178E-01
1.26184E-01 8.08978E00 2.36495E-01
1.26793E-01 8.05165E00 2.11286E-01
1.27401E-01 8.03806E00 2.22735E-01
1.28009E-01 7.64674E00 2.05709E-01
1.28617E-01 7.42006E00 2.27431E-01
1.29225E-01 7.53525E00 2.31201E-01
1.29833E-01 7.30567E00 2.17487E-01
1.30441E-01 7.74528E00 2.11766E-01
1.31049E-01 7.16182E00 2.09880E-01
1.31657E-01 7.15389E00 2.24287E-01
1.32265E-01 7.05754E00 2.14430E-01
1.32873E-01 6.98567E00 2.09775E-01
1.33482E-01 6.65588E00 2.04534E-01
1.34090E-01 6.73617E00 2.14213E-01
1.34698E-01 6.89343E00 2.14342E-01
1.35306E-01 6.52056E00 2.20783E-01
1.35914E-01 6.68826E00 2.06013E-01
1.36522E-01 6.40533E00 2.09046E-01
1.37130E-01 6.17484E00 2.14133E-01
1.37738E-01 5.89052E00 2.07680E-01
1.38346E-01 6.42563E00 2.30561E-01
1.38954E-01 6.39777E00 2.21875E-01
1.39562E-01 5.99603E00 2.15547E-01
1.40171E-01 5.95378E00 2.06854E-01
1.40779E-01 6.00489E00 2.06328E-01
1.41387E-01 5.58041E00 1.92544E-01
1.41995E-01 5.83272E00 2.08321E-01
1.42603E-01 5.68042E00 2.13679E-01
1.43211E-01 5.58635E00 2.03581E-01
1.43819E-01 5.14470E00 2.17706E-01
1.44427E-01 5.10704E00 2.00388E-01
1.45035E-01 5.67865E00 2.10042E-01
1.45643E-01 5.11192E00 2.05872E-01
1.46251E-01 5.08244E00 2.05250E-01
1.46860E-01 5.07074E00 2.08910E-01
1.47468E-01 5.00400E00 2.28338E-01
1.48076E-01 4.87049E00 2.00981E-01
1.48684E-01 4.96477E00 2.05568E-01
1.49292E-01 4.52453E00 1.98302E-01
1.49900E-01 4.87934E00 2.05113E-01
1.50508E-01 4.83272E00 2.00049E-01
1.51116E-01 4.82290E00 1.97854E-01
1.51724E-01 4.80640E00 1.82673E-01
1.52332E-01 4.91480E00 1.99995E-01
1.52940E-01 4.56441E00 1.93470E-01
1.53548E-01 4.77997E00 1.94470E-01
1.54156E-01 4.72994E00 1.91792E-01
1.54765E-01 4.73720E00 1.95092E-01
1.55373E-01 4.87649E00 2.00037E-01
1.55981E-01 4.65149E00 1.93068E-01
1.56589E-01 4.51991E00 1.93457E-01
1.57197E-01 5.09963E00 1.79262E-01
1.57805E-01 4.41316E00 1.89986E-01
1.58413E-01 4.45530E00 1.70380E-01
1.59021E-01 4.15849E00 1.80980E-01
1.59629E-01 4.25168E00 1.71235E-01
1.60237E-01 4.15375E00 1.77921E-01
1.60845E-01 3.99833E00 1.81375E-01
1.61453E-01 4.03596E00 1.85434E-01
1.62061E-01 4.15624E00 1.74026E-01
1.62670E-01 4.09938E00 1.86981E-01
1.63278E-01 4.00339E00 1.87532E-01
1.63886E-01 3.89729E00 1.78949E-01
1.64494E-01 3.69768E00 1.82329E-01
1.65102E-01 3.78459E00 1.82594E-01
1.65710E-01 3.63593E00 1.87208E-01
1.66318E-01 3.75520E00 1.78786E-01
1.66926E-01 3.68670E00 1.80260E-01
1.67534E-01 3.35707E00 1.82720E-01
1.68142E-01 3.56272E00 1.87154E-01
1.68750E-01 3.60325E00 1.95071E-01
1.69358E-01 3.59865E00 1.73689E-01
1.69966E-01 3.83226E00 1.86507E-01
1.70574E-01 3.63424E00 1.92599E-01
1.71183E-01 3.53983E00 1.81999E-01
1.71791E-01 3.49222E00 1.76484E-01
1.72399E-01 3.50568E00 1.60369E-01
1.73007E-01 3.50775E00 1.65772E-01
1.73615E-01 3.31507E00 1.73290E-01
1.74223E-01 3.27749E00 1.77473E-01
1.74831E-01 3.39340E00 1.83372E-01
1.75439E-01 3.48910E00 2.27483E-01
1.76047E-01 3.65843E00 3.07397E-01
1.76655E-01 3.30889E00 3.17057E-01
1.77263E-01 3.15932E00 1.90303E-01
1.77871E-01 3.01894E00 1.86365E-01
1.78479E-01 3.04496E00 1.78830E-01
1.79087E-01 3.06461E00 1.80657E-01
1.79695E-01 3.07810E00 1.81187E-01
1.80304E-01 2.92799E00 1.85253E-01
1.80912E-01 3.10028E00 1.91757E-01
1.81520E-01 3.20931E00 1.72865E-01
1.82128E-01 3.18269E00 2.27347E-01
1.82736E-01 3.23756E00 1.87739E-01
1.83344E-01 3.04000E00 1.74401E-01
1.83952E-01 2.55784E00 1.72976E-01
1.84560E-01 2.71647E00 1.69295E-01
1.85168E-01 2.42155E00 1.70776E-01
1.85776E-01 2.52698E00 1.67229E-01
1.86384E-01 2.95470E00 1.86389E-01
1.86992E-01 2.99167E00 1.80082E-01
1.87600E-01 2.88106E00 1.71956E-01
1.88208E-01 3.18258E00 1.73571E-01
1.88816E-01 2.86752E00 1.73983E-01
1.89424E-01 2.85698E00 1.64328E-01
1.90032E-01 2.83260E00 1.76105E-01
1.90641E-01 2.48852E00 1.61214E-01
1.91249E-01 2.34097E00 1.69233E-01
1.91857E-01 2.40537E00 1.74399E-01
1.92465E-01 2.42168E00 1.61707E-01
1.93073E-01 2.22938E00 1.81153E-01
1.93681E-01 2.54434E00 1.72531E-01
1.94289E-01 2.45759E00 1.82213E-01
1.94897E-01 2.36263E00 1.56884E-01
1.95505E-01 2.52080E00 1.81428E-01
1.96113E-01 2.77589E00 1.54254E-01
1.96721E-01 2.50281E00 1.69171E-01
1.97329E-01 2.84618E00 1.67258E-01
1.97937E-01 2.97573E00 1.60436E-01
1.98545E-01 2.62728E00 1.60114E-01
1.99153E-01 2.36130E00 1.63380E-01
1.99761E-01 2.49169E00 1.65373E-01
2.00369E-01 2.22385E00 1.59784E-01
2.00977E-01 2.23455E00 1.67115E-01
2.01585E-01 2.23018E00 1.67457E-01
2.02193E-01 2.09006E00 1.82148E-01
2.02802E-01 2.22700E00 1.83870E-01
2.03410E-01 2.17063E00 2.11240E-01
2.04018E-01 2.24313E00 2.30428E-01
2.04626E-01 2.37931E00 2.04782E-01
2.05234E-01 2.30276E00 6.60019E-01
2.05842E-01 2.03949E00 2.03114E-01
2.06450E-01 2.42501E00 1.89276E-01
2.07058E-01 2.08506E00 1.57671E-01
2.07666E-01 2.30775E00 1.59865E-01
2.08274E-01 1.79838E00 1.65298E-01
2.08882E-01 2.08180E00 1.65127E-01
2.09490E-01 1.99514E00 1.68468E-01
2.10098E-01 2.33485E00 1.75177E-01
2.10706E-01 2.02296E00 1.63153E-01
2.11314E-01 1.93817E00 1.88783E-01
2.11922E-01 1.83924E00 1.53665E-01
2.12530E-01 1.81982E00 1.65538E-01
2.13138E-01 1.91471E00 2.27408E-01
2.13746E-01 2.17184E00 1.66488E-01
2.14354E-01 2.05214E00 1.85619E-01
2.14962E-01 2.40198E00 1.62918E-01
2.15570E-01 2.35570E00 1.89103E-01
2.16178E-01 2.05243E00 1.64363E-01
2.16786E-01 2.22836E00 2.41103E-01
2.17394E-01 2.19640E00 1.53484E-01
2.18002E-01 1.95812E00 1.53802E-01
2.18610E-01 1.96678E00 1.56515E-01
2.19219E-01 1.81165E00 1.62656E-01
2.19827E-01 1.89892E00 1.49035E-01
2.20435E-01 1.76942E00 1.49186E-01
2.21043E-01 1.76380E00 1.48821E-01
2.21651E-01 1.59193E00 1.59779E-01
2.22259E-01 1.77899E00 1.55083E-01
2.22867E-01 1.83840E00 1.58703E-01
2.23475E-01 1.95453E00 1.48427E-01
2.24083E-01 1.73370E00 1.58821E-01
2.24691E-01 1.83206E00 1.51303E-01
2.25299E-01 1.71024E00 1.57781E-01
2.25907E-01 1.56240E00 1.59664E-01
2.26515E-01 1.43644E00 1.43958E-01
2.27123E-01 1.59064E00 1.53059E-01
2.27731E-01 1.59691E00 1.52436E-01
2.28339E-01 1.74886E00 1.53309E-01
2.28947E-01 1.55927E00 1.44481E-01
2.29555E-01 1.59299E00 1.55816E-01
2.30163E-01 1.88465E00 1.41054E-01
2.30771E-01 1.64005E00 1.58866E-01
2.31379E-01 1.61529E00 1.48167E-01
2.31987E-01 1.58404E00 1.53843E-01
2.32595E-01 1.84893E00 1.50971E-01
2.33203E-01 1.62902E00 1.56534E-01
2.33811E-01 1.74232E00 1.52502E-01
2.34419E-01 1.85272E00 1.47049E-01
2.35027E-01 1.52904E00 1.45691E-01
2.35635E-01 1.86998E00 1.42860E-01
2.36243E-01 1.68772E00 1.57830E-01
2.36851E-01 1.87706E00 1.48123E-01
2.37459E-01 1.97537E00 1.51383E-01
2.38067E-01 1.88335E00 1.51145E-01
2.38675E-01 1.73428E00 1.57594E-01
2.39283E-01 1.87218E00 1.48132E-01
2.39891E-01 1.50687E00 1.49006E-01
2.40499E-01 1.39987E00 1.47650E-01
2.41107E-01 1.60037E00 1.46151E-01
2.41715E-01 1.28276E00 1.57307E-01
2.42323E-01 1.82147E00 1.46991E-01
2.42931E-01 1.82465E00 1.42998E-01
2.43539E-01 1.63569E00 1.51426E-01
2.44147E-01 1.62951E00 1.42303E-01
2.44755E-01 1.94863E00 1.36784E-01
2.45363E-01 1.78946E00 1.42057E-01
2.45971E-01 1.78177E00 1.33643E-01
2.46579E-01 1.87893E00 1.47702E-01
2.47187E-01 1.53792E00 1.45802E-01
2.47795E-01 1.58910E00 1.47635E-01
2.48403E-01 1.67591E00 1.34991E-01
2.49011E-01 1.46786E00 1.47014E-01
2.49619E-01 1.67672E00 1.38885E-01
2.50227E-01 1.61589E00 1.43664E-01
2.50835E-01 1.42117E00 1.48761E-01
2.51443E-01 1.72414E00 1.47780E-01
2.52051E-01 1.62071E00 1.41308E-01
2.52659E-01 1.73619E00 1.47890E-01
2.53267E-01 1.72814E00 1.50379E-01
2.53875E-01 1.54616E00 1.38525E-01
2.54483E-01 1.60098E00 1.53034E-01
2.55091E-01 1.65546E00 1.37133E-01
2.55699E-01 1.54262E00 1.56191E-01
2.56307E-01 1.58128E00 1.39914E-01
2.56915E-01 1.42405E00 1.47805E-01
2.57523E-01 1.41407E00 1.45396E-01
2.58131E-01 1.05910E00 1.41247E-01
2.58739E-01 1.54018E00 1.37409E-01
2.59347E-01 1.47159E00 1.49414E-01
2.59955E-01 1.43002E00 1.38300E-01
2.60563E-01 1.51066E00 1.40421E-01
2.61171E-01 1.36578E00 1.40498E-01
2.61779E-01 1.17359E00 1.44095E-01
2.62387E-01 1.47503E00 1.50724E-01
2.62995E-01 1.31074E00 1.36685E-01
2.63603E-01 1.56547E00 1.54424E-01
2.64211E-01 1.26043E00 1.39897E-01
2.64819E-01 1.29244E00 1.47686E-01
2.65427E-01 1.49300E00 1.47540E-01
2.66035E-01 1.23531E00 1.50933E-01
2.66643E-01 1.52984E00 1.40380E-01
2.67251E-01 1.30512E00 1.40572E-01
2.67859E-01 1.21495E00 1.43187E-01
2.68467E-01 1.41356E00 1.41240E-01
2.69075E-01 1.66498E00 1.33279E-01
2.69683E-01 1.40890E00 1.33008E-01
2.70291E-01 1.43275E00 1.28247E-01
2.70899E-01 1.57536E00 1.40802E-01
2.71507E-01 1.48878E00 1.31902E-01
2.72115E-01 1.62251E00 1.31477E-01
2.72723E-01 1.28526E00 1.42029E-01
2.73331E-01 1.29580E00 1.31967E-01
2.73939E-01 1.50697E00 1.38048E-01
2.74547E-01 1.49348E00 1.28497E-01
2.75155E-01 1.50864E00 1.37669E-01
2.75763E-01 1.42082E00 1.28602E-01
2.76371E-01 1.52825E00 1.37988E-01
2.76979E-01 1.33289E00 1.33349E-01
2.77587E-01 1.42482E00 1.37502E-01
2.78195E-01 1.30747E00 1.36123E-01
2.78803E-01 1.74448E00 1.31794E-01
2.79411E-01 1.19124E00 1.29736E-01
2.80019E-01 1.52225E00 1.38368E-01
2.80626E-01 1.31354E00 1.33199E-01
2.81234E-01 1.36670E00 1.35712E-01
2.81842E-01 1.56295E00 1.51989E-01
2.82450E-01 1.36349E00 1.73711E-01
2.83058E-01 1.33416E00 1.68282E-01
2.83666E-01 1.12945E00 2.36031E-01
2.84274E-01 1.34691E00 1.40011E-01
2.84882E-01 1.21211E00 1.28531E-01
2.85490E-01 1.29317E00 1.26182E-01
2.86098E-01 1.62341E00 1.32108E-01
2.86706E-01 1.44411E00 1.35497E-01
2.87314E-01 1.36871E00 1.23071E-01
2.87922E-01 1.22485E00 1.43563E-01
2.88530E-01 1.26514E00 1.31251E-01
2.89138E-01 1.05514E00 1.32720E-01
2.89746E-01 1.33443E00 1.28602E-01
2.90354E-01 1.11486E00 1.29159E-01
2.90962E-01 1.25191E00 1.32416E-01
2.91570E-01 1.16023E00 1.24772E-01
2.92178E-01 1.14890E00 1.29216E-01
2.92786E-01 1.34710E00 1.21096E-01
2.93394E-01 1.48609E00 1.29600E-01
2.94002E-01 1.54101E00 1.19140E-01
2.94610E-01 1.53404E00 1.29912E-01
2.95217E-01 1.42070E00 1.28111E-01
2.95825E-01 1.44969E00 1.28996E-01
2.96433E-01 1.53811E00 1.21647E-01
2.97041E-01 1.41826E00 1.27416E-01
2.97649E-01 1.22138E00 1.26591E-01
2.98257E-01 1.62437E00 1.27065E-01
2.98865E-01 1.45848E00 1.31796E-01
2.99473E-01 1.46596E00 1.25190E-01
3.00081E-01 1.38621E00 1.25834E-01
3.00689E-01 1.48578E00 1.24287E-01
3.01297E-01 1.47542E00 1.23286E-01
3.01905E-01 1.15301E00 1.19937E-01
3.02513E-01 1.40960E00 1.27870E-01
3.03121E-01 1.41929E00 1.17158E-01
3.03729E-01 1.26671E00 1.27643E-01
3.04337E-01 1.38299E00 1.18509E-01
3.04945E-01 1.31718E00 1.22843E-01
3.05553E-01 1.37402E00 1.16630E-01
3.06160E-01 1.43266E00 1.14876E-01
3.06768E-01 1.51578E00 1.13275E-01
3.07376E-01 1.34577E00 1.16835E-01
3.07984E-01 1.54350E00 1.15904E-01
3.08592E-01 1.23450E00 1.14549E-01
3.09200E-01 1.39641E00 1.16772E-01
3.09808E-01 1.44571E00 1.18593E-01
3.10416E-01 1.20637E00 1.15945E-01
3.11024E-01 1.22722E00 1.12791E-01
3.11632E-01 1.37027E00 1.16119E-01
3.12240E-01 1.25120E00 1.15577E-01
3.12848E-01 1.29230E00 1.16356E-01
3.13456E-01 1.16692E00 1.22948E-01
3.14064E-01 1.06129E00 1.16916E-01
3.14671E-01 1.16797E00 1.14009E-01
3.15279E-01 1.08596E00 1.22599E-01
3.15887E-01 1.06966E00 1.05269E-01
3.16495E-01 1.20868E00 1.17519E-01
3.17103E-01 1.16502E00 1.08631E-01
3.17711E-01 1.09691E00 1.15106E-01
3.18319E-01 1.16192E00 1.31330E-01
3.18927E-01 1.29936E00 1.45557E-01
3.19535E-01 1.41409E00 1.56182E-01
3.20143E-01 1.49178E00 1.63659E-01
3.20751E-01 1.32808E00 2.25407E-01

# Following corresponds to: 1_16_90bpDNAHU_scatter.dat

1.00340E-02 4.37169E02 1.35814E02
1.06420E-02 4.18782E02 8.86235E01
1.12500E-02 4.08420E02 1.05230E02
1.18590E-02 3.95379E02 9.10663E01
1.24670E-02 3.91506E02 3.18892E02
1.30750E-02 3.90414E02 3.18292E02
1.36830E-02 3.78451E02 2.01939E02
1.42910E-02 3.74584E02 1.87397E02
1.48990E-02 3.70517E02 1.39697E02
1.55070E-02 3.56527E02 1.21883E02
1.61150E-02 3.46246E02 8.79946E01
1.67240E-02 3.50252E02 8.49135E01
1.73320E-02 3.17447E02 6.20845E01
1.79400E-02 3.25030E02 5.38281E01
1.85480E-02 3.10046E02 4.77280E01
1.91560E-02 3.07714E02 4.04824E01
1.97640E-02 2.93590E02 3.31548E01
2.03720E-02 2.91473E02 3.04321E01
2.09800E-02 2.82095E02 2.46175E01
2.15890E-02 2.77820E02 2.23545E01
2.21970E-02 2.70092E02 1.98422E01
2.28050E-02 2.63168E02 1.79099E01
2.34130E-02 2.55579E02 1.55724E01
2.40210E-02 2.42255E02 1.35573E01
2.46290E-02 2.36644E02 1.21057E01
2.52370E-02 2.30339E02 1.14640E01
2.58450E-02 2.29338E02 1.00118E01
2.64540E-02 2.22007E02 1.01164E01
2.70620E-02 2.17979E02 7.84173E00
2.76700E-02 2.10852E02 8.20962E00
2.82780E-02 2.07019E02 6.22394E00
2.88860E-02 2.00908E02 1.28921E01
2.94940E-02 1.98495E02 5.18896E00
3.01020E-02 1.88940E02 1.77713E01
3.07100E-02 1.88416E02 3.20254E01
3.13190E-02 1.80041E02 1.75667E01
3.19270E-02 1.79409E02 2.59590E01
3.25350E-02 1.72241E02 4.86194E00
3.31430E-02 1.73588E02 1.37597E01
3.37510E-02 1.67152E02 3.64837E00
3.43590E-02 1.63095E02 3.50662E00
3.49670E-02 1.62009E02 3.35877E00
3.55750E-02 1.55621E02 2.67285E00
3.61840E-02 1.53294E02 2.53569E00
3.67920E-02 1.50684E02 2.49814E00
3.74000E-02 1.48943E02 2.23785E00
3.80080E-02 1.44033E02 2.11939E00
3.86160E-02 1.42274E02 1.97119E00
3.92240E-02 1.37425E02 1.84898E00
3.98320E-02 1.35042E02 1.82272E00
4.04400E-02 1.33020E02 1.73295E00
4.10490E-02 1.30151E02 1.66723E00
4.16570E-02 1.27884E02 1.70706E00
4.22650E-02 1.26057E02 1.56640E00
4.28730E-02 1.22021E02 1.58747E00
4.34810E-02 1.21159E02 1.41211E00
4.40890E-02 1.16886E02 1.45567E00
4.46970E-02 1.16591E02 1.33745E00
4.53050E-02 1.13901E02 1.36790E00
4.59140E-02 1.12629E02 1.32330E00
4.65220E-02 1.10181E02 1.29150E00
4.71300E-02 1.07248E02 1.25592E00
4.77380E-02 1.06324E02 1.29814E00
4.83460E-02 1.03698E02 1.29726E00
4.89540E-02 1.02563E02 1.26577E00
4.95620E-02 1.01176E02 1.22263E00
5.01700E-02 1.00002E02 1.15172E00
5.07790E-02 9.70660E01 1.16898E00
5.13870E-02 9.62657E01 1.14768E00
5.19950E-02 9.34445E01 1.16182E00
5.26030E-02 9.28311E01 1.11041E00
5.32110E-02 9.10301E01 1.13777E00
5.38190E-02 8.94265E01 1.04161E00
5.44270E-02 8.81644E01 1.04864E00
5.50350E-02 8.65268E01 1.05435E00
5.56440E-02 8.55271E01 1.02620E00
5.62520E-02 8.26644E01 8.52628E-01
5.68600E-02 8.10638E01 9.18217E-01
5.74680E-02 7.95076E01 9.12406E-01
5.80760E-02 7.83421E01 8.53478E-01
5.86840E-02 7.65992E01 9.11079E-01
5.92920E-02 7.50979E01 8.75152E-01
5.99000E-02 7.34272E01 8.50099E-01
6.05090E-02 7.26280E01 8.14804E-01
6.11170E-02 7.07177E01 8.48959E-01
6.17250E-02 6.99647E01 8.17521E-01
6.23330E-02 6.85769E01 8.30249E-01
6.29410E-02 6.77580E01 7.90018E-01
6.35490E-02 6.62252E01 7.38469E-01
6.41570E-02 6.61702E01 7.32765E-01
6.47650E-02 6.40754E01 7.68074E-01
6.53740E-02 6.39337E01 7.54993E-01
6.59820E-02 6.21588E01 7.44261E-01
6.65900E-02 6.05442E01 7.42659E-01
6.71980E-02 6.06911E01 6.77053E-01
6.78060E-02 5.90683E01 7.27622E-01
6.84140E-02 5.91505E01 6.87641E-01
6.90220E-02 5.75861E01 6.82796E-01
6.96300E-02 5.74674E01 6.52678E-01
7.02380E-02 5.55235E01 6.47884E-01
7.08470E-02 5.46068E01 5.97897E-01
7.14550E-02 5.31119E01 6.79296E-01
7.20630E-02 5.19167E01 5.88467E-01
7.26710E-02 5.21367E01 6.44892E-01
7.32790E-02 5.08983E01 6.21924E-01
7.38870E-02 4.97596E01 6.25087E-01
7.44950E-02 4.94659E01 6.46079E-01
7.51030E-02 4.85316E01 5.99818E-01
7.57120E-02 4.83262E01 5.89966E-01
7.63200E-02 4.69984E01 5.72530E-01
7.69280E-02 4.72053E01 6.01645E-01
7.75360E-02 4.54646E01 6.27655E-01
7.81440E-02 4.44433E01 5.84147E-01
7.87520E-02 4.34579E01 6.32997E-01
7.93600E-02 4.33277E01 5.56683E-01
7.99680E-02 4.25252E01 5.56391E-01
8.05760E-02 4.19174E01 5.14968E-01
8.11850E-02 4.12691E01 5.21696E-01
8.17930E-02 4.01677E01 5.15480E-01
8.24010E-02 4.00861E01 5.49324E-01
8.30090E-02 3.90614E01 5.20567E-01
8.36170E-02 3.87460E01 5.12404E-01
8.42250E-02 3.78336E01 5.09679E-01
8.48330E-02 3.73883E01 4.68173E-01
8.54410E-02 3.69780E01 4.88681E-01
8.60490E-02 3.63800E01 5.03499E-01
8.66580E-02 3.51326E01 4.90807E-01
8.72660E-02 3.50265E01 4.56768E-01
8.78740E-02 3.39880E01 5.23881E-01
8.84820E-02 3.31974E01 4.90214E-01
8.90900E-02 3.27645E01 5.01528E-01
8.96980E-02 3.30680E01 4.90940E-01
9.03060E-02 3.13599E01 4.75715E-01
9.09140E-02 3.17486E01 4.22346E-01
9.15220E-02 3.10315E01 4.66024E-01
9.21310E-02 3.04703E01 4.20898E-01
9.27390E-02 3.04953E01 4.09798E-01
9.33470E-02 2.97204E01 4.26353E-01
9.39550E-02 3.03262E01 4.76213E-01
9.45630E-02 2.88569E01 4.28977E-01
9.51710E-02 2.87150E01 4.49726E-01
9.57790E-02 2.80260E01 4.46541E-01
9.63870E-02 2.80566E01 4.17937E-01
9.69950E-02 2.73050E01 4.28321E-01
9.76040E-02 2.64871E01 4.65138E-01
9.82120E-02 2.63031E01 4.40824E-01
9.88200E-02 2.53756E01 4.47785E-01
9.94280E-02 2.50871E01 4.27689E-01
1.00036E-01 2.44924E01 4.17499E-01
1.00644E-01 2.36378E01 4.21859E-01
1.01252E-01 2.46548E01 4.17346E-01
1.01860E-01 2.37974E01 3.91481E-01
1.02468E-01 2.34926E01 4.03038E-01
1.03077E-01 2.32740E01 3.93856E-01
1.03685E-01 2.27642E01 4.09624E-01
1.04293E-01 2.19795E01 4.29509E-01
1.04901E-01 2.18486E01 4.22609E-01
1.05509E-01 2.16323E01 3.91974E-01
1.06117E-01 2.15456E01 4.14142E-01
1.06725E-01 2.10771E01 3.80657E-01
1.07333E-01 2.09449E01 3.80226E-01
1.07941E-01 2.07164E01 3.87098E-01
1.08550E-01 2.03346E01 3.81566E-01
1.09158E-01 2.02120E01 4.05481E-01
1.09766E-01 1.96348E01 4.18297E-01
1.10374E-01 1.97977E01 3.81178E-01
1.10982E-01 1.87498E01 3.88975E-01
1.11590E-01 1.89200E01 3.80942E-01
1.12198E-01 1.84457E01 3.68800E-01
1.12806E-01 1.82263E01 3.59460E-01
1.13414E-01 1.80235E01 3.76242E-01
1.14022E-01 1.74462E01 3.81146E-01
1.14631E-01 1.73187E01 3.61344E-01
1.15239E-01 1.73072E01 4.01228E-01
1.15847E-01 1.75365E01 3.54321E-01
1.16455E-01 1.68402E01 3.84713E-01
1.17063E-01 1.63415E01 3.77417E-01
1.17671E-01 1.61208E01 3.58528E-01
1.18279E-01 1.53971E01 3.81203E-01
1.18887E-01 1.60200E01 3.56758E-01
1.19495E-01 1.55546E01 3.27277E-01
1.20103E-01 1.53481E01 3.39850E-01
1.20712E-01 1.52185E01 3.60345E-01
1.21320E-01 1.49017E01 3.56298E-01
1.21928E-01 1.46194E01 3.17341E-01
1.22536E-01 1.48187E01 3.54687E-01
1.23144E-01 1.45863E01 3.33665E-01
1.23752E-01 1.41174E01 3.49843E-01
1.24360E-01 1.35806E01 3.38025E-01
1.24968E-01 1.35639E01 3.43571E-01
1.25576E-01 1.33883E01 3.54270E-01
1.26184E-01 1.33830E01 3.57855E-01
1.26793E-01 1.35535E01 4.92173E-01
1.27401E-01 1.32675E01 4.06095E-01
1.28009E-01 1.29903E01 3.62706E-01
1.28617E-01 1.23772E01 3.50567E-01
1.29225E-01 1.24069E01 3.34956E-01
1.29833E-01 1.21643E01 3.56623E-01
1.30441E-01 1.23806E01 3.35312E-01
1.31049E-01 1.23159E01 3.26071E-01
1.31657E-01 1.17899E01 3.36392E-01
1.32265E-01 1.19230E01 3.56959E-01
1.32873E-01 1.17851E01 3.41629E-01
1.33482E-01 1.17962E01 3.34132E-01
1.34090E-01 1.17080E01 3.28678E-01
1.34698E-01 1.12383E01 3.15708E-01
1.35306E-01 1.12870E01 3.41622E-01
1.35914E-01 1.05352E01 3.18781E-01
1.36522E-01 1.10770E01 3.05678E-01
1.37130E-01 1.08561E01 3.51506E-01
1.37738E-01 1.09060E01 3.12186E-01
1.38346E-01 1.05016E01 3.37828E-01
1.38954E-01 1.09499E01 3.11428E-01
1.39562E-01 1.00664E01 3.26517E-01
1.40171E-01 9.89515E00 3.08651E-01
1.40779E-01 9.68290E00 3.21764E-01
1.41387E-01 9.54796E00 3.18876E-01
1.41995E-01 9.60728E00 3.26061E-01
1.42603E-01 9.77581E00 3.19953E-01
1.43211E-01 9.61436E00 3.26809E-01
1.43819E-01 9.94929E00 3.12571E-01
1.44427E-01 9.22004E00 3.12437E-01
1.45035E-01 9.05811E00 3.26039E-01
1.45643E-01 9.14760E00 3.17487E-01
1.46251E-01 8.70886E00 3.42409E-01
1.46860E-01 9.16431E00 2.99376E-01
1.47468E-01 8.53156E00 3.24590E-01
1.48076E-01 8.53360E00 3.02410E-01
1.48684E-01 8.63844E00 3.26554E-01
1.49292E-01 8.44051E00 2.89396E-01
1.49900E-01 8.60907E00 3.27646E-01
1.50508E-01 8.40157E00 3.17949E-01
1.51116E-01 8.16234E00 3.50165E-01
1.51724E-01 8.50978E00 3.14999E-01
1.52332E-01 7.80006E00 4.25654E-01
1.52940E-01 8.09238E00 3.14227E-01
1.53548E-01 7.81828E00 3.03465E-01
1.54156E-01 8.07078E00 3.11456E-01
1.54765E-01 7.62519E00 2.93863E-01
1.55373E-01 7.61246E00 3.03314E-01
1.55981E-01 7.63658E00 3.10911E-01
1.56589E-01 7.23534E00 2.99092E-01
1.57197E-01 7.39664E00 3.16690E-01
1.57805E-01 7.20566E00 3.03160E-01
1.58413E-01 7.07488E00 2.94821E-01
1.59021E-01 6.84884E00 3.10233E-01
1.59629E-01 7.40264E00 3.06242E-01
1.60237E-01 6.96371E00 3.20133E-01
1.60845E-01 7.03222E00 2.94646E-01
1.61453E-01 6.74531E00 3.03836E-01
1.62061E-01 6.73031E00 2.99876E-01
1.62670E-01 6.33194E00 2.92967E-01
1.63278E-01 6.44524E00 2.92147E-01
1.63886E-01 6.46502E00 2.81484E-01
1.64494E-01 6.38515E00 3.19510E-01
1.65102E-01 6.80381E00 3.05641E-01
1.65710E-01 6.33404E00 3.17480E-01
1.66318E-01 6.55562E00 3.12529E-01
1.66926E-01 6.43490E00 3.13681E-01
1.67534E-01 6.15198E00 2.87842E-01
1.68142E-01 6.14210E00 3.25086E-01
1.68750E-01 5.89451E00 3.03969E-01
1.69358E-01 6.03285E00 3.12875E-01
1.69966E-01 5.97220E00 2.96998E-01
1.70574E-01 5.70387E00 3.12722E-01
1.71183E-01 5.56009E00 2.80131E-01
1.71791E-01 5.78267E00 3.20647E-01
1.72399E-01 5.80421E00 3.20033E-01
1.73007E-01 5.79188E00 3.09095E-01
1.73615E-01 5.78399E00 3.23120E-01
1.74223E-01 5.58128E00 3.10202E-01
1.74831E-01 5.77624E00 3.17730E-01
1.75439E-01 5.54944E00 3.05419E-01
1.76047E-01 5.48075E00 3.04501E-01
1.76655E-01 5.44199E00 2.96678E-01
1.77263E-01 5.44533E00 3.08846E-01
1.77871E-01 5.38553E00 3.09197E-01
1.78479E-01 5.54498E00 2.98639E-01
1.79087E-01 5.30126E00 3.04362E-01
1.79695E-01 5.33569E00 3.07895E-01
1.80304E-01 5.27735E00 3.13023E-01
1.80912E-01 5.42644E00 3.14380E-01
1.81520E-01 5.09969E00 3.19350E-01
1.82128E-01 5.45137E00 3.09639E-01
1.82736E-01 4.78874E00 3.00931E-01
1.83344E-01 5.11316E00 3.15250E-01
1.83952E-01 5.07903E00 2.94459E-01
1.84560E-01 4.89904E00 3.05897E-01
1.85168E-01 4.99300E00 2.93792E-01
1.85776E-01 5.31305E00 2.93809E-01
1.86384E-01 5.32898E00 3.07929E-01
1.86992E-01 4.92469E00 3.12930E-01
1.87600E-01 4.63099E00 3.09377E-01
1.88208E-01 4.89230E00 3.11618E-01
1.88816E-01 4.57269E00 3.18500E-01
1.89424E-01 4.75473E00 2.93810E-01
1.90032E-01 4.76938E00 3.28826E-01
1.90641E-01 4.70557E00 2.88499E-01
1.91249E-01 4.71813E00 3.08151E-01
1.91857E-01 4.67433E00 2.97794E-01
1.92465E-01 4.54813E00 2.91782E-01
1.93073E-01 4.68903E00 2.94003E-01
1.93681E-01 4.37904E00 3.05043E-01
1.94289E-01 4.41214E00 3.02539E-01
1.94897E-01 4.19820E00 3.06648E-01
1.95505E-01 3.98787E00 3.10769E-01
1.96113E-01 4.15391E00 3.07606E-01
1.96721E-01 3.93958E00 2.92010E-01
1.97329E-01 3.92585E00 3.08633E-01
1.97937E-01 4.16057E00 3.09783E-01
1.98545E-01 4.03386E00 3.11191E-01
1.99153E-01 4.08892E00 3.23641E-01
1.99761E-01 3.90154E00 3.12621E-01
2.00369E-01 3.98475E00 3.14131E-01
2.00977E-01 3.76959E00 3.21558E-01
2.01585E-01 3.98435E00 3.14049E-01
2.02193E-01 4.07322E00 3.12792E-01
2.02802E-01 3.80563E00 3.24124E-01
2.03410E-01 4.17740E00 3.14354E-01
2.04018E-01 3.69608E00 3.18275E-01
2.04626E-01 3.94860E00 3.24084E-01
2.05234E-01 3.55850E00 3.12361E-01
2.05842E-01 3.86530E00 2.99873E-01
2.06450E-01 3.61580E00 3.21686E-01
2.07058E-01 3.50775E00 3.15325E-01
2.07666E-01 3.69307E00 3.13950E-01
2.08274E-01 3.76556E00 3.38411E-01
2.08882E-01 3.86674E00 3.05053E-01
2.09490E-01 3.43737E00 3.16701E-01
2.10098E-01 3.55938E00 3.08195E-01
2.10706E-01 3.52403E00 3.11779E-01
2.11314E-01 3.90696E00 3.19235E-01
2.11922E-01 3.99970E00 3.35739E-01
2.12530E-01 3.70507E00 3.31599E-01
2.13138E-01 3.49000E00 3.12551E-01
2.13746E-01 3.17827E00 3.22138E-01
2.14354E-01 3.43793E00 3.12296E-01
2.14962E-01 3.17065E00 3.04865E-01
2.15570E-01 3.51521E00 3.13068E-01
2.16178E-01 3.15964E00 3.12576E-01
2.16786E-01 3.02876E00 3.13174E-01
2.17394E-01 3.51640E00 3.18392E-01
2.18002E-01 3.28091E00 3.03325E-01
2.18610E-01 3.13841E00 3.26102E-01
2.19219E-01 3.05345E00 3.19446E-01
2.19827E-01 2.85263E00 3.25118E-01
2.20435E-01 3.08042E00 3.12611E-01
2.21043E-01 3.12360E00 3.28761E-01
2.21651E-01 3.15458E00 3.14303E-01
2.22259E-01 3.17553E00 3.23176E-01
2.22867E-01 3.27552E00 3.28260E-01
2.23475E-01 3.09569E00 3.24205E-01
2.24083E-01 3.33245E00 3.09216E-01
2.24691E-01 2.95919E00 3.29819E-01
2.25299E-01 2.81329E00 3.20360E-01
2.25907E-01 2.90461E00 3.16514E-01
2.26515E-01 3.11594E00 3.20936E-01
2.27123E-01 2.68043E00 3.16483E-01
2.27731E-01 2.88568E00 3.20327E-01
2.28339E-01 2.89614E00 3.17806E-01
2.28947E-01 2.91976E00 3.31041E-01
2.29555E-01 2.82302E00 3.23844E-01
2.30163E-01 2.84079E00 3.29674E-01
2.30771E-01 3.07406E00 3.23897E-01
2.31379E-01 2.89245E00 3.10652E-01
2.31987E-01 2.81461E00 3.31063E-01
2.32595E-01 2.40903E00 3.30504E-01
2.33203E-01 2.38700E00 3.12578E-01
2.33811E-01 2.66554E00 3.33083E-01
2.34419E-01 2.26782E00 3.11506E-01
2.35027E-01 2.80082E00 3.27005E-01
2.35635E-01 2.63253E00 3.32993E-01
2.36243E-01 3.03803E00 3.26221E-01
2.36851E-01 3.00621E00 3.26420E-01
2.37459E-01 2.84691E00 3.38837E-01
2.38067E-01 2.48109E00 3.17286E-01
2.38675E-01 2.85239E00 3.26754E-01
2.39283E-01 2.71346E00 3.22128E-01
2.39891E-01 2.74997E00 3.24716E-01
2.40499E-01 2.79504E00 3.21253E-01
2.41107E-01 2.46585E00 3.27859E-01
2.41715E-01 2.92531E00 3.30293E-01
2.42323E-01 2.57654E00 3.13809E-01
2.42931E-01 2.70136E00 3.39117E-01
2.43539E-01 2.28833E00 3.31069E-01
2.44147E-01 2.29636E00 3.36970E-01
2.44755E-01 2.09694E00 3.44339E-01
2.45363E-01 2.06300E00 3.27847E-01
2.45971E-01 2.40056E00 3.28617E-01
2.46579E-01 2.26064E00 3.40977E-01
2.47187E-01 2.53452E00 3.17151E-01
2.47795E-01 2.44096E00 3.09770E-01
2.48403E-01 2.17058E00 3.21456E-01
2.49011E-01 2.42228E00 3.10878E-01
2.49619E-01 2.14136E00 3.10648E-01
2.50227E-01 2.07799E00 3.19517E-01
2.50835E-01 1.95051E00 3.02271E-01
2.51443E-01 2.12492E00 3.03258E-01
2.52051E-01 2.12084E00 3.18084E-01
2.52659E-01 2.19988E00 3.03867E-01
2.53267E-01 2.04163E00 3.09291E-01
2.53875E-01 2.16273E00 3.17003E-01
2.54483E-01 2.22523E00 3.16126E-01
2.55091E-01 2.21112E00 3.03062E-01
2.55699E-01 2.24022E00 3.15496E-01
2.56307E-01 2.14813E00 3.08103E-01
2.56915E-01 2.37816E00 3.09105E-01
2.57523E-01 1.90722E00 6.27345E-01
2.58131E-01 2.25299E00 3.25672E-01
2.58739E-01 1.82300E00 3.47639E-01
2.59347E-01 1.86455E00 3.44519E-01
2.59955E-01 1.79000E00 3.22674E-01
2.60563E-01 2.20008E00 3.20982E-01
2.61171E-01 1.97905E00 3.18957E-01
2.61779E-01 2.01936E00 3.10952E-01
2.62387E-01 1.85447E00 3.00498E-01
2.62995E-01 2.09049E00 3.10218E-01
2.63603E-01 2.00627E00 3.02315E-01
2.64211E-01 1.98201E00 3.07221E-01
2.64819E-01 2.19370E00 3.23754E-01
2.65427E-01 1.76911E00 3.12620E-01
2.66035E-01 2.02310E00 3.16284E-01
2.66643E-01 1.91768E00 3.05788E-01
2.67251E-01 1.86006E00 3.05091E-01
2.67859E-01 1.84985E00 2.97740E-01
2.68467E-01 2.01099E00 3.17518E-01
2.69075E-01 2.00138E00 3.03964E-01
2.69683E-01 1.89756E00 3.15369E-01
2.70291E-01 1.94240E00 3.09982E-01
2.70899E-01 1.99389E00 3.20758E-01
2.71507E-01 1.95446E00 3.11476E-01
2.72115E-01 1.60025E00 3.14326E-01
2.72723E-01 1.68491E00 3.08524E-01
2.73331E-01 1.81095E00 3.16932E-01
2.73939E-01 1.86554E00 3.20806E-01
2.74547E-01 2.02230E00 3.09330E-01
2.75155E-01 2.04329E00 3.07039E-01
2.75763E-01 1.92757E00 3.10059E-01
2.76371E-01 2.03910E00 3.02943E-01
2.76979E-01 1.91997E00 2.94294E-01
2.77587E-01 2.15444E00 3.03088E-01
2.78195E-01 1.72182E00 3.09899E-01
2.78803E-01 1.91733E00 2.98357E-01
2.79411E-01 1.78969E00 3.09294E-01
2.80019E-01 1.87550E00 3.05311E-01
2.80626E-01 1.80331E00 3.01477E-01
2.81234E-01 1.76661E00 3.13466E-01
2.81842E-01 1.60547E00 2.99753E-01
2.82450E-01 1.66290E00 3.05495E-01
2.83058E-01 1.75958E00 3.07721E-01
2.83666E-01 1.74226E00 3.09923E-01
2.84274E-01 1.67438E00 3.05329E-01
2.84882E-01 1.71887E00 3.07045E-01
2.85490E-01 1.80211E00 3.12687E-01
2.86098E-01 1.64783E00 3.11801E-01
2.86706E-01 1.48029E00 3.23278E-01
2.87314E-01 1.37464E00 3.07179E-01
2.87922E-01 1.54171E00 3.11166E-01
2.88530E-01 1.40393E00 3.17961E-01
2.89138E-01 1.25847E00 3.06662E-01
2.89746E-01 1.74128E00 2.97988E-01
2.90354E-01 1.56612E00 3.17287E-01
2.90962E-01 1.74821E00 3.12401E-01
2.91570E-01 1.71521E00 3.10525E-01
2.92178E-01 1.51149E00 3.11532E-01
2.92786E-01 1.88364E00 3.11553E-01
2.93394E-01 1.35954E00 3.06389E-01
2.94002E-01 1.67938E00 3.12640E-01
2.94610E-01 1.34359E00 3.04678E-01
2.95217E-01 1.32350E00 3.03189E-01
2.95825E-01 1.23256E00 3.22441E-01
2.96433E-01 1.33423E00 3.06737E-01
2.97041E-01 1.40645E00 3.16019E-01
2.97649E-01 1.56740E00 3.00863E-01
2.98257E-01 1.31240E00 3.15142E-01
2.98865E-01 1.47981E00 3.00324E-01
2.99473E-01 1.46696E00 3.13271E-01
3.00081E-01 1.59552E00 3.07428E-01
3.00689E-01 1.79867E00 3.04017E-01
3.01297E-01 1.34977E00 3.06157E-01
3.01905E-01 1.65774E00 3.04271E-01
3.02513E-01 1.61735E00 3.00661E-01
3.03121E-01 1.48094E00 3.09424E-01
3.03729E-01 1.58487E00 3.01580E-01
3.04337E-01 1.33704E00 3.01249E-01
3.04945E-01 1.42194E00 3.31203E-01
3.05553E-01 1.22195E00 3.03812E-01
3.06160E-01 1.40775E00 3.14469E-01
3.06768E-01 1.38731E00 3.14071E-01
3.07376E-01 1.30464E00 3.32023E-01
3.07984E-01 1.50379E00 3.44888E-01
3.08592E-01 1.33636E00 3.50475E-01
3.09200E-01 1.53611E00 3.82164E-01
3.09808E-01 1.69568E00 3.65523E-01
3.10416E-01 1.26069E00 3.69520E-01
3.11024E-01 1.58413E00 3.89144E-01
3.11632E-01 1.38498E00 3.85938E-01
3.12240E-01 1.46507E00 4.03908E-01
3.12848E-01 1.41421E00 4.09154E-01
3.13456E-01 1.14533E00 4.05038E-01
3.14064E-01 1.34740E00 4.21094E-01
3.14671E-01 1.25742E00 4.44997E-01
3.15279E-01 1.30677E00 4.15454E-01
3.15887E-01 1.31685E00 4.46838E-01
3.16495E-01 1.21278E00 4.53262E-01
3.17103E-01 1.44631E00 4.55282E-01
3.17711E-01 1.17478E00 4.69095E-01
3.18319E-01 1.18774E00 4.97913E-01
3.18927E-01 1.33453E00 5.09633E-01
3.19535E-01 6.78046E-01 5.02364E-01
3.20143E-01 1.14717E00 5.47640E-01
3.20751E-01 8.08934E-01 5.32086E-01
3.21359E-01 1.46808E00 5.33671E-01
3.21967E-01 1.34244E00 5.74883E-01
3.22574E-01 1.27518E00 5.38425E-01
3.23182E-01 1.44021E00 5.62310E-01
3.23790E-01 1.26980E00 5.85379E-01
3.24398E-01 2.15968E00 5.63168E-01
3.25006E-01 1.35592E00 6.21181E-01

# Following corresponds to: 1_8_90bpDNAHU_scatter.dat

1.00340E-02 4.37107E02 1.34112E02
1.06420E-02 4.42200E02 8.92469E01
1.12500E-02 4.37817E02 1.03818E02
1.18590E-02 4.30235E02 9.06886E01
1.24670E-02 4.26666E02 3.26062E02
1.30750E-02 4.21547E02 3.14062E02
1.36830E-02 4.14587E02 2.00883E02
1.42910E-02 4.08235E02 1.83218E02
1.48990E-02 3.91143E02 1.38450E02
1.55070E-02 3.90180E02 1.16873E02
1.61150E-02 3.74641E02 8.38775E01
1.67240E-02 3.73179E02 8.07801E01
1.73320E-02 3.48246E02 5.83376E01
1.79400E-02 3.58619E02 5.25788E01
1.85480E-02 3.45248E02 4.73209E01
1.91560E-02 3.34819E02 4.01642E01
1.97640E-02 3.18374E02 3.19038E01
2.03720E-02 3.17586E02 2.88539E01
2.09800E-02 3.05547E02 2.36590E01
2.15890E-02 3.02894E02 2.20418E01
2.21970E-02 2.91431E02 1.94709E01
2.28050E-02 2.81587E02 1.76272E01
2.34130E-02 2.79812E02 1.48826E01
2.40210E-02 2.71181E02 1.39244E01
2.46290E-02 2.64197E02 1.16279E01
2.52370E-02 2.51944E02 1.10084E01
2.58450E-02 2.54080E02 1.02654E01
2.64540E-02 2.41377E02 1.01557E01
2.70620E-02 2.38403E02 8.01595E00
2.76700E-02 2.30634E02 8.27434E00
2.82780E-02 2.24279E02 6.68693E00
2.88860E-02 2.20981E02 1.25381E01
2.94940E-02 2.19204E02 5.56770E00
3.01020E-02 2.12590E02 1.76274E01
3.07100E-02 2.12334E02 3.11494E01
3.13190E-02 2.04413E02 1.80023E01
3.19270E-02 2.00609E02 2.60226E01
3.25350E-02 1.93625E02 4.98580E00
3.31430E-02 1.90833E02 1.45015E01
3.37510E-02 1.85720E02 3.72987E00
3.43590E-02 1.82160E02 3.72426E00
3.49670E-02 1.81042E02 3.33294E00
3.55750E-02 1.77007E02 2.59799E00
3.61840E-02 1.74501E02 2.50727E00
3.67920E-02 1.68221E02 2.75754E00
3.74000E-02 1.68407E02 2.15396E00
3.80080E-02 1.65823E02 1.99416E00
3.86160E-02 1.64463E02 2.22877E00
3.92240E-02 1.61489E02 2.30143E00
3.98320E-02 1.57753E02 2.04278E00
4.04400E-02 1.54164E02 1.88177E00
4.10490E-02 1.51277E02 1.88545E00
4.16570E-02 1.48239E02 1.81737E00
4.22650E-02 1.46721E02 1.70983E00
4.28730E-02 1.43399E02 1.80401E00
4.34810E-02 1.42969E02 1.61224E00
4.40890E-02 1.39489E02 1.91252E00
4.46970E-02 1.38853E02 1.60486E00
4.53050E-02 1.35919E02 1.70767E00
4.59140E-02 1.33899E02 1.61614E00
4.65220E-02 1.30455E02 1.52285E00
4.71300E-02 1.28804E02 1.39977E00
4.77380E-02 1.28312E02 1.55935E00
4.83460E-02 1.26061E02 1.44886E00
4.89540E-02 1.24543E02 1.36552E00
4.95620E-02 1.21593E02 1.40213E00
5.01700E-02 1.20089E02 1.24895E00
5.07790E-02 1.16570E02 1.29895E00
5.13870E-02 1.16015E02 1.31725E00
5.19950E-02 1.13515E02 1.32272E00
5.26030E-02 1.11885E02 1.25598E00
5.32110E-02 1.10131E02 1.38342E00
5.38190E-02 1.08075E02 1.18045E00
5.44270E-02 1.06837E02 1.17273E00
5.50350E-02 1.05841E02 1.18553E00
5.56440E-02 1.02737E02 1.14386E00
5.62520E-02 1.02112E02 1.09078E00
5.68600E-02 1.01230E02 1.22109E00
5.74680E-02 9.79526E01 1.10695E00
5.80760E-02 9.68684E01 1.15090E00
5.86840E-02 9.59417E01 1.08960E00
5.92920E-02 9.39895E01 1.05591E00
5.99000E-02 9.29644E01 1.03154E00
6.05090E-02 9.13524E01 1.06755E00
6.11170E-02 9.01435E01 9.75354E-01
6.17250E-02 8.92981E01 1.06086E00
6.23330E-02 8.78659E01 1.01666E00
6.29410E-02 8.64728E01 9.85830E-01
6.35490E-02 8.55888E01 1.00194E00
6.41570E-02 8.40211E01 1.00485E00
6.47650E-02 8.17626E01 8.11115E-01
6.53740E-02 8.15854E01 8.15819E-01
6.59820E-02 7.95288E01 7.86981E-01
6.65900E-02 7.90590E01 7.95211E-01
6.71980E-02 7.80455E01 7.21135E-01
6.78060E-02 7.67039E01 7.60371E-01
6.84140E-02 7.55261E01 7.59028E-01
6.90220E-02 7.43643E01 6.98826E-01
6.96300E-02 7.44515E01 7.18737E-01
7.02380E-02 7.32413E01 6.76883E-01
7.08470E-02 7.22573E01 6.49987E-01
7.14550E-02 7.03841E01 6.94095E-01
7.20630E-02 6.86577E01 6.65672E-01
7.26710E-02 6.81246E01 6.56623E-01
7.32790E-02 6.74390E01 6.55604E-01
7.38870E-02 6.65348E01 6.31176E-01
7.44950E-02 6.54807E01 6.53691E-01
7.51030E-02 6.48866E01 6.27962E-01
7.57120E-02 6.40073E01 6.07988E-01
7.63200E-02 6.31039E01 5.53389E-01
7.69280E-02 6.27139E01 6.31376E-01
7.75360E-02 6.11277E01 5.87753E-01
7.81440E-02 5.97801E01 5.81753E-01
7.87520E-02 5.92098E01 6.36727E-01
7.93600E-02 5.87005E01 5.70686E-01
7.99680E-02 5.72456E01 6.03314E-01
8.05760E-02 5.71727E01 5.46751E-01
8.11850E-02 5.61084E01 5.61048E-01
8.17930E-02 5.52060E01 5.63597E-01
8.24010E-02 5.49183E01 5.49011E-01
8.30090E-02 5.37426E01 5.56444E-01
8.36170E-02 5.31284E01 5.29871E-01
8.42250E-02 5.20337E01 5.44051E-01
8.48330E-02 5.15050E01 5.33848E-01
8.54410E-02 5.14462E01 5.18121E-01
8.60490E-02 5.06697E01 5.29796E-01
8.66580E-02 4.92271E01 5.20638E-01
8.72660E-02 4.91231E01 4.84032E-01
8.78740E-02 4.74569E01 5.47009E-01
8.84820E-02 4.67036E01 5.15566E-01
8.90900E-02 4.67864E01 5.15652E-01
8.96980E-02 4.65569E01 4.95469E-01
9.03060E-02 4.57034E01 4.87465E-01
9.09140E-02 4.54057E01 4.30477E-01
9.15220E-02 4.45760E01 4.48147E-01
9.21310E-02 4.43720E01 4.48404E-01
9.27390E-02 4.38975E01 4.66855E-01
9.33470E-02 4.31294E01 4.52450E-01
9.39550E-02 4.26997E01 4.89141E-01
9.45630E-02 4.16186E01 4.70801E-01
9.51710E-02 4.09954E01 4.61210E-01
9.57790E-02 4.03879E01 4.80422E-01
9.63870E-02 3.98408E01 4.19847E-01
9.69950E-02 3.90816E01 4.77686E-01
9.76040E-02 3.83826E01 4.66969E-01
9.82120E-02 3.88316E01 4.54385E-01
9.88200E-02 3.77936E01 4.50388E-01
9.94280E-02 3.75678E01 4.48283E-01
1.00036E-01 3.66606E01 4.19420E-01
1.00644E-01 3.60972E01 4.33301E-01
1.01252E-01 3.59609E01 4.25202E-01
1.01860E-01 3.59838E01 4.43099E-01
1.02468E-01 3.55205E01 4.04061E-01
1.03077E-01 3.45304E01 4.45595E-01
1.03685E-01 3.45294E01 4.30124E-01
1.04293E-01 3.33090E01 4.48017E-01
1.04901E-01 3.35641E01 4.18789E-01
1.05509E-01 3.27492E01 4.23203E-01
1.06117E-01 3.24644E01 4.19372E-01
1.06725E-01 3.22581E01 4.01673E-01
1.07333E-01 3.16971E01 4.05178E-01
1.07941E-01 3.15948E01 3.89029E-01
1.08550E-01 3.02272E01 4.07036E-01
1.09158E-01 3.08997E01 4.09830E-01
1.09766E-01 2.95730E01 4.33399E-01
1.10374E-01 2.97687E01 4.17854E-01
1.10982E-01 2.86479E01 4.19400E-01
1.11590E-01 2.89120E01 4.16750E-01
1.12198E-01 2.88340E01 4.20571E-01
1.12806E-01 2.84671E01 3.97260E-01
1.13414E-01 2.82090E01 4.05999E-01
1.14022E-01 2.73472E01 3.86471E-01
1.14631E-01 2.70134E01 3.68028E-01
1.15239E-01 2.67945E01 4.05830E-01
1.15847E-01 2.69225E01 3.54294E-01
1.16455E-01 2.64926E01 3.87095E-01
1.17063E-01 2.54831E01 3.79902E-01
1.17671E-01 2.55761E01 3.75250E-01
1.18279E-01 2.51118E01 3.68737E-01
1.18887E-01 2.48337E01 3.46046E-01
1.19495E-01 2.49446E01 3.58178E-01
1.20103E-01 2.42618E01 3.54702E-01
1.20712E-01 2.38689E01 3.77799E-01
1.21320E-01 2.33656E01 3.75302E-01
1.21928E-01 2.29124E01 3.59926E-01
1.22536E-01 2.32205E01 3.85916E-01
1.23144E-01 2.23368E01 3.35364E-01
1.23752E-01 2.24183E01 3.87990E-01
1.24360E-01 2.17651E01 3.54126E-01
1.24968E-01 2.18891E01 3.62491E-01
1.25576E-01 2.16118E01 3.74553E-01
1.26184E-01 2.14225E01 3.79322E-01
1.26793E-01 2.11878E01 3.59828E-01
1.27401E-01 2.07845E01 3.40724E-01
1.28009E-01 2.04338E01 3.73612E-01
1.28617E-01 2.00558E01 3.44768E-01
1.29225E-01 2.00920E01 3.50756E-01
1.29833E-01 1.95567E01 3.52582E-01
1.30441E-01 1.96051E01 3.52641E-01
1.31049E-01 1.95607E01 3.44503E-01
1.31657E-01 1.90351E01 3.45656E-01
1.32265E-01 1.91701E01 3.43275E-01
1.32873E-01 1.93041E01 3.30780E-01
1.33482E-01 1.88342E01 3.41465E-01
1.34090E-01 1.85545E01 3.48644E-01
1.34698E-01 1.85511E01 3.27911E-01
1.35306E-01 1.81573E01 3.64048E-01
1.35914E-01 1.77042E01 3.34036E-01
1.36522E-01 1.80081E01 3.35977E-01
1.37130E-01 1.75591E01 3.64407E-01
1.37738E-01 1.75636E01 3.34942E-01
1.38346E-01 1.75115E01 3.34856E-01
1.38954E-01 1.73872E01 3.23352E-01
1.39562E-01 1.66506E01 3.40374E-01
1.40171E-01 1.64191E01 3.24384E-01
1.40779E-01 1.64990E01 3.33830E-01
1.41387E-01 1.61308E01 3.41409E-01
1.41995E-01 1.60794E01 3.30024E-01
1.42603E-01 1.61940E01 3.14099E-01
1.43211E-01 1.57886E01 3.34394E-01
1.43819E-01 1.58807E01 3.13930E-01
1.44427E-01 1.53714E01 3.22421E-01
1.45035E-01 1.53129E01 3.31159E-01
1.45643E-01 1.53246E01 3.05774E-01
1.46251E-01 1.47751E01 3.23029E-01
1.46860E-01 1.50177E01 3.11143E-01
1.47468E-01 1.46790E01 3.28101E-01
1.48076E-01 1.41345E01 3.20072E-01
1.48684E-01 1.40582E01 3.39064E-01
1.49292E-01 1.39724E01 3.10560E-01
1.49900E-01 1.38753E01 3.16216E-01
1.50508E-01 1.37178E01 3.18994E-01
1.51116E-01 1.33145E01 3.22758E-01
1.51724E-01 1.34560E01 3.19401E-01
1.52332E-01 1.28922E01 3.12011E-01
1.52940E-01 1.32254E01 3.35281E-01
1.53548E-01 1.25393E01 3.23665E-01
1.54156E-01 1.27148E01 3.20886E-01
1.54765E-01 1.24284E01 3.20744E-01
1.55373E-01 1.26356E01 3.14614E-01
1.55981E-01 1.25605E01 3.18928E-01
1.56589E-01 1.24033E01 3.03185E-01
1.57197E-01 1.24061E01 3.24406E-01
1.57805E-01 1.23615E01 3.19227E-01
1.58413E-01 1.20200E01 2.95133E-01
1.59021E-01 1.20129E01 3.08926E-01
1.59629E-01 1.15097E01 3.04723E-01
1.60237E-01 1.16771E01 3.21725E-01
1.60845E-01 1.16651E01 3.04922E-01
1.61453E-01 1.13847E01 2.96021E-01
1.62061E-01 1.15651E01 3.07950E-01
1.62670E-01 1.09165E01 3.07762E-01
1.63278E-01 1.11449E01 3.04892E-01
1.63886E-01 1.10265E01 3.04270E-01
1.64494E-01 1.04935E01 3.31397E-01
1.65102E-01 1.08940E01 3.10974E-01
1.65710E-01 1.06674E01 3.18610E-01
1.66318E-01 1.06771E01 3.82062E-01
1.66926E-01 1.06008E01 3.22418E-01
1.67534E-01 1.03184E01 2.99365E-01
1.68142E-01 1.01042E01 3.28790E-01
1.68750E-01 1.01625E01 2.94705E-01
1.69358E-01 9.79292E00 3.21784E-01
1.69966E-01 9.88575E00 3.03074E-01
1.70574E-01 9.64401E00 3.16203E-01
1.71183E-01 9.28455E00 2.91657E-01
1.71791E-01 9.34316E00 3.20416E-01
1.72399E-01 9.51468E00 4.08295E-01
1.73007E-01 9.17601E00 5.68440E-01
1.73615E-01 9.40887E00 3.33650E-01
1.74223E-01 9.20248E00 6.09664E-01
1.74831E-01 9.40790E00 3.15105E-01
1.75439E-01 9.12208E00 3.12124E-01
1.76047E-01 8.68253E00 3.12080E-01
1.76655E-01 8.86034E00 3.07394E-01
1.77263E-01 8.75557E00 3.29007E-01
1.77871E-01 8.69809E00 3.20666E-01
1.78479E-01 9.06856E00 3.18219E-01
1.79087E-01 8.65132E00 3.20349E-01
1.79695E-01 8.32244E00 3.36805E-01
1.80304E-01 8.68110E00 3.36110E-01
1.80912E-01 8.42158E00 3.21638E-01
1.81520E-01 8.48332E00 3.36842E-01
1.82128E-01 8.72537E00 3.12381E-01
1.82736E-01 8.34368E00 3.19111E-01
1.83344E-01 8.13546E00 3.16338E-01
1.83952E-01 8.29103E00 3.09641E-01
1.84560E-01 7.60614E00 3.05939E-01
1.85168E-01 7.61029E00 3.09674E-01
1.85776E-01 8.01877E00 2.95762E-01
1.86384E-01 7.73686E00 3.15127E-01
1.86992E-01 7.74141E00 3.19599E-01
1.87600E-01 7.43431E00 3.15591E-01
1.88208E-01 7.46512E00 3.23087E-01
1.88816E-01 7.39286E00 3.21888E-01
1.89424E-01 7.31470E00 3.03195E-01
1.90032E-01 7.57348E00 3.39744E-01
1.90641E-01 7.27502E00 3.11170E-01
1.91249E-01 6.95725E00 3.12867E-01
1.91857E-01 7.17425E00 3.15915E-01
1.92465E-01 7.00445E00 3.02349E-01
1.93073E-01 7.01993E00 2.90996E-01
1.93681E-01 6.83397E00 3.20129E-01
1.94289E-01 6.78691E00 3.21019E-01
1.94897E-01 6.46480E00 3.17281E-01
1.95505E-01 6.20720E00 3.26398E-01
1.96113E-01 6.36057E00 3.15263E-01
1.96721E-01 6.43383E00 3.07491E-01
1.97329E-01 6.39373E00 3.13310E-01
1.97937E-01 6.50640E00 3.14420E-01
1.98545E-01 6.57417E00 3.17603E-01
1.99153E-01 6.29950E00 3.31673E-01
1.99761E-01 6.16987E00 3.26634E-01
2.00369E-01 6.17644E00 3.22462E-01
2.00977E-01 6.25748E00 3.21764E-01
2.01585E-01 6.30108E00 3.23972E-01
2.02193E-01 6.35405E00 3.23797E-01
2.02802E-01 5.96283E00 3.31347E-01
2.03410E-01 6.18070E00 3.17419E-01
2.04018E-01 5.94584E00 3.27767E-01
2.04626E-01 6.17908E00 3.31862E-01
2.05234E-01 6.05435E00 3.20533E-01
2.05842E-01 6.24883E00 3.02749E-01
2.06450E-01 5.92504E00 3.36075E-01
2.07058E-01 5.74486E00 3.70938E-01
2.07666E-01 5.46718E00 3.25008E-01
2.08274E-01 5.52811E00 5.91694E-01
2.08882E-01 5.43749E00 3.07900E-01
2.09490E-01 5.22649E00 4.78026E-01
2.10098E-01 5.47303E00 3.06981E-01
2.10706E-01 5.26602E00 3.35458E-01
2.11314E-01 5.29104E00 3.22433E-01
2.11922E-01 5.62526E00 3.44515E-01
2.12530E-01 5.06058E00 3.33772E-01
2.13138E-01 5.31777E00 3.22633E-01
2.13746E-01 4.98388E00 3.28570E-01
2.14354E-01 5.02938E00 3.25107E-01
2.14962E-01 4.98146E00 3.18716E-01
2.15570E-01 4.92958E00 3.23417E-01
2.16178E-01 4.79481E00 3.15080E-01
2.16786E-01 5.00569E00 3.05867E-01
2.17394E-01 5.27442E00 3.21453E-01
2.18002E-01 5.07305E00 3.11669E-01
2.18610E-01 4.80819E00 3.36841E-01
2.19219E-01 4.90460E00 3.31746E-01
2.19827E-01 4.50729E00 3.35129E-01
2.20435E-01 4.73734E00 3.24569E-01
2.21043E-01 4.56346E00 3.37311E-01
2.21651E-01 4.71742E00 3.13097E-01
2.22259E-01 4.67719E00 3.24081E-01
2.22867E-01 4.68092E00 3.23281E-01
2.23475E-01 4.55963E00 3.10857E-01
2.24083E-01 4.58849E00 3.02101E-01
2.24691E-01 4.30987E00 3.29187E-01
2.25299E-01 4.35059E00 3.13903E-01
2.25907E-01 4.13288E00 3.21073E-01
2.26515E-01 4.46039E00 3.34650E-01
2.27123E-01 4.21194E00 3.24651E-01
2.27731E-01 4.32735E00 3.32962E-01
2.28339E-01 4.07781E00 3.28432E-01
2.28947E-01 4.36763E00 3.30567E-01
2.29555E-01 4.18535E00 3.32760E-01
2.30163E-01 4.02313E00 3.30328E-01
2.30771E-01 4.11968E00 3.28690E-01
2.31379E-01 3.96285E00 3.26807E-01
2.31987E-01 3.93055E00 3.28663E-01
2.32595E-01 3.68035E00 3.43519E-01
2.33203E-01 4.00447E00 3.17344E-01
2.33811E-01 3.85659E00 3.36076E-01
2.34419E-01 3.72570E00 3.20972E-01
2.35027E-01 3.89229E00 3.37710E-01
2.35635E-01 3.88550E00 3.26533E-01
2.36243E-01 3.86256E00 3.24357E-01
2.36851E-01 4.27505E00 3.25320E-01
2.37459E-01 3.58473E00 3.43993E-01
2.38067E-01 3.56561E00 3.26652E-01
2.38675E-01 3.68568E00 3.25809E-01
2.39283E-01 3.80513E00 3.28823E-01
2.39891E-01 3.79300E00 3.29123E-01
2.40499E-01 3.59589E00 3.30372E-01
2.41107E-01 3.85638E00 3.32053E-01
2.41715E-01 3.57982E00 3.23820E-01
2.42323E-01 4.05563E00 3.15860E-01
2.42931E-01 3.60238E00 3.34578E-01
2.43539E-01 3.31511E00 3.23919E-01
2.44147E-01 3.16765E00 3.26154E-01
2.44755E-01 3.30905E00 3.35447E-01
2.45363E-01 2.90538E00 3.13388E-01
2.45971E-01 3.46901E00 3.24972E-01
2.46579E-01 3.07397E00 3.30800E-01
2.47187E-01 3.40932E00 3.08785E-01
2.47795E-01 3.12412E00 3.18819E-01
2.48403E-01 3.30785E00 3.14182E-01
2.49011E-01 3.28681E00 3.16288E-01
2.49619E-01 3.05646E00 3.21003E-01
2.50227E-01 2.99520E00 3.29787E-01
2.50835E-01 2.95838E00 3.09292E-01
2.51443E-01 2.87991E00 3.16921E-01
2.52051E-01 3.18647E00 3.27618E-01
2.52659E-01 3.16341E00 3.12688E-01
2.53267E-01 2.98042E00 3.22914E-01
2.53875E-01 2.80466E00 3.09303E-01
2.54483E-01 2.59439E00 3.20735E-01
2.55091E-01 2.61097E00 3.09351E-01
2.55699E-01 3.05377E00 3.18168E-01
2.56307E-01 2.93569E00 3.14076E-01
2.56915E-01 3.16347E00 3.16412E-01
2.57523E-01 2.79894E00 3.24893E-01
2.58131E-01 3.14555E00 3.15658E-01
2.58739E-01 2.71791E00 3.51570E-01
2.59347E-01 2.91875E00 3.45763E-01
2.59955E-01 3.02973E00 3.31207E-01
2.60563E-01 2.86061E00 3.16892E-01
2.61171E-01 2.71908E00 3.20462E-01
2.61779E-01 2.67432E00 3.16560E-01
2.62387E-01 2.78051E00 3.10996E-01
2.62995E-01 2.49192E00 3.20252E-01
2.63603E-01 2.55880E00 3.10600E-01
2.64211E-01 2.51873E00 3.12573E-01
2.64819E-01 2.70522E00 3.25041E-01
2.65427E-01 2.54769E00 3.22071E-01
2.66035E-01 2.74380E00 3.14107E-01
2.66643E-01 2.76339E00 3.18951E-01
2.67251E-01 2.47702E00 3.10700E-01
2.67859E-01 2.67741E00 3.10895E-01
2.68467E-01 2.70311E00 3.28124E-01
2.69075E-01 2.70365E00 3.13881E-01
2.69683E-01 2.52444E00 3.17715E-01
2.70291E-01 2.35887E00 3.14782E-01
2.70899E-01 2.56597E00 3.21340E-01
2.71507E-01 2.35208E00 3.12825E-01
2.72115E-01 2.49471E00 3.20957E-01
2.72723E-01 2.44233E00 3.19304E-01
2.73331E-01 2.36541E00 3.19650E-01
2.73939E-01 2.28725E00 3.24548E-01
2.74547E-01 2.45071E00 3.12311E-01
2.75155E-01 2.28413E00 3.07032E-01
2.75763E-01 2.29800E00 3.19825E-01
2.76371E-01 2.42574E00 3.10114E-01
2.76979E-01 2.35555E00 2.99264E-01
2.77587E-01 2.41623E00 3.14904E-01
2.78195E-01 2.07617E00 3.14427E-01
2.78803E-01 2.27986E00 3.03052E-01
2.79411E-01 1.99087E00 3.12993E-01
2.80019E-01 2.11769E00 3.15273E-01
2.80626E-01 1.83719E00 2.99876E-01
2.81234E-01 1.99550E00 3.26009E-01
2.81842E-01 2.24780E00 3.03405E-01
2.82450E-01 2.17848E00 3.16630E-01
2.83058E-01 2.28993E00 3.10016E-01
2.83666E-01 2.19932E00 3.16392E-01
2.84274E-01 2.14039E00 3.05473E-01
2.84882E-01 2.22199E00 3.10724E-01
2.85490E-01 2.12268E00 3.09704E-01
2.86098E-01 2.06849E00 3.08756E-01
2.86706E-01 2.06302E00 3.20612E-01
2.87314E-01 1.80008E00 2.96469E-01
2.87922E-01 2.04671E00 3.13766E-01
2.88530E-01 1.73777E00 3.19271E-01
2.89138E-01 1.68242E00 3.11288E-01
2.89746E-01 1.85826E00 3.06351E-01
2.90354E-01 1.92406E00 3.25850E-01
2.90962E-01 2.07886E00 3.20974E-01
2.91570E-01 1.67500E00 3.19099E-01
2.92178E-01 1.85579E00 3.13123E-01
2.92786E-01 1.89948E00 3.14631E-01
2.93394E-01 1.75254E00 3.12783E-01
2.94002E-01 2.06876E00 3.12199E-01
2.94610E-01 2.00881E00 3.18196E-01
2.95217E-01 1.88703E00 3.05141E-01
2.95825E-01 1.98027E00 3.24396E-01
2.96433E-01 1.76507E00 3.09178E-01
2.97041E-01 1.77078E00 3.16410E-01
2.97649E-01 1.80551E00 3.05090E-01
2.98257E-01 1.69822E00 3.18379E-01
2.98865E-01 1.92819E00 3.02464E-01
2.99473E-01 1.88036E00 3.20810E-01
3.00081E-01 2.03593E00 3.19463E-01
3.00689E-01 1.89795E00 3.13515E-01
3.01297E-01 2.00747E00 3.13307E-01
3.01905E-01 1.82423E00 3.09375E-01
3.02513E-01 1.72182E00 3.08135E-01
3.03121E-01 1.76730E00 3.10412E-01
3.03729E-01 1.69416E00 3.18125E-01
3.04337E-01 1.53511E00 3.06891E-01
3.04945E-01 1.68282E00 3.40363E-01
3.05553E-01 1.66789E00 3.09247E-01
3.06160E-01 1.64286E00 3.17855E-01
3.06768E-01 1.68474E00 3.16321E-01
3.07376E-01 1.50019E00 3.37181E-01
3.07984E-01 1.66644E00 3.51437E-01
3.08592E-01 1.36434E00 3.61852E-01
3.09200E-01 1.58787E00 3.87648E-01
3.09808E-01 1.78320E00 3.63713E-01
3.10416E-01 1.43243E00 3.73060E-01
3.11024E-01 1.86537E00 3.91534E-01
3.11632E-01 1.49364E00 3.88825E-01
3.12240E-01 1.86842E00 4.05833E-01
3.12848E-01 1.59661E00 4.16006E-01
3.13456E-01 1.66980E00 4.19686E-01
3.14064E-01 1.34114E00 5.24866E-01
3.14671E-01 1.72526E00 4.51979E-01
3.15279E-01 1.40355E00 4.45984E-01
3.15887E-01 1.88339E00 4.56457E-01
3.16495E-01 1.54254E00 4.78065E-01
3.17103E-01 1.92052E00 4.66151E-01
3.17711E-01 1.78215E00 4.89828E-01
3.18319E-01 1.09510E00 5.00487E-01
3.18927E-01 1.10952E00 5.10760E-01
3.19535E-01 9.80108E-01 4.98134E-01
3.20143E-01 1.31333E00 5.61512E-01
3.20751E-01 7.23264E-01 5.35819E-01
3.21359E-01 1.33770E00 5.52979E-01
3.21967E-01 1.16866E00 5.75727E-01
3.22574E-01 1.40652E00 5.80082E-01
3.23182E-01 1.42909E00 5.91521E-01
3.23790E-01 1.69447E00 6.30580E-01
3.24398E-01 2.39594E00 5.93413E-01

# Following corresponds to: 1_4_90bpDNAHU_scatter.dat

1.00340E-02 4.92091E02 1.32007E02
1.06420E-02 5.15133E02 8.99864E01
1.12500E-02 4.86952E02 1.04050E02
1.18590E-02 4.69666E02 9.36552E01
1.24670E-02 4.73067E02 3.30751E02
1.30750E-02 4.60875E02 3.24361E02
1.36830E-02 4.52684E02 2.09299E02
1.42910E-02 4.51098E02 1.91957E02
1.48990E-02 4.35334E02 1.46777E02
1.55070E-02 4.28213E02 1.23316E02
1.61150E-02 4.14807E02 8.99684E01
1.67240E-02 4.27401E02 8.63683E01
1.73320E-02 3.92282E02 6.21498E01
1.79400E-02 3.96451E02 5.52667E01
1.85480E-02 3.80663E02 4.84111E01
1.91560E-02 3.71853E02 4.12467E01
1.97640E-02 3.59680E02 3.41052E01
2.03720E-02 3.58702E02 2.96436E01
2.09800E-02 3.40022E02 2.48905E01
2.15890E-02 3.40402E02 2.30180E01
2.21970E-02 3.29499E02 2.13328E01
2.28050E-02 3.27010E02 1.97006E01
2.34130E-02 3.20553E02 1.60709E01
2.40210E-02 3.11709E02 1.45988E01
2.46290E-02 3.00268E02 1.34341E01
2.52370E-02 2.91734E02 1.22455E01
2.58450E-02 2.92987E02 1.10442E01
2.64540E-02 2.76410E02 1.05386E01
2.70620E-02 2.73237E02 8.16537E00
2.76700E-02 2.67882E02 8.70108E00
2.82780E-02 2.60386E02 6.95898E00
2.88860E-02 2.53963E02 1.31061E01
2.94940E-02 2.52460E02 5.70509E00
3.01020E-02 2.45230E02 1.82162E01
3.07100E-02 2.44203E02 3.33167E01
3.13190E-02 2.37611E02 1.90349E01
3.19270E-02 2.33289E02 2.79365E01
3.25350E-02 2.27757E02 5.59530E00
3.31430E-02 2.26405E02 1.51037E01
3.37510E-02 2.19641E02 4.06028E00
3.43590E-02 2.15911E02 3.92706E00
3.49670E-02 2.13501E02 3.53349E00
3.55750E-02 2.08367E02 2.81790E00
3.61840E-02 2.05022E02 2.68390E00
3.67920E-02 2.00529E02 2.66463E00
3.74000E-02 1.99415E02 2.53618E00
3.80080E-02 1.95347E02 2.19736E00
3.86160E-02 1.92005E02 2.38160E00
3.92240E-02 1.88169E02 2.21941E00
3.98320E-02 1.84479E02 2.21047E00
4.04400E-02 1.82801E02 2.11482E00
4.10490E-02 1.79119E02 1.93319E00
4.16570E-02 1.75672E02 2.03056E00
4.22650E-02 1.73173E02 1.89646E00
4.28730E-02 1.70593E02 2.03698E00
4.34810E-02 1.67684E02 1.73125E00
4.40890E-02 1.65105E02 1.87056E00
4.46970E-02 1.63372E02 1.52805E00
4.53050E-02 1.60926E02 1.71577E00
4.59140E-02 1.57939E02 1.65846E00
4.65220E-02 1.54334E02 1.59161E00
4.71300E-02 1.51718E02 1.48020E00
4.77380E-02 1.52012E02 1.63870E00
4.83460E-02 1.49182E02 1.46217E00
4.89540E-02 1.46423E02 1.53392E00
4.95620E-02 1.45363E02 1.54250E00
5.01700E-02 1.42978E02 1.40211E00
5.07790E-02 1.40250E02 1.36138E00
5.13870E-02 1.38950E02 1.43350E00
5.19950E-02 1.36652E02 1.34974E00
5.26030E-02 1.34209E02 1.22047E00
5.32110E-02 1.32783E02 1.44356E00
5.38190E-02 1.29855E02 1.24269E00
5.44270E-02 1.27621E02 1.29217E00
5.50350E-02 1.27625E02 1.28677E00
5.56440E-02 1.24172E02 1.27681E00
5.62520E-02 1.23030E02 1.16662E00
5.68600E-02 1.21867E02 1.31421E00
5.74680E-02 1.19063E02 1.15969E00
5.80760E-02 1.19195E02 1.21787E00
5.86840E-02 1.16297E02 1.08595E00
5.92920E-02 1.14532E02 1.16532E00
5.99000E-02 1.12118E02 1.11030E00
6.05090E-02 1.10215E02 1.06841E00
6.11170E-02 1.08817E02 1.05671E00
6.17250E-02 1.07452E02 1.08634E00
6.23330E-02 1.06184E02 1.07136E00
6.29410E-02 1.04660E02 1.03688E00
6.35490E-02 1.03375E02 1.05674E00
6.41570E-02 1.03040E02 1.02242E00
6.47650E-02 1.00276E02 1.02143E00
6.53740E-02 1.00460E02 9.82419E-01
6.59820E-02 9.82424E01 9.28450E-01
6.65900E-02 9.66898E01 1.00102E00
6.71980E-02 9.59343E01 9.82915E-01
6.78060E-02 9.45931E01 1.04197E00
6.84140E-02 9.48784E01 1.02250E00
6.90220E-02 9.25226E01 9.72977E-01
6.96300E-02 9.20705E01 9.50918E-01
7.02380E-02 8.97369E01 8.64700E-01
7.08470E-02 8.87596E01 6.61184E-01
7.14550E-02 8.74974E01 6.98020E-01
7.20630E-02 8.67287E01 6.82429E-01
7.26710E-02 8.57701E01 6.80383E-01
7.32790E-02 8.45466E01 6.75462E-01
7.38870E-02 8.27765E01 6.91213E-01
7.44950E-02 8.21473E01 6.61741E-01
7.51030E-02 8.10410E01 6.42654E-01
7.57120E-02 8.02735E01 5.74929E-01
7.63200E-02 7.89308E01 6.09740E-01
7.69280E-02 7.82199E01 6.43782E-01
7.75360E-02 7.73184E01 6.37525E-01
7.81440E-02 7.61537E01 6.07310E-01
7.87520E-02 7.50418E01 6.22036E-01
7.93600E-02 7.47728E01 5.58450E-01
7.99680E-02 7.30800E01 5.94010E-01
8.05760E-02 7.27101E01 5.51266E-01
8.11850E-02 7.17256E01 5.82992E-01
8.17930E-02 7.07972E01 5.19976E-01
8.24010E-02 7.00457E01 5.48372E-01
8.30090E-02 6.87888E01 5.26737E-01
8.36170E-02 6.84685E01 5.02932E-01
8.42250E-02 6.75610E01 5.37665E-01
8.48330E-02 6.66002E01 4.91346E-01
8.54410E-02 6.55831E01 5.31563E-01
8.60490E-02 6.54785E01 5.63156E-01
8.66580E-02 6.38072E01 5.40893E-01
8.72660E-02 6.33738E01 4.86186E-01
8.78740E-02 6.23933E01 5.28207E-01
8.84820E-02 6.10117E01 5.12754E-01
8.90900E-02 6.00361E01 5.05651E-01
8.96980E-02 6.00812E01 4.69565E-01
9.03060E-02 5.89312E01 5.15317E-01
9.09140E-02 5.88266E01 4.37261E-01
9.15220E-02 5.80582E01 5.12496E-01
9.21310E-02 5.80011E01 5.21879E-01
9.27390E-02 5.68805E01 4.84744E-01
9.33470E-02 5.57756E01 4.59872E-01
9.39550E-02 5.58616E01 4.79694E-01
9.45630E-02 5.43320E01 4.66640E-01
9.51710E-02 5.42359E01 4.84315E-01
9.57790E-02 5.36839E01 5.10583E-01
9.63870E-02 5.26076E01 4.49563E-01
9.69950E-02 5.20024E01 4.92055E-01
9.76040E-02 5.07929E01 4.82378E-01
9.82120E-02 5.10456E01 4.57291E-01
9.88200E-02 5.01581E01 4.72870E-01
9.94280E-02 4.99163E01 4.44013E-01
1.00036E-01 4.91074E01 4.49572E-01
1.00644E-01 4.88623E01 4.42748E-01
1.01252E-01 4.81378E01 4.59957E-01
1.01860E-01 4.77359E01 4.58097E-01
1.02468E-01 4.68431E01 4.22814E-01
1.03077E-01 4.65109E01 4.74974E-01
1.03685E-01 4.56269E01 4.52288E-01
1.04293E-01 4.49217E01 4.68463E-01
1.04901E-01 4.44612E01 4.46791E-01
1.05509E-01 4.38145E01 4.35399E-01
1.06117E-01 4.38466E01 4.38972E-01
1.06725E-01 4.33818E01 3.99130E-01
1.07333E-01 4.27715E01 4.32760E-01
1.07941E-01 4.21944E01 3.96913E-01
1.08550E-01 4.12847E01 4.37538E-01
1.09158E-01 4.17014E01 4.30169E-01
1.09766E-01 4.03065E01 4.32419E-01
1.10374E-01 4.08850E01 3.95885E-01
1.10982E-01 3.99194E01 4.10477E-01
1.11590E-01 3.96956E01 4.05759E-01
1.12198E-01 3.93331E01 4.14508E-01
1.12806E-01 3.86051E01 3.86957E-01
1.13414E-01 3.79368E01 4.04483E-01
1.14022E-01 3.73317E01 4.15707E-01
1.14631E-01 3.67358E01 3.71617E-01
1.15239E-01 3.65000E01 4.19276E-01
1.15847E-01 3.64933E01 3.75773E-01
1.16455E-01 3.60878E01 3.80212E-01
1.17063E-01 3.50014E01 3.92158E-01
1.17671E-01 3.48087E01 3.85105E-01
1.18279E-01 3.41218E01 3.84945E-01
1.18887E-01 3.42163E01 3.64810E-01
1.19495E-01 3.39116E01 3.70137E-01
1.20103E-01 3.37887E01 3.72356E-01
1.20712E-01 3.31001E01 3.85365E-01
1.21320E-01 3.29835E01 3.92772E-01
1.21928E-01 3.23436E01 3.42258E-01
1.22536E-01 3.19658E01 3.86746E-01
1.23144E-01 3.15479E01 3.50540E-01
1.23752E-01 3.14973E01 3.77075E-01
1.24360E-01 3.09654E01 3.69282E-01
1.24968E-01 3.04249E01 3.63310E-01
1.25576E-01 3.02914E01 3.88109E-01
1.26184E-01 3.02902E01 3.65285E-01
1.26793E-01 2.99545E01 3.53384E-01
1.27401E-01 2.95484E01 3.50828E-01
1.28009E-01 2.88537E01 3.71612E-01
1.28617E-01 2.88016E01 3.60338E-01
1.29225E-01 2.85574E01 3.45422E-01
1.29833E-01 2.84044E01 3.72987E-01
1.30441E-01 2.83812E01 3.69935E-01
1.31049E-01 2.80683E01 3.40211E-01
1.31657E-01 2.76894E01 3.76613E-01
1.32265E-01 2.70435E01 3.73119E-01
1.32873E-01 2.71012E01 3.75008E-01
1.33482E-01 2.66300E01 3.62428E-01
1.34090E-01 2.64619E01 3.51439E-01
1.34698E-01 2.61875E01 3.43328E-01
1.35306E-01 2.56999E01 3.76513E-01
1.35914E-01 2.54603E01 3.41277E-01
1.36522E-01 2.52482E01 3.34171E-01
1.37130E-01 2.46325E01 3.60902E-01
1.37738E-01 2.45026E01 3.37086E-01
1.38346E-01 2.38376E01 3.50157E-01
1.38954E-01 2.43088E01 3.33092E-01
1.39562E-01 2.38209E01 3.51382E-01
1.40171E-01 2.35852E01 3.34916E-01
1.40779E-01 2.32528E01 3.38162E-01
1.41387E-01 2.28823E01 3.68937E-01
1.41995E-01 2.28544E01 3.56464E-01
1.42603E-01 2.24429E01 3.33148E-01
1.43211E-01 2.22969E01 3.39459E-01
1.43819E-01 2.22854E01 3.34026E-01
1.44427E-01 2.15346E01 3.44348E-01
1.45035E-01 2.17113E01 3.39334E-01
1.45643E-01 2.14659E01 3.22829E-01
1.46251E-01 2.07385E01 3.37420E-01
1.46860E-01 2.12494E01 3.39772E-01
1.47468E-01 2.08879E01 3.21427E-01
1.48076E-01 2.07505E01 3.29782E-01
1.48684E-01 2.06539E01 3.44692E-01
1.49292E-01 2.01064E01 3.17235E-01
1.49900E-01 1.99603E01 3.41118E-01
1.50508E-01 1.94168E01 3.15542E-01
1.51116E-01 1.92328E01 3.42013E-01
1.51724E-01 1.93980E01 3.42779E-01
1.52332E-01 1.86987E01 3.18771E-01
1.52940E-01 1.85850E01 3.31356E-01
1.53548E-01 1.85465E01 3.22019E-01
1.54156E-01 1.84779E01 3.19721E-01
1.54765E-01 1.80951E01 3.04453E-01
1.55373E-01 1.81720E01 3.19511E-01
1.55981E-01 1.77738E01 3.19060E-01
1.56589E-01 1.76560E01 3.26448E-01
1.57197E-01 1.74837E01 3.25568E-01
1.57805E-01 1.78031E01 3.16646E-01
1.58413E-01 1.70204E01 3.07672E-01
1.59021E-01 1.72452E01 3.23474E-01
1.59629E-01 1.66225E01 2.93190E-01
1.60237E-01 1.67281E01 3.37067E-01
1.60845E-01 1.66743E01 2.96942E-01
1.61453E-01 1.62398E01 3.09648E-01
1.62061E-01 1.63903E01 3.09383E-01
1.62670E-01 1.60202E01 3.09910E-01
1.63278E-01 1.60032E01 3.16833E-01
1.63886E-01 1.58771E01 3.06963E-01
1.64494E-01 1.56011E01 3.38102E-01
1.65102E-01 1.57679E01 3.11362E-01
1.65710E-01 1.51381E01 3.27972E-01
1.66318E-01 1.51735E01 3.28570E-01
1.66926E-01 1.50845E01 3.08388E-01
1.67534E-01 1.47980E01 3.00088E-01
1.68142E-01 1.48635E01 3.42191E-01
1.68750E-01 1.45297E01 2.94605E-01
1.69358E-01 1.43903E01 3.22942E-01
1.69966E-01 1.41018E01 2.98014E-01
1.70574E-01 1.38386E01 3.13662E-01
1.71183E-01 1.35090E01 2.96936E-01
1.71791E-01 1.35062E01 3.08949E-01
1.72399E-01 1.38932E01 3.28248E-01
1.73007E-01 1.33620E01 3.21441E-01
1.73615E-01 1.34126E01 3.28680E-01
1.74223E-01 1.33208E01 3.21823E-01
1.74831E-01 1.32984E01 3.31605E-01
1.75439E-01 1.30651E01 3.23598E-01
1.76047E-01 1.29400E01 3.24780E-01
1.76655E-01 1.24222E01 3.15372E-01
1.77263E-01 1.26800E01 3.33029E-01
1.77871E-01 1.27497E01 3.25870E-01
1.78479E-01 1.29953E01 3.28731E-01
1.79087E-01 1.25031E01 3.20725E-01
1.79695E-01 1.23173E01 3.34869E-01
1.80304E-01 1.24680E01 3.23261E-01
1.80912E-01 1.21090E01 3.39639E-01
1.81520E-01 1.18942E01 3.31181E-01
1.82128E-01 1.21248E01 3.17828E-01
1.82736E-01 1.14405E01 3.21735E-01
1.83344E-01 1.14256E01 3.22620E-01
1.83952E-01 1.14634E01 3.16476E-01
1.84560E-01 1.11907E01 3.17749E-01
1.85168E-01 1.09524E01 3.11055E-01
1.85776E-01 1.14335E01 2.99719E-01
1.86384E-01 1.09351E01 3.09630E-01
1.86992E-01 1.06747E01 3.04940E-01
1.87600E-01 1.06546E01 3.22004E-01
1.88208E-01 1.04448E01 3.17557E-01
1.88816E-01 1.06820E01 3.19578E-01
1.89424E-01 1.05119E01 2.97962E-01
1.90032E-01 1.06363E01 3.29960E-01
1.90641E-01 1.04587E01 3.10640E-01
1.91249E-01 1.02234E01 3.18425E-01
1.91857E-01 1.03421E01 3.11598E-01
1.92465E-01 1.00429E01 3.15362E-01
1.93073E-01 9.89673E00 2.93155E-01
1.93681E-01 9.69070E00 3.14072E-01
1.94289E-01 9.85798E00 3.13881E-01
1.94897E-01 9.58612E00 3.02837E-01
1.95505E-01 9.42905E00 3.17348E-01
1.96113E-01 9.24963E00 3.13160E-01
1.96721E-01 9.10384E00 3.04120E-01
1.97329E-01 9.30602E00 3.23483E-01
1.97937E-01 9.29047E00 3.22539E-01
1.98545E-01 9.04530E00 3.15917E-01
1.99153E-01 9.28626E00 3.33297E-01
1.99761E-01 8.65041E00 3.18937E-01
2.00369E-01 8.90975E00 3.16464E-01
2.00977E-01 8.78910E00 3.33148E-01
2.01585E-01 8.93149E00 3.27228E-01
2.02193E-01 8.89095E00 3.21945E-01
2.02802E-01 8.70732E00 3.41634E-01
2.03410E-01 8.69368E00 3.15163E-01
2.04018E-01 8.68854E00 3.21754E-01
2.04626E-01 8.64114E00 3.31932E-01
2.05234E-01 8.58608E00 3.12664E-01
2.05842E-01 8.76474E00 3.14446E-01
2.06450E-01 8.34450E00 3.30435E-01
2.07058E-01 8.13112E00 3.24319E-01
2.07666E-01 8.21064E00 3.30236E-01
2.08274E-01 7.78556E00 3.51266E-01
2.08882E-01 8.11138E00 3.15547E-01
2.09490E-01 7.76178E00 3.27850E-01
2.10098E-01 7.73058E00 3.14513E-01
2.10706E-01 7.61951E00 3.25663E-01
2.11314E-01 7.74995E00 3.25416E-01
2.11922E-01 7.90014E00 3.38309E-01
2.12530E-01 7.43331E00 3.22282E-01
2.13138E-01 7.19120E00 3.19386E-01
2.13746E-01 6.81712E00 3.28163E-01
2.14354E-01 7.10443E00 3.32083E-01
2.14962E-01 7.06736E00 3.16291E-01
2.15570E-01 7.05390E00 3.27623E-01
2.16178E-01 6.93359E00 3.23926E-01
2.16786E-01 7.10977E00 3.09813E-01
2.17394E-01 7.45623E00 3.34136E-01
2.18002E-01 7.10130E00 3.12596E-01
2.18610E-01 6.76453E00 3.34550E-01
2.19219E-01 6.92474E00 3.34577E-01
2.19827E-01 6.63102E00 3.34432E-01
2.20435E-01 6.90000E00 3.21073E-01
2.21043E-01 6.76492E00 3.30498E-01
2.21651E-01 6.68911E00 3.09915E-01
2.22259E-01 6.63760E00 3.27016E-01
2.22867E-01 6.64954E00 3.21469E-01
2.23475E-01 6.31465E00 3.16816E-01
2.24083E-01 6.63954E00 3.08547E-01
2.24691E-01 6.35875E00 3.35761E-01
2.25299E-01 6.05520E00 3.21272E-01
2.25907E-01 5.84566E00 3.30331E-01
2.26515E-01 6.14633E00 3.42372E-01
2.27123E-01 5.77594E00 3.33002E-01
2.27731E-01 5.95452E00 3.31953E-01
2.28339E-01 5.90394E00 3.38706E-01
2.28947E-01 6.17196E00 3.25556E-01
2.29555E-01 5.99903E00 3.28266E-01
2.30163E-01 5.81404E00 3.22425E-01
2.30771E-01 6.15613E00 3.18838E-01
2.31379E-01 5.76685E00 3.21326E-01
2.31987E-01 5.67460E00 3.30651E-01
2.32595E-01 5.28136E00 3.35247E-01
2.33203E-01 5.56093E00 3.22522E-01
2.33811E-01 5.33697E00 3.34096E-01
2.34419E-01 5.18257E00 3.18376E-01
2.35027E-01 5.38056E00 3.18883E-01
2.35635E-01 5.37139E00 3.17813E-01
2.36243E-01 5.74539E00 3.16808E-01
2.36851E-01 5.62631E00 3.13934E-01
2.37459E-01 5.42785E00 3.28316E-01
2.38067E-01 5.37496E00 3.19108E-01
2.38675E-01 5.41237E00 3.24367E-01
2.39283E-01 5.36487E00 3.30408E-01
2.39891E-01 5.45121E00 3.24566E-01
2.40499E-01 5.17873E00 3.43746E-01
2.41107E-01 5.22728E00 3.25711E-01
2.41715E-01 5.04799E00 3.34077E-01
2.42323E-01 5.00247E00 3.07053E-01
2.42931E-01 5.07306E00 3.36506E-01
2.43539E-01 4.72372E00 3.16613E-01
2.44147E-01 4.84878E00 3.32250E-01
2.44755E-01 4.75881E00 3.34138E-01
2.45363E-01 4.60344E00 3.28758E-01
2.45971E-01 4.84974E00 3.27605E-01
2.46579E-01 4.72285E00 3.36345E-01
2.47187E-01 4.87529E00 3.04667E-01
2.47795E-01 4.70587E00 3.17439E-01
2.48403E-01 4.31004E00 3.15924E-01
2.49011E-01 4.35070E00 3.16709E-01
2.49619E-01 4.02410E00 3.19635E-01
2.50227E-01 4.45058E00 3.22616E-01
2.50835E-01 4.20705E00 3.06419E-01
2.51443E-01 4.34776E00 3.15415E-01
2.52051E-01 4.50606E00 3.26987E-01
2.52659E-01 4.22310E00 3.15962E-01
2.53267E-01 4.37000E00 3.33669E-01
2.53875E-01 4.01753E00 3.17300E-01
2.54483E-01 4.23358E00 3.45197E-01
2.55091E-01 4.25625E00 3.04778E-01
2.55699E-01 4.38582E00 3.32344E-01
2.56307E-01 4.13677E00 3.13424E-01
2.56915E-01 4.42437E00 3.19076E-01
2.57523E-01 4.17372E00 3.30463E-01
2.58131E-01 4.31435E00 3.27806E-01
2.58739E-01 4.14447E00 3.54819E-01
2.59347E-01 3.93986E00 3.53596E-01
2.59955E-01 3.87473E00 3.30186E-01
2.60563E-01 4.14443E00 3.23819E-01
2.61171E-01 3.82303E00 3.25341E-01
2.61779E-01 3.92118E00 3.19160E-01
2.62387E-01 3.79629E00 3.18381E-01
2.62995E-01 3.98537E00 3.17948E-01
2.63603E-01 3.74471E00 3.15937E-01
2.64211E-01 3.63673E00 3.20899E-01
2.64819E-01 3.81302E00 3.31762E-01
2.65427E-01 3.39728E00 3.21575E-01
2.66035E-01 3.76785E00 3.27006E-01
2.66643E-01 3.79545E00 3.14636E-01
2.67251E-01 3.49275E00 3.21505E-01
2.67859E-01 3.62451E00 3.10277E-01
2.68467E-01 3.63953E00 3.28820E-01
2.69075E-01 3.61788E00 3.19652E-01
2.69683E-01 3.40666E00 3.30999E-01
2.70291E-01 3.38594E00 3.21538E-01
2.70899E-01 3.43986E00 3.28294E-01
2.71507E-01 3.47428E00 3.16431E-01
2.72115E-01 3.59378E00 3.25001E-01
2.72723E-01 3.25555E00 3.15541E-01
2.73331E-01 3.46899E00 3.23017E-01
2.73939E-01 3.34650E00 3.29504E-01
2.74547E-01 3.14795E00 3.16898E-01
2.75155E-01 3.21214E00 3.19903E-01
2.75763E-01 2.90473E00 3.17909E-01
2.76371E-01 3.13263E00 3.15172E-01
2.76979E-01 3.01743E00 3.04270E-01
2.77587E-01 3.08320E00 3.13280E-01
2.78195E-01 2.94948E00 3.18092E-01
2.78803E-01 3.11956E00 3.04601E-01
2.79411E-01 2.97039E00 3.18590E-01
2.80019E-01 2.97251E00 3.18780E-01
2.80626E-01 3.07326E00 3.06258E-01
2.81234E-01 2.88805E00 3.18882E-01
2.81842E-01 3.14737E00 3.08967E-01
2.82450E-01 3.00252E00 3.10369E-01
2.83058E-01 2.94141E00 3.08751E-01
2.83666E-01 3.14295E00 3.13560E-01
2.84274E-01 2.71142E00 3.03492E-01
2.84882E-01 3.12192E00 3.20938E-01
2.85490E-01 2.95862E00 3.08538E-01
2.86098E-01 2.93026E00 3.12945E-01
2.86706E-01 2.97591E00 3.22397E-01
2.87314E-01 2.76793E00 3.04742E-01
2.87922E-01 2.88554E00 3.18356E-01
2.88530E-01 2.68113E00 3.22452E-01
2.89138E-01 2.62064E00 3.19206E-01
2.89746E-01 2.79404E00 3.08055E-01
2.90354E-01 2.70467E00 3.17152E-01
2.90962E-01 2.68284E00 3.17808E-01
2.91570E-01 2.65996E00 3.21531E-01
2.92178E-01 2.63945E00 3.18528E-01
2.92786E-01 2.78409E00 3.46403E-01
2.93394E-01 2.49319E00 3.13162E-01
2.94002E-01 2.69607E00 3.19235E-01
2.94610E-01 2.52891E00 3.11752E-01
2.95217E-01 2.42778E00 3.04189E-01
2.95825E-01 2.45490E00 3.28776E-01
2.96433E-01 2.31646E00 3.16918E-01
2.97041E-01 2.36670E00 3.19530E-01
2.97649E-01 2.34408E00 3.06905E-01
2.98257E-01 2.36522E00 3.18899E-01
2.98865E-01 2.56520E00 3.08509E-01
2.99473E-01 2.43563E00 3.14618E-01
3.00081E-01 2.71359E00 3.23316E-01
3.00689E-01 2.44402E00 3.09449E-01
3.01297E-01 2.52274E00 3.23457E-01
3.01905E-01 2.36470E00 3.11355E-01
3.02513E-01 2.51209E00 3.09267E-01
3.03121E-01 2.52310E00 3.09643E-01
3.03729E-01 2.39482E00 3.15910E-01
3.04337E-01 2.36250E00 3.10152E-01
3.04945E-01 2.55473E00 3.44301E-01
3.05553E-01 2.23349E00 3.13942E-01
3.06160E-01 2.39125E00 3.22052E-01
3.06768E-01 2.15472E00 3.24763E-01
3.07376E-01 2.26035E00 3.43027E-01
3.07984E-01 2.14240E00 3.53307E-01
3.08592E-01 2.34264E00 3.60390E-01
3.09200E-01 2.39831E00 3.93180E-01
3.09808E-01 2.68310E00 3.75723E-01
3.10416E-01 2.22608E00 3.78305E-01
3.11024E-01 2.33314E00 3.94881E-01
3.11632E-01 2.27068E00 3.99414E-01
3.12240E-01 2.26732E00 3.95667E-01
3.12848E-01 2.27539E00 4.13300E-01
3.13456E-01 2.29240E00 4.14356E-01
3.14064E-01 1.99705E00 4.20663E-01
3.14671E-01 2.29667E00 4.46566E-01
3.15279E-01 2.18568E00 4.26004E-01
3.15887E-01 2.25688E00 4.58199E-01
3.16495E-01 1.96208E00 4.86167E-01
3.17103E-01 2.56349E00 4.72571E-01
3.17711E-01 2.31056E00 4.93380E-01
3.18319E-01 1.99542E00 5.10974E-01
3.18927E-01 1.98740E00 5.22307E-01
3.19535E-01 1.99260E00 5.17648E-01
3.20143E-01 1.97117E00 5.75841E-01
3.20751E-01 1.91737E00 5.52848E-01
3.21359E-01 2.28750E00 5.38952E-01
3.21967E-01 1.93555E00 5.79848E-01
3.22574E-01 2.07172E00 5.49354E-01
3.23182E-01 1.94821E00 5.75568E-01
3.23790E-01 1.78712E00 6.16095E-01
3.24398E-01 2.66404E00 5.87709E-01
3.25006E-01 2.39758E00 6.49784E-01
