  0.0000E+00  0.0000E+00  0.0000E+00
  0.1214E+01  0.3198E-01  0.1282E-02
  0.2429E+01  0.6382E-01  0.2347E-02
  0.3643E+01  0.9551E-01  0.3197E-02
  0.4857E+01  0.1270E+00  0.3840E-02
  0.6071E+01  0.1584E+00  0.4281E-02
  0.7286E+01  0.1895E+00  0.4532E-02
  0.8500E+01  0.2203E+00  0.4603E-02
  0.9714E+01  0.2508E+00  0.4507E-02
  0.1093E+02  0.2809E+00  0.4260E-02
  0.1214E+02  0.3105E+00  0.3877E-02
  0.1336E+02  0.3396E+00  0.3378E-02
  0.1457E+02  0.3681E+00  0.2781E-02
  0.1579E+02  0.3960E+00  0.2110E-02
  0.1700E+02  0.4231E+00  0.1399E-02
  0.1821E+02  0.4494E+00  0.7487E-03
  0.1943E+02  0.4747E+00  0.6834E-03
  0.2064E+02  0.4991E+00  0.1328E-02
  0.2186E+02  0.5224E+00  0.2101E-02
  0.2307E+02  0.5446E+00  0.2877E-02
  0.2429E+02  0.5656E+00  0.3620E-02
  0.2550E+02  0.5854E+00  0.4310E-02
  0.2671E+02  0.6038E+00  0.4932E-02
  0.2793E+02  0.6209E+00  0.5472E-02
  0.2914E+02  0.6365E+00  0.5920E-02
  0.3036E+02  0.6507E+00  0.6269E-02
  0.3157E+02  0.6634E+00  0.6510E-02
  0.3279E+02  0.6747E+00  0.6641E-02
  0.3400E+02  0.6844E+00  0.6660E-02
  0.3521E+02  0.6926E+00  0.6565E-02
  0.3643E+02  0.6993E+00  0.6361E-02
  0.3764E+02  0.7045E+00  0.6050E-02
  0.3886E+02  0.7083E+00  0.5639E-02
  0.4007E+02  0.7106E+00  0.5137E-02
  0.4129E+02  0.7116E+00  0.4556E-02
  0.4250E+02  0.7112E+00  0.3910E-02
  0.4371E+02  0.7095E+00  0.3220E-02
  0.4493E+02  0.7067E+00  0.2520E-02
  0.4614E+02  0.7027E+00  0.1875E-02
  0.4736E+02  0.6976E+00  0.1444E-02
  0.4857E+02  0.6916E+00  0.1475E-02
  0.4979E+02  0.6847E+00  0.1952E-02
  0.5100E+02  0.6770E+00  0.2629E-02
  0.5221E+02  0.6685E+00  0.3362E-02
  0.5343E+02  0.6595E+00  0.4089E-02
  0.5464E+02  0.6499E+00  0.4780E-02
  0.5586E+02  0.6399E+00  0.5414E-02
  0.5707E+02  0.6296E+00  0.5977E-02
  0.5829E+02  0.6190E+00  0.6455E-02
  0.5950E+02  0.6082E+00  0.6842E-02
  0.6071E+02  0.5974E+00  0.7129E-02
  0.6193E+02  0.5865E+00  0.7311E-02
  0.6314E+02  0.5757E+00  0.7387E-02
  0.6436E+02  0.5650E+00  0.7355E-02
  0.6557E+02  0.5545E+00  0.7217E-02
  0.6679E+02  0.5442E+00  0.6975E-02
  0.6800E+02  0.5342E+00  0.6637E-02
  0.6921E+02  0.5245E+00  0.6210E-02
  0.7043E+02  0.5151E+00  0.5706E-02
  0.7164E+02  0.5061E+00  0.5139E-02
  0.7286E+02  0.4975E+00  0.4529E-02
  0.7407E+02  0.4892E+00  0.3905E-02
  0.7529E+02  0.4813E+00  0.3308E-02
  0.7650E+02  0.4738E+00  0.2808E-02
  0.7771E+02  0.4667E+00  0.2500E-02
  0.7893E+02  0.4598E+00  0.2478E-02
  0.8014E+02  0.4533E+00  0.2751E-02
  0.8136E+02  0.4470E+00  0.3229E-02
  0.8257E+02  0.4410E+00  0.3812E-02
  0.8379E+02  0.4352E+00  0.4429E-02
  0.8500E+02  0.4295E+00  0.5035E-02
  0.8621E+02  0.4239E+00  0.5600E-02
  0.8743E+02  0.4185E+00  0.6104E-02
  0.8864E+02  0.4130E+00  0.6532E-02
  0.8986E+02  0.4075E+00  0.6873E-02
  0.9107E+02  0.4020E+00  0.7120E-02
  0.9229E+02  0.3963E+00  0.7267E-02
  0.9350E+02  0.3905E+00  0.7311E-02
  0.9471E+02  0.3845E+00  0.7253E-02
  0.9593E+02  0.3784E+00  0.7095E-02
  0.9714E+02  0.3719E+00  0.6842E-02
  0.9836E+02  0.3652E+00  0.6504E-02
  0.9957E+02  0.3582E+00  0.6091E-02
  0.1008E+03  0.3509E+00  0.5622E-02
  0.1020E+03  0.3433E+00  0.5119E-02
  0.1032E+03  0.3354E+00  0.4615E-02
  0.1044E+03  0.3272E+00  0.4154E-02
  0.1056E+03  0.3187E+00  0.3795E-02
  0.1069E+03  0.3099E+00  0.3602E-02
  0.1081E+03  0.3008E+00  0.3624E-02
  0.1093E+03  0.2914E+00  0.3865E-02
  0.1105E+03  0.2819E+00  0.4282E-02
  0.1117E+03  0.2721E+00  0.4813E-02
  0.1129E+03  0.2622E+00  0.5403E-02
  0.1141E+03  0.2522E+00  0.6007E-02
  0.1154E+03  0.2421E+00  0.6590E-02
  0.1166E+03  0.2319E+00  0.7129E-02
  0.1178E+03  0.2218E+00  0.7604E-02
  0.1190E+03  0.2118E+00  0.7999E-02
  0.1202E+03  0.2018E+00  0.8305E-02
  0.1214E+03  0.1920E+00  0.8513E-02
  0.1226E+03  0.1823E+00  0.8617E-02
  0.1239E+03  0.1729E+00  0.8616E-02
  0.1251E+03  0.1638E+00  0.8509E-02
  0.1263E+03  0.1550E+00  0.8299E-02
  0.1275E+03  0.1465E+00  0.7993E-02
  0.1287E+03  0.1384E+00  0.7600E-02
  0.1299E+03  0.1307E+00  0.7134E-02
  0.1311E+03  0.1234E+00  0.6614E-02
  0.1324E+03  0.1166E+00  0.6063E-02
  0.1336E+03  0.1102E+00  0.5514E-02
  0.1348E+03  0.1043E+00  0.5011E-02
  0.1360E+03  0.9886E-01  0.4607E-02
  0.1372E+03  0.9387E-01  0.4362E-02
  0.1384E+03  0.8934E-01  0.4319E-02
  0.1396E+03  0.8526E-01  0.4490E-02
  0.1409E+03  0.8162E-01  0.4843E-02
  0.1421E+03  0.7838E-01  0.5322E-02
  0.1433E+03  0.7554E-01  0.5870E-02
  0.1445E+03  0.7306E-01  0.6439E-02
  0.1457E+03  0.7091E-01  0.6991E-02
  0.1469E+03  0.6907E-01  0.7496E-02
  0.1481E+03  0.6749E-01  0.7932E-02
  0.1494E+03  0.6616E-01  0.8282E-02
  0.1506E+03  0.6502E-01  0.8535E-02
  0.1518E+03  0.6404E-01  0.8680E-02
  0.1530E+03  0.6319E-01  0.8714E-02
  0.1542E+03  0.6243E-01  0.8635E-02
  0.1554E+03  0.6173E-01  0.8445E-02
  0.1566E+03  0.6106E-01  0.8149E-02
  0.1579E+03  0.6038E-01  0.7760E-02
  0.1591E+03  0.5968E-01  0.7291E-02
  0.1603E+03  0.5891E-01  0.6766E-02
  0.1615E+03  0.5807E-01  0.6217E-02
  0.1627E+03  0.5714E-01  0.5687E-02
  0.1639E+03  0.5610E-01  0.5232E-02
  0.1651E+03  0.5494E-01  0.4920E-02
  0.1664E+03  0.5366E-01  0.4818E-02
  0.1676E+03  0.5224E-01  0.4958E-02
  0.1688E+03  0.5071E-01  0.5328E-02
  0.1700E+03  0.4905E-01  0.5876E-02
  0.1712E+03  0.4727E-01  0.6536E-02
  0.1724E+03  0.4540E-01  0.7250E-02
  0.1736E+03  0.4344E-01  0.7968E-02
  0.1749E+03  0.4141E-01  0.8654E-02
  0.1761E+03  0.3932E-01  0.9276E-02
  0.1773E+03  0.3721E-01  0.9813E-02
  0.1785E+03  0.3508E-01  0.1024E-01
  0.1797E+03  0.3297E-01  0.1056E-01
  0.1809E+03  0.3090E-01  0.1074E-01
  0.1821E+03  0.2888E-01  0.1080E-01
  0.1834E+03  0.2695E-01  0.1071E-01
  0.1846E+03  0.2511E-01  0.1050E-01
  0.1858E+03  0.2340E-01  0.1016E-01
  0.1870E+03  0.2183E-01  0.9711E-02
  0.1882E+03  0.2041E-01  0.9176E-02
  0.1894E+03  0.1916E-01  0.8583E-02
  0.1906E+03  0.1808E-01  0.7973E-02
  0.1919E+03  0.1718E-01  0.7401E-02
  0.1931E+03  0.1647E-01  0.6931E-02
  0.1943E+03  0.1593E-01  0.6637E-02
  0.1955E+03  0.1558E-01  0.6578E-02
  0.1967E+03  0.1539E-01  0.6779E-02
  0.1979E+03  0.1535E-01  0.7217E-02
  0.1991E+03  0.1546E-01  0.7833E-02
  0.2004E+03  0.1569E-01  0.8558E-02
  0.2016E+03  0.1602E-01  0.9322E-02
  0.2028E+03  0.1642E-01  0.1007E-01
  0.2040E+03  0.1688E-01  0.1075E-01
  0.2052E+03  0.1737E-01  0.1133E-01
  0.2064E+03  0.1785E-01  0.1177E-01
  0.2076E+03  0.1830E-01  0.1205E-01
  0.2089E+03  0.1869E-01  0.1216E-01
  0.2101E+03  0.1899E-01  0.1208E-01
  0.2113E+03  0.1919E-01  0.1182E-01
  0.2125E+03  0.1925E-01  0.1138E-01
  0.2137E+03  0.1915E-01  0.1078E-01
  0.2149E+03  0.1889E-01  0.1005E-01
  0.2161E+03  0.1844E-01  0.9267E-02
  0.2174E+03  0.1779E-01  0.8501E-02
  0.2186E+03  0.1696E-01  0.7877E-02
  0.2198E+03  0.1593E-01  0.7541E-02
  0.2210E+03  0.1472E-01  0.7615E-02
  0.2222E+03  0.1335E-01  0.8127E-02
  0.2234E+03  0.1183E-01  0.9000E-02
  0.2246E+03  0.1021E-01  0.1009E-01
  0.2259E+03  0.8500E-02  0.1125E-01
  0.2271E+03  0.6761E-02  0.1234E-01
  0.2283E+03  0.5041E-02  0.1323E-01
  0.2295E+03  0.3395E-02  0.1382E-01
  0.2307E+03  0.1888E-02  0.1398E-01
  0.2319E+03  0.5889E-03  0.1362E-01
  0.2331E+03 -0.4265E-03  0.1262E-01
  0.2344E+03 -0.1079E-02  0.1088E-01
  0.2356E+03 -0.1284E-02  0.8266E-02
  0.2368E+03 -0.9540E-03  0.4679E-02
  0.2380E+03  0.0000E+00  0.0000E+00
