# SAXS profile: number of points = 864, q_min = 0.012669, q_max = 0.557498, delta_q = 0.000562839876033058
# offset = 0.00000000000000, scaling c = 1.45554220405024e-05, Chi = 4.69214617913934
#  q       exp_intensity   model_intensity
0.01267    3478.60000000   3626.76024483  
0.01323    3485.19000000   3608.16675378  
0.01379    3470.11000000   3588.81706634  
0.01436    3449.02000000   3568.67280754  
0.01492    3452.77000000   3548.07355445  
0.01549    3431.81000000   3526.39199366  
0.01605    3410.89000000   3504.47892325  
0.01661    3406.45000000   3481.49379026  
0.01717    3390.59000000   3458.15856810  
0.01774    3364.45000000   3434.04067004  
0.01830    3357.05000000   3409.34302628  
0.01886    3326.81000000   3384.13713570  
0.01943    3302.22000000   3358.14066541  
0.01999    3285.17000000   3331.88994543  
0.02055    3259.19000000   3304.66296063  
0.02111    3239.44000000   3277.22217176  
0.02168    3220.18000000   3249.02426318  
0.02224    3189.20000000   3220.44146714  
0.02280    3166.90000000   3191.29273707  
0.02337    3145.15000000   3161.63928683  
0.02393    3117.48000000   3131.69100131  
0.02449    3090.81000000   3101.04291018  
0.02506    3068.01000000   3070.22138322  
0.02562    3032.76000000   3038.72794497  
0.02618    3013.34000000   3007.00940305  
0.02675    2984.52000000   2974.82342809  
0.02731    2960.35000000   2942.28544773  
0.02787    2933.81000000   2909.45811401  
0.02843    2900.64000000   2876.17911256  
0.02900    2868.47000000   2842.76720479  
0.02956    2838.77000000   2808.82507694  
0.03012    2802.75000000   2774.71500659  
0.03069    2770.38000000   2740.29464048  
0.03125    2739.93000000   2705.68597350  
0.03181    2707.67000000   2670.84324081  
0.03238    2670.56000000   2635.75558019  
0.03294    2635.34000000   2600.54707832  
0.03350    2603.18000000   2565.05795072  
0.03407    2572.78000000   2529.50519525  
0.03463    2540.39000000   2493.72537493  
0.03519    2506.17000000   2457.87547035  
0.03576    2464.92000000   2421.89014074  
0.03632    2433.07000000   2385.81994649  
0.03688    2400.55000000   2349.68436830  
0.03744    2367.66000000   2313.47050136  
0.03801    2338.70000000   2277.17064260  
0.03857    2300.12000000   2240.89015616  
0.03913    2266.92000000   2204.61023411  
0.03970    2222.99000000   2168.33211895  
0.04026    2186.77000000   2132.07959124  
0.04082    2155.10000000   2095.85688318  
0.04139    2121.79000000   2059.70429337  
0.04195    2082.12000000   2023.58385675  
0.04251    2044.97000000   1987.60033313  
0.04308    2005.31000000   1951.65654414  
0.04364    1968.47000000   1915.88255995  
0.04420    1935.80000000   1880.19531779  
0.04476    1898.13000000   1844.66430012  
0.04533    1864.31000000   1809.29777129  
0.04589    1828.24000000   1773.98735084  
0.04645    1792.33000000   1739.00366215  
0.04702    1755.54000000   1704.09444886  
0.04758    1723.34000000   1669.54052531  
0.04814    1687.56000000   1635.08988525  
0.04871    1649.59000000   1600.94260177  
0.04927    1617.07000000   1567.00613153  
0.04983    1578.47000000   1533.30007067  
0.05040    1548.65000000   1499.92943414  
0.05096    1513.42000000   1466.70146198  
0.05152    1481.74000000   1433.94441760  
0.05208    1432.11000000   1401.30634976  
0.05265    1394.10000000   1369.13025183  
0.05321    1354.05000000   1337.16693626  
0.05377    1326.33000000   1305.50516663  
0.05434    1307.50000000   1274.25783943  
0.05490    1277.71000000   1243.25080411  
0.05546    1246.46000000   1212.75632305  
0.05603    1212.84000000   1182.40251396  
0.05659    1184.79000000   1152.66767604  
0.05715    1154.33000000   1123.11298733  
0.05772    1131.34000000   1094.04542448  
0.05828    1094.83000000   1065.31794676  
0.05884    1070.17000000   1036.93912429  
0.05940    1044.52000000   1009.06657944  
0.05997    1013.91000000   981.39329231   
0.06053    988.51700000    954.39976250   
0.06109    958.43500000    927.56997471   
0.06166    927.95600000    901.35380553   
0.06222    900.29100000    875.38302872   
0.06278    874.29100000    849.91401533   
0.06335    845.88800000    824.90883397   
0.06391    818.47300000    800.19455957   
0.06447    793.83900000    776.12228495   
0.06503    772.69900000    752.22166599   
0.06560    744.79900000    729.04334877   
0.06616    724.24400000    706.08647556   
0.06672    699.04200000    683.68253975   
0.06729    677.55300000    661.67466734   
0.06785    656.20600000    640.04768681   
0.06841    636.59100000    618.99193152   
0.06898    617.41500000    598.14364911   
0.06954    594.58000000    578.03864396   
0.07010    571.61300000    558.10702939   
0.07067    551.38400000    538.77521971   
0.07123    529.97300000    519.79103722   
0.07179    510.22500000    501.26389322   
0.07236    494.88100000    483.21977539   
0.07292    479.13200000    465.45867744   
0.07348    460.10900000    448.34464863   
0.07404    440.69700000    431.39953436   
0.07461    424.71900000    415.14566916   
0.07517    408.46500000    399.11527361   
0.07573    394.40200000    383.60150285   
0.07630    381.64200000    368.47164323   
0.07686    363.93400000    353.68809076   
0.07742    348.74600000    339.44182585   
0.07798    332.97700000    325.37508739   
0.07855    319.74700000    311.99424368   
0.07911    306.32200000    298.76841218   
0.07967    294.55300000    286.07484818   
0.08024    278.96400000    273.68967740   
0.08080    268.88500000    261.69490920   
0.08136    258.59700000    250.12656991   
0.08193    248.55700000    238.79136767   
0.08249    235.47600000    228.01636869   
0.08305    224.90200000    217.38381904   
0.08362    211.89300000    207.31891100   
0.08418    200.93600000    197.44759375   
0.08474    191.94800000    187.99159096   
0.08531    182.21500000    178.85548510   
0.08587    173.98800000    169.98998839   
0.08643    163.98900000    161.56201276   
0.08699    156.36000000    153.26803972   
0.08756    147.68000000    145.52035953   
0.08812    140.02100000    137.89218227   
0.08868    134.15400000    130.68344929   
0.08925    127.91300000    123.68712252   
0.08981    121.90100000    116.99173206   
0.09037    115.58100000    110.62292836   
0.09094    107.76600000    104.42048819   
0.09150    101.70900000    98.63702504    
0.09206    95.25290000     92.95721970    
0.09262    90.68970000     87.68080942    
0.09319    85.57320000     82.54867540    
0.09375    80.36410000     77.70433661    
0.09431    76.03940000     73.09000779    
0.09488    71.74610000     68.65808127    
0.09544    67.96610000     64.53302959    
0.09600    63.94080000     60.49574962    
0.09657    60.29880000     56.82904839    
0.09713    55.49960000     53.24319654    
0.09769    53.58180000     49.92936217    
0.09825    49.60900000     46.76664585    
0.09882    46.62330000     43.78646254    
0.09938    43.08630000     41.01383393    
0.09995    40.74300000     38.34735468    
0.10051    38.13440000     35.94739191    
0.10107    36.96380000     33.61126804    
0.10163    34.48050000     31.51756650    
0.10220    32.34080000     29.51427246    
0.10276    29.87490000     27.67894999    
0.10332    27.95950000     25.98220495    
0.10389    26.76320000     24.38843132    
0.10445    25.73040000     22.97406304    
0.10501    24.74710000     21.60964504    
0.10558    23.34740000     20.44721897    
0.10614    22.03360000     19.33191273    
0.10670    21.21300000     18.36172891    
0.10726    19.81670000     17.47396066    
0.10783    19.72490000     16.67953766    
0.10839    19.09580000     15.99655432    
0.10895    17.49180000     15.36300659    
0.10952    17.08890000     14.86375093    
0.11008    16.16600000     14.39474686    
0.11064    15.80710000     14.04062346    
0.11121    15.70480000     13.73006222    
0.11177    16.11480000     13.49499770    
0.11233    15.18920000     13.32296984    
0.11289    14.74170000     13.19480354    
0.11346    14.94620000     13.14402164    
0.11402    14.55160000     13.11407996    
0.11458    14.89690000     13.16412128    
0.11515    14.44260000     13.23308671    
0.11571    14.70500000     13.35560875    
0.11627    14.13010000     13.50864132    
0.11684    14.58010000     13.69408562    
0.11740    15.69720000     13.91618144    
0.11796    16.02830000     14.15334277    
0.11853    15.68800000     14.43171270    
0.11909    15.57700000     14.71854713    
0.11965    16.17730000     15.03497038    
0.12021    15.57760000     15.36210949    
0.12078    16.25340000     15.70672519    
0.12134    16.42660000     16.06325767    
0.12190    17.09040000     16.42760651    
0.12247    16.89790000     16.80399341    
0.12303    17.93030000     17.18245591    
0.12359    18.88390000     17.56768850    
0.12416    18.96750000     17.95342155    
0.12472    20.35980000     18.34046040    
0.12528    19.50840000     18.72606819    
0.12585    19.95770000     19.11024996    
0.12641    20.31250000     19.48841828    
0.12697    20.46760000     19.86430196    
0.12753    20.82630000     20.22862916    
0.12810    21.08290000     20.58966873    
0.12866    21.23810000     20.93792891    
0.12922    21.68860000     21.27863482    
0.12979    21.98410000     21.60782252    
0.13035    22.45000000     21.92340324    
0.13091    22.64760000     22.23064003    
0.13148    23.00890000     22.51743058    
0.13204    23.16210000     22.79867735    
0.13260    23.38140000     23.05566574    
0.13316    23.40190000     23.30452893    
0.13373    23.69240000     23.53362308    
0.13429    23.79710000     23.74764404    
0.13485    23.98290000     23.94747478    
0.13542    24.27820000     24.12502643    
0.13598    24.38500000     24.29470496    
0.13654    24.43900000     24.43442454    
0.13711    24.60600000     24.56732936    
0.13767    24.63810000     24.67455049    
0.13823    24.70690000     24.76886600    
0.13880    24.77830000     24.84476785    
0.13936    24.76720000     24.90060720    
0.13992    24.79390000     24.94495766    
0.14048    24.71140000     24.96256909    
0.14105    24.60460000     24.97325925    
0.14161    24.55260000     24.95587889    
0.14217    24.59170000     24.92924225    
0.14274    24.54700000     24.88173771    
0.14330    24.37920000     24.81871603    
0.14386    24.30420000     24.74199292    
0.14442    24.21990000     24.64407160    
0.14499    24.05780000     24.53926664    
0.14555    23.90370000     24.40824827    
0.14611    23.79530000     24.27137237    
0.14668    23.65530000     24.11367432    
0.14724    23.50030000     23.94562556    
0.14780    23.32810000     23.76364578    
0.14837    23.09240000     23.56641367    
0.14893    22.80170000     23.36097152    
0.14949    22.59270000     23.13683603    
0.15005    22.31050000     22.90803322    
0.15062    22.08470000     22.66103783    
0.15118    21.87150000     22.40821531    
0.15174    21.53780000     22.14309394    
0.15231    21.29210000     21.86854699    
0.15287    20.97340000     21.58613988    
0.15343    20.68720000     21.29204788    
0.15400    20.36960000     20.99444747    
0.15456    20.05690000     20.68331213    
0.15512    19.69060000     20.36946613    
0.15568    19.41150000     20.04617180    
0.15625    19.01750000     19.71839399    
0.15681    18.74830000     19.38492113    
0.15737    18.36900000     19.04480251    
0.15794    18.07780000     18.70224121    
0.15850    17.77780000     18.35338388    
0.15906    17.38430000     18.00311581    
0.15963    17.01630000     17.64792352    
0.16019    16.72460000     17.29139466    
0.16075    16.28680000     16.93224172    
0.16132    15.91690000     16.57147435    
0.16188    15.59630000     16.20944500    
0.16244    15.20080000     15.84630241    
0.16301    14.90750000     15.48285824    
0.16357    14.71740000     15.11977239    
0.16413    14.34860000     14.75697051    
0.16469    13.92040000     14.39510515    
0.16526    13.41910000     14.03454754    
0.16582    13.06240000     13.67554709    
0.16638    12.88290000     13.31897650    
0.16695    12.50690000     12.96354796    
0.16751    12.19190000     12.61245037    
0.16807    11.88330000     12.26261181    
0.16864    11.57320000     11.91822602    
0.16920    11.23020000     11.57620957    
0.16976    10.83190000     11.23856113    
0.17032    10.47150000     10.90535156    
0.17089    10.20400000     10.57541654    
0.17145    9.85291000      10.25248313    
0.17201    9.55930000      9.93152327     
0.17258    9.28779000      9.61967433     
0.17314    9.00843000      9.31034126     
0.17370    8.71045000      9.00868311     
0.17427    8.47253000      8.71203530     
0.17483    8.12945000      8.42102209     
0.17539    7.92140000      8.13758613     
0.17595    7.54937000      7.85748361     
0.17652    7.31111000      7.58827240     
0.17708    7.10305000      7.32171918     
0.17764    6.82742000      7.06536312     
0.17821    6.59768000      6.81365021     
0.17877    6.30392000      6.56998443     
0.17933    6.19489000      6.33363694     
0.17989    5.93628000      6.10238172     
0.18046    5.72827000      5.88198870     
0.18102    5.56008000      5.66454378     
0.18158    5.27254000      5.45891461     
0.18215    5.07476000      5.25680607     
0.18271    4.85325000      5.06466150     
0.18327    4.68696000      4.87881182     
0.18384    4.52037000      4.69964944     
0.18440    4.35378000      4.52980672     
0.18496    4.23107000      4.36379491     
0.18552    4.09219000      4.20972813     
0.18609    3.94381000      4.05857299     
0.18665    3.79569000      3.91846736     
0.18721    3.71397000      3.78308508     
0.18778    3.60461000      3.65540635     
0.18834    3.54252000      3.53547083     
0.18890    3.48854000      3.42061428     
0.18947    3.36500000      3.31544943     
0.19003    3.24894000      3.21295347     
0.19059    3.20246000      3.12245427     
0.19115    3.08434000      3.03495486     
0.19172    2.96567000      2.95535227     
0.19228    2.88880000      2.88158990     
0.19284    2.89764000      2.81368889     
0.19341    2.77060000      2.75325022     
0.19397    2.73028000      2.69567203     
0.19453    2.71998000      2.64821215     
0.19510    2.68226000      2.60299382     
0.19566    2.60846000      2.56590932     
0.19622    2.55113000      2.53261386     
0.19678    2.48416000      2.50513888     
0.19735    2.57881000      2.48304443     
0.19791    2.54522000      2.46427439     
0.19847    2.47564000      2.45293784     
0.19904    2.55952000      2.44349963     
0.19960    2.51761000      2.44120602     
0.20016    2.45472000      2.44109347     
0.20073    2.47727000      2.44633364     
0.20129    2.58507000      2.45510008     
0.20185    2.52873000      2.46720998     
0.20242    2.53462000      2.48409287     
0.20298    2.52271000      2.50267808     
0.20354    2.56845000      2.52667391     
0.20410    2.63816000      2.55188270     
0.20467    2.59521000      2.58147382     
0.20523    2.68463000      2.61288561     
0.20579    2.69029000      2.64693357     
0.20636    2.72984000      2.68377311     
0.20692    2.78580000      2.72223596     
0.20748    2.93741000      2.76362440     
0.20805    3.01044000      2.80578618     
0.20861    2.99164000      2.85119070     
0.20917    2.93943000      2.89723181     
0.20973    2.93545000      2.94473236     
0.21030    3.04569000      2.99344132     
0.21086    3.12136000      3.04314420     
0.21142    3.19290000      3.09404449     
0.21199    3.33977000      3.14531534     
0.21255    3.32436000      3.19761026     
0.21311    3.34123000      3.25006778     
0.21367    3.41348000      3.30307321     
0.21424    3.44169000      3.35623579     
0.21480    3.59260000      3.40961453     
0.21536    3.49463000      3.46263742     
0.21593    3.66839000      3.51546424     
0.21649    3.66016000      3.56774018     
0.21705    3.60265000      3.61984600     
0.21762    3.70580000      3.67109930     
0.21818    3.68206000      3.72184230     
0.21874    3.79128000      3.77148148     
0.21930    3.84278000      3.82018553     
0.21987    3.96766000      3.86809281     
0.22043    3.95193000      3.91448748     
0.22099    4.03453000      3.96041425     
0.22156    4.08612000      4.00399640     
0.22212    4.10936000      4.04694876     
0.22268    4.16022000      4.08766138     
0.22324    4.24045000      4.12711048     
0.22381    4.26198000      4.16491947     
0.22437    4.31892000      4.20082806     
0.22493    4.29755000      4.23575307     
0.22550    4.36496000      4.26753213     
0.22606    4.35621000      4.29854190     
0.22662    4.36794000      4.32660486     
0.22719    4.35736000      4.35343988     
0.22775    4.40170000      4.37778577     
0.22831    4.38746000      4.40000214     
0.22887    4.31855000      4.42046879     
0.22944    4.38288000      4.43815613     
0.23000    4.46445000      4.45503152     
0.23056    4.46950000      4.46777540     
0.23113    4.47841000      4.47966714     
0.23169    4.52477000      4.48860338     
0.23225    4.51485000      4.49573175     
0.23281    4.43093000      4.50062879     
0.23338    4.56309000      4.50290906     
0.23394    4.56372000      4.50390852     
0.23450    4.64912000      4.50125803     
0.23507    4.61169000      4.49774276     
0.23563    4.60158000      4.49098863     
0.23619    4.60335000      4.48288607     
0.23676    4.54248000      4.47219819     
0.23732    4.49614000      4.45950335     
0.23788    4.51034000      4.44527328     
0.23844    4.48820000      4.42801659     
0.23901    4.47827000      4.40991051     
0.23957    4.48091000      4.38855828     
0.24013    4.45761000      4.36644251     
0.24070    4.37768000      4.34192560     
0.24126    4.39876000      4.31592555     
0.24182    4.28180000      4.28823574     
0.24238    4.27953000      4.25840554     
0.24295    4.23670000      4.22758565     
0.24351    4.31344000      4.19442821     
0.24407    4.27982000      4.16067091     
0.24464    4.27629000      4.12452148     
0.24520    4.19161000      4.08757472     
0.24576    4.15362000      4.04918069     
0.24633    4.08807000      4.00961125     
0.24689    4.07915000      3.96918722     
0.24745    4.01313000      3.92727649     
0.24802    4.01379000      3.88495500     
0.24858    3.89824000      3.84096552     
0.24914    3.94805000      3.79664290     
0.24970    3.87289000      3.75132311     
0.25027    3.85567000      3.70548595     
0.25083    3.77632000      3.65890070     
0.25139    3.73889000      3.61185651     
0.25195    3.65034000      3.56461210     
0.25252    3.68786000      3.51667538     
0.25308    3.68582000      3.46863251     
0.25364    3.65630000      3.42031599     
0.25421    3.56830000      3.37195290     
0.25477    3.57113000      3.32350972     
0.25533    3.54461000      3.27511614     
0.25590    3.52014000      3.22675681     
0.25646    3.38885000      3.17871388     
0.25702    3.41384000      3.13077075     
0.25759    3.29622000      3.08351944     
0.25815    3.28112000      3.03646832     
0.25871    3.19718000      2.99006119     
0.25927    3.15817000      2.94412458     
0.25984    3.16992000      2.89877558     
0.26040    3.11296000      2.85422006     
0.26096    3.07645000      2.80999071     
0.26153    3.06288000      2.76739431     
0.26209    2.96875000      2.72512404     
0.26265    2.90495000      2.68397614     
0.26321    2.81699000      2.64362508     
0.26378    2.85127000      2.60457365     
0.26434    2.78591000      2.56673646     
0.26490    2.76637000      2.52969575     
0.26547    2.71375000      2.49444280     
0.26603    2.68441000      2.45974174     
0.26659    2.69266000      2.42722966     
0.26715    2.63211000      2.39540923     
0.26772    2.54459000      2.36542592     
0.26828    2.60236000      2.33666405     
0.26884    2.52208000      2.30913683     
0.26941    2.48998000      2.28364239     
0.26997    2.49231000      2.25893411     
0.27053    2.45134000      2.23665739     
0.27109    2.42698000      2.21505216     
0.27166    2.34423000      2.19605701     
0.27222    2.38086000      2.17814021     
0.27278    2.34794000      2.16192120     
0.27335    2.36643000      2.14732828     
0.27391    2.33020000      2.13377341     
0.27447    2.32288000      2.12291818     
0.27503    2.29612000      2.11275462     
0.27560    2.24234000      2.10517312     
0.27616    2.23337000      2.09848660     
0.27672    2.26166000      2.09403500     
0.27729    2.22347000      2.09106943     
0.27785    2.19015000      2.08953308     
0.27841    2.15542000      2.09005094     
0.27897    2.15480000      2.09131272     
0.27954    2.14288000      2.09540727     
0.28010    2.12323000      2.10010552     
0.28066    2.14216000      2.10696357     
0.28123    2.21472000      2.11502048     
0.28179    2.14945000      2.12485211     
0.28235    2.15136000      2.13617406     
0.28292    2.18446000      2.14838270     
0.28348    2.16276000      2.16284356     
0.28404    2.16742000      2.17788337     
0.28460    2.22088000      2.19517466     
0.28517    2.24762000      2.21314237     
0.28573    2.32077000      2.23264124     
0.28629    2.27463000      2.25328744     
0.28686    2.26506000      2.27499101     
0.28742    2.27079000      2.29827512     
0.28798    2.22262000      2.32210250     
0.28854    2.25727000      2.34769475     
0.28911    2.26273000      2.37369487     
0.28967    2.30367000      2.40111904     
0.29023    2.26937000      2.42921709     
0.29080    2.32355000      2.45820053     
0.29136    2.32538000      2.48822587     
0.29192    2.33985000      2.51884332     
0.29248    2.43543000      2.55042541     
0.29305    2.40632000      2.58225567     
0.29361    2.46251000      2.61508404     
0.29417    2.42222000      2.64825135     
0.29474    2.49811000      2.68211620     
0.29530    2.53819000      2.71641195     
0.29586    2.59292000      2.75103500     
0.29642    2.63266000      2.78610124     
0.29699    2.62741000      2.82131140     
0.29755    2.60814000      2.85705381     
0.29811    2.64678000      2.89287434     
0.29868    2.73172000      2.92895688     
0.29924    2.79439000      2.96498243     
0.29980    2.74711000      3.00108168     
0.30036    2.78623000      3.03720130     
0.30093    2.76810000      3.07333199     
0.30149    2.74014000      3.10934329     
0.30205    2.81647000      3.14530543     
0.30262    2.76945000      3.18096920     
0.30318    2.78894000      3.21649266     
0.30374    2.82731000      3.25165501     
0.30430    2.84868000      3.28647896     
0.30487    2.89770000      3.32096372     
0.30543    2.93994000      3.35491081     
0.30599    2.94330000      3.38869322     
0.30656    2.96155000      3.42174935     
0.30712    3.04746000      3.45456307     
0.30768    3.04726000      3.48651078     
0.30824    3.03274000      3.51796929     
0.30881    3.02133000      3.54892316     
0.30937    3.08656000      3.57903796     
0.30993    3.12188000      3.60871848     
0.31050    3.15813000      3.63742006     
0.31106    3.19089000      3.66582525     
0.31162    3.10119000      3.69283544     
0.31218    3.18050000      3.71937540     
0.31275    3.24524000      3.74510044     
0.31331    3.22382000      3.76994839     
0.31387    3.29103000      3.79408556     
0.31444    3.27309000      3.81701755     
0.31500    3.32215000      3.83960199     
0.31556    3.33146000      3.86064290     
0.31612    3.35961000      3.88129334     
0.31669    3.33795000      3.90074382     
0.31725    3.37526000      3.91934347     
0.31781    3.30076000      3.93688540     
0.31838    3.34703000      3.95354915     
0.31894    3.41452000      3.96977958     
0.31950    3.44892000      3.98422699     
0.32006    3.37857000      3.99825625     
0.32063    3.40213000      4.01093045     
0.32119    3.40289000      4.02302273     
0.32175    3.33570000      4.03398152     
0.32232    3.44046000      4.04398125     
0.32288    3.46715000      4.05323664     
0.32344    3.47830000      4.06115918     
0.32400    3.56150000      4.06872337     
0.32457    3.54040000      4.07468185     
0.32513    3.55598000      4.08023809     
0.32569    3.57531000      4.08446768     
0.32626    3.62797000      4.08805862     
0.32682    3.64939000      4.09088403     
0.32738    3.64041000      4.09269486     
0.32794    3.55580000      4.09402252     
0.32851    3.59988000      4.09398670     
0.32907    3.56613000      4.09362669     
0.32963    3.56741000      4.09204312     
0.33020    3.57772000      4.09000857     
0.33076    3.55538000      4.08712140     
0.33132    3.61268000      4.08353152     
0.33188    3.56990000      4.07941563     
0.33245    3.59332000      4.07429817     
0.33301    3.54198000      4.06890265     
0.33357    3.53190000      4.06246778     
0.33414    3.57770000      4.05576358     
0.33470    3.56595000      4.04824958     
0.33526    3.58974000      4.04025838     
0.33582    3.54986000      4.03171888     
0.33639    3.53832000      4.02265823     
0.33695    3.49516000      4.01337901     
0.33751    3.50640000      4.00328157     
0.33808    3.53289000      3.99301581     
0.33864    3.46245000      3.98217226     
0.33920    3.52255000      3.97108326     
0.33976    3.48287000      3.95955559     
0.34033    3.53653000      3.94776203     
0.34089    3.56220000      3.93574131     
0.34145    3.60319000      3.92344436     
0.34202    3.51058000      3.91106542     
0.34258    3.54181000      3.89817650     
0.34314    3.51893000      3.88526599     
0.34370    3.54716000      3.87219938     
0.34427    3.53279000      3.85901944     
0.34483    3.57796000      3.84571382     
0.34539    3.53929000      3.83239302     
0.34596    3.58108000      3.81906563     
0.34652    3.49109000      3.80567933     
0.34708    3.43982000      3.79225181     
0.34764    3.45559000      3.77876255     
0.34821    3.47440000      3.76537625     
0.34877    3.48671000      3.75216705     
0.34933    3.53807000      3.73902680     
0.34990    3.45671000      3.72589474     
0.35046    3.45213000      3.71302258     
0.35102    3.37431000      3.70021997     
0.35158    3.33612000      3.68767469     
0.35215    3.35939000      3.67523968     
0.35271    3.43034000      3.66303377     
0.35327    3.35636000      3.65105751     
0.35384    3.33495000      3.63932699     
0.35440    3.34937000      3.62793140     
0.35496    3.40269000      3.61669468     
0.35552    3.35019000      3.60599294     
0.35609    3.37255000      3.59541728     
0.35665    3.39265000      3.58530555     
0.35721    3.37603000      3.57545151     
0.35777    3.46813000      3.56604090     
0.35834    3.38951000      3.55696398     
0.35890    3.45167000      3.54812209     
0.35946    3.35011000      3.53995269     
0.36002    3.35063000      3.53197116     
0.36059    3.34523000      3.52458563     
0.36115    3.34941000      3.51744944     
0.36171    3.38874000      3.51099368     
0.36228    3.36696000      3.50481223     
0.36284    3.34335000      3.49892454     
0.36340    3.35886000      3.49364762     
0.36396    3.30444000      3.48861955     
0.36453    3.31735000      3.48429701     
0.36509    3.26984000      3.48019822     
0.36565    3.26710000      3.47702308     
0.36622    3.35687000      3.47405602     
0.36678    3.37196000      3.47143234     
0.36734    3.34915000      3.46943038     
0.36790    3.35300000      3.46783308     
0.36847    3.33463000      3.46693382     
0.36903    3.35012000      3.46621166     
0.36959    3.42075000      3.46607585     
0.37016    3.38018000      3.46619903     
0.37072    3.43665000      3.46699658     
0.37128    3.35532000      3.46826711     
0.37184    3.29493000      3.47001096     
0.37241    3.35589000      3.47219277     
0.37297    3.35391000      3.47453830     
0.37353    3.39508000      3.47780086     
0.37410    3.38721000      3.48125047     
0.37466    3.38448000      3.48535951     
0.37522    3.43699000      3.48970365     
0.37578    3.52432000      3.49443305     
0.37635    3.47920000      3.49961012     
0.37691    3.49597000      3.50506801     
0.37747    3.47776000      3.51118503     
0.37803    3.51076000      3.51747997     
0.37860    3.45898000      3.52435927     
0.37916    3.48458000      3.53142469     
0.37972    3.39640000      3.53894558     
0.38028    3.44925000      3.54674854     
0.38085    3.38449000      3.55481363     
0.38141    3.42889000      3.56334152     
0.38197    3.44741000      3.57204059     
0.38254    3.52246000      3.58119422     
0.38310    3.55834000      3.59048107     
0.38366    3.50751000      3.60020890     
0.38422    3.59652000      3.61008654     
0.38479    3.55268000      3.62017132     
0.38535    3.56555000      3.63062355     
0.38591    3.48797000      3.64128850     
0.38648    3.56308000      3.65211185     
0.38704    3.58508000      3.66301421     
0.38760    3.62147000      3.67429261     
0.38816    3.67170000      3.68564873     
0.38873    3.66121000      3.69717345     
0.38929    3.74119000      3.70883226     
0.38985    3.70328000      3.72059876     
0.39042    3.72688000      3.73257067     
0.39098    3.71778000      3.74459445     
0.39154    3.69562000      3.75670388     
0.39210    3.80830000      3.76882836     
0.39267    3.83548000      3.78100782     
0.39323    3.86913000      3.79321590     
0.39379    3.89058000      3.80551947     
0.39435    3.84794000      3.81778165     
0.39492    3.88997000      3.83001939     
0.39548    3.86743000      3.84222100     
0.39604    3.92692000      3.85443550     
0.39660    3.96450000      3.86657146     
0.39717    3.96103000      3.87864725     
0.39773    3.97334000      3.89065301     
0.39829    3.98136000      3.90256676     
0.39886    3.93557000      3.91439571     
0.39942    3.89799000      3.92603362     
0.39998    3.85486000      3.93763355     
0.40054    3.86974000      3.94887856     
0.40111    3.89666000      3.96004663     
0.40167    3.89955000      3.97104237     
0.40223    3.99680000      3.98186212     
0.40280    4.05072000      3.99243076     
0.40336    3.97993000      4.00275240     
0.40392    3.96002000      4.01296110     
0.40448    3.93723000      4.02277368     
0.40504    3.99024000      4.03247376     
0.40561    4.01885000      4.04185076     
0.40617    4.06590000      4.05102244     
0.40673    4.10406000      4.05972339     
0.40730    4.05725000      4.06810452     
0.40786    4.05822000      4.07622654     
0.40842    4.02581000      4.08390941     
0.40898    4.04349000      4.09143214     
0.40955    3.95533000      4.09843176     
0.41011    4.06541000      4.10527544     
0.41067    4.05633000      4.11154149     
0.41124    4.06529000      4.11748631     
0.41180    4.03869000      4.12300939     
0.41236    4.12089000      4.12809467     
0.41292    4.22630000      4.13292634     
0.41349    4.21009000      4.13714044     
0.41405    4.22333000      4.14118828     
0.41461    4.23899000      4.14452687     
0.41517    4.21221000      4.14758181     
0.41574    4.20732000      4.14998924     
0.41630    4.28723000      4.15204047     
0.41686    4.29735000      4.15377628     
0.41742    4.29272000      4.15490413     
0.41799    4.35331000      4.15583353     
0.41855    4.34900000      4.15576724     
0.41911    4.31941000      4.15553920     
0.41968    4.34435000      4.15475399     
0.42024    4.27256000      4.15359054     
0.42080    4.24344000      4.15190721     
0.42136    4.19512000      4.14966117     
0.42193    4.24355000      4.14711196     
0.42249    4.16887000      4.14373040     
0.42305    4.16222000      4.14014575     
0.42361    4.15817000      4.13580416     
0.42418    4.13117000      4.13119470     
0.42474    4.12509000      4.12601782     
0.42530    4.15676000      4.12037737     
0.42586    4.15256000      4.11431909     
0.42643    4.17731000      4.10762961     
0.42699    4.17899000      4.10075323     
0.42755    4.11120000      4.09298985     
0.42812    4.12518000      4.08505279     
0.42868    4.09634000      4.07652266     
0.42924    4.03906000      4.06762354     
0.42980    4.10374000      4.05825165     
0.43037    4.08951000      4.04833287     
0.43093    4.07555000      4.03809407     
0.43149    4.09814000      4.02727931     
0.43205    4.07820000      4.01632203     
0.43262    4.15539000      4.00460299     
0.43318    4.08327000      3.99264113     
0.43374    4.11886000      3.98018467     
0.43430    4.08265000      3.96737356     
0.43487    4.15955000      3.95428115     
0.43543    4.12788000      3.94079416     
0.43599    4.03866000      3.92715464     
0.43656    4.10976000      3.91281184     
0.43712    3.96962000      3.89835266     
0.43768    4.03167000      3.88336631     
0.43824    4.01939000      3.86817624     
0.43881    4.09504000      3.85274722     
0.43937    4.07167000      3.83697955     
0.43993    4.02988000      3.82104824     
0.44049    4.01306000      3.80470225     
0.44106    3.95179000      3.78823266     
0.44162    4.00450000      3.77146638     
0.44218    3.95363000      3.75458916     
0.44274    3.96654000      3.73738751     
0.44331    3.95958000      3.72011601     
0.44387    3.86539000      3.70273021     
0.44443    3.82223000      3.68501711     
0.44499    3.78324000      3.66723737     
0.44556    3.80847000      3.64928917     
0.44612    3.77228000      3.63130530     
0.44668    3.82166000      3.61322774     
0.44725    3.85086000      3.59506906     
0.44781    3.86423000      3.57684729     
0.44837    3.82574000      3.55861062     
0.44893    3.79003000      3.54031713     
0.44950    3.85466000      3.52216138     
0.45006    3.80885000      3.50396895     
0.45062    3.75646000      3.48561919     
0.45118    3.79988000      3.46737260     
0.45175    3.74898000      3.44923882     
0.45231    3.69615000      3.43117330     
0.45287    3.64733000      3.41319548     
0.45343    3.63517000      3.39534834     
0.45400    3.68712000      3.37758069     
0.45456    3.65597000      3.36001728     
0.45512    3.69161000      3.34250443     
0.45569    3.58145000      3.32519878     
0.45625    3.56146000      3.30802638     
0.45681    3.51112000      3.29109250     
0.45737    3.53436000      3.27439910     
0.45794    3.61016000      3.25784356     
0.45850    3.57262000      3.24163202     
0.45906    3.47127000      3.22549559     
0.45962    3.43731000      3.20988146     
0.46019    3.45376000      3.19439097     
0.46075    3.42544000      3.17906718     
0.46131    3.41132000      3.16413015     
0.46187    3.41606000      3.14945729     
0.46244    3.41242000      3.13519080     
0.46300    3.43425000      3.12106664     
0.46356    3.43690000      3.10757949     
0.46412    3.32592000      3.09424365     
0.46469    3.37902000      3.08133061     
0.46525    3.37779000      3.06870433     
0.46581    3.41526000      3.05645891     
0.46637    3.32908000      3.04460417     
0.46694    3.37944000      3.03297694     
0.46750    3.46989000      3.02200301     
0.46806    3.45925000      3.01120651     
0.46863    3.40666000      3.00098196     
0.46919    3.31563000      2.99098152     
0.46975    3.36490000      2.98144516     
0.47031    3.26335000      2.97232654     
0.47087    3.24300000      2.96357077     
0.47144    3.30756000      2.95536139     
0.47200    3.38999000      2.94731370     
0.47256    3.34790000      2.94001036     
0.47313    3.36628000      2.93284960     
0.47369    3.25708000      2.92624029     
0.47425    3.24892000      2.91996592     
0.47481    3.21842000      2.91413298     
0.47538    3.19874000      2.90878741     
0.47594    3.25775000      2.90368945     
0.47650    3.24194000      2.89912396     
0.47706    3.26899000      2.89470938     
0.47763    3.28305000      2.89104352     
0.47819    3.25714000      2.88759589     
0.47875    3.32993000      2.88459840     
0.47931    3.33413000      2.88193015     
0.47988    3.29353000      2.87952726     
0.48044    3.28338000      2.87773216     
0.48100    3.18723000      2.87610504     
0.48156    3.37188000      2.87497234     
0.48213    3.26417000      2.87398177     
0.48269    3.25006000      2.87348704     
0.48325    3.20551000      2.87327672     
0.48381    3.30266000      2.87341853     
0.48438    3.25237000      2.87391343     
0.48494    3.26047000      2.87458295     
0.48550    3.25416000      2.87575102     
0.48607    3.25596000      2.87703335     
0.48663    3.28541000      2.87871364     
0.48719    3.26131000      2.88053630     
0.48775    3.26988000      2.88262892     
0.48831    3.21425000      2.88498286     
0.48888    3.27296000      2.88753507     
0.48944    3.25250000      2.89042543     
0.49000    3.32217000      2.89341070     
0.49056    3.30579000      2.89669886     
0.49113    3.33260000      2.90006548     
0.49169    3.31529000      2.90367255     
0.49225    3.28094000      2.90744090     
0.49282    3.34457000      2.91139200     
0.49338    3.40873000      2.91546419     
0.49394    3.36378000      2.91958488     
0.49450    3.29239000      2.92390710     
0.49506    3.32309000      2.92827222     
0.49563    3.40554000      2.93285538     
0.49619    3.44303000      2.93745054     
0.49675    3.38139000      2.94209339     
0.49732    3.34465000      2.94683646     
0.49788    3.23741000      2.95167320     
0.49844    3.23211000      2.95651251     
