0.149003E-01  0.222769E+04  0.880924E+01

0.158301E-01  0.219000E+04  0.104568E+02

0.167600E-01  0.213593E+04  0.784487E+01

0.176899E-01  0.208323E+04  0.684098E+01

0.186197E-01  0.203588E+04  0.669378E+01

0.195496E-01  0.197224E+04  0.628468E+01

0.204794E-01  0.192109E+04  0.619521E+01

0.214093E-01  0.188115E+04  0.615647E+01

0.223392E-01  0.183221E+04  0.598735E+01

0.232690E-01  0.178168E+04  0.575206E+01

0.241989E-01  0.173070E+04  0.544000E+01

0.251287E-01  0.167831E+04  0.518633E+01

0.260586E-01  0.162577E+04  0.492441E+01

0.269885E-01  0.157610E+04  0.464386E+01

0.279183E-01  0.153383E+04  0.456072E+01

0.288482E-01  0.148292E+04  0.439811E+01

0.297781E-01  0.143189E+04  0.433357E+01

0.307079E-01  0.138353E+04  0.416268E+01

0.316378E-01  0.133743E+04  0.408010E+01

0.325676E-01  0.129095E+04  0.409422E+01

0.334975E-01  0.124645E+04  0.402394E+01

0.344274E-01  0.120192E+04  0.405393E+01

0.353572E-01  0.115575E+04  0.392694E+01

0.362871E-01  0.111546E+04  0.377590E+01

0.372170E-01  0.107218E+04  0.377402E+01

0.381468E-01  0.103723E+04  0.361536E+01

0.390767E-01  0.993920E+03  0.368196E+01

0.400065E-01  0.953789E+03  0.347732E+01

0.409364E-01  0.915014E+03  0.340481E+01

0.418663E-01  0.869770E+03  0.329580E+01

0.427961E-01  0.839720E+03  0.319971E+01

0.437260E-01  0.802852E+03  0.318021E+01

0.446558E-01  0.771985E+03  0.313962E+01

0.455857E-01  0.741302E+03  0.309297E+01

0.465156E-01  0.709855E+03  0.302616E+01

0.474454E-01  0.682537E+03  0.295785E+01

0.483753E-01  0.654143E+03  0.294265E+01

0.493052E-01  0.616811E+03  0.284472E+01

0.502350E-01  0.589944E+03  0.280688E+01

0.511649E-01  0.556303E+03  0.173669E+01

0.520947E-01  0.541835E+03  0.139597E+01

0.530246E-01  0.517894E+03  0.140284E+01

0.539545E-01  0.495156E+03  0.135246E+01

0.548843E-01  0.474157E+03  0.134110E+01

0.558142E-01  0.454317E+03  0.133408E+01

0.567441E-01  0.435800E+03  0.133823E+01

0.576739E-01  0.417098E+03  0.129489E+01

0.586038E-01  0.398766E+03  0.126859E+01

0.595336E-01  0.383447E+03  0.125298E+01

0.604635E-01  0.366245E+03  0.122922E+01

0.613934E-01  0.350426E+03  0.128321E+01

0.623232E-01  0.334003E+03  0.569583E+00

0.632531E-01  0.320597E+03  0.563879E+00

0.641829E-01  0.306424E+03  0.544123E+00

0.651128E-01  0.293217E+03  0.528581E+00

0.660427E-01  0.280609E+03  0.517013E+00

0.669725E-01  0.269034E+03  0.507049E+00

0.679024E-01  0.257863E+03  0.505339E+00

0.688323E-01  0.247008E+03  0.491325E+00

0.697621E-01  0.237476E+03  0.483197E+00

0.706920E-01  0.227493E+03  0.482396E+00

0.716218E-01  0.218536E+03  0.458216E+00

0.725517E-01  0.209898E+03  0.459879E+00

0.734816E-01  0.202084E+03  0.444796E+00

0.744114E-01  0.194864E+03  0.437730E+00

0.753413E-01  0.187640E+03  0.426137E+00

0.762711E-01  0.180958E+03  0.416716E+00

0.772010E-01  0.174009E+03  0.416825E+00

0.781309E-01  0.166946E+03  0.405178E+00

0.790607E-01  0.161085E+03  0.401686E+00

0.799906E-01  0.155851E+03  0.389207E+00

0.809205E-01  0.150183E+03  0.384989E+00

0.818503E-01  0.144294E+03  0.386761E+00

0.827802E-01  0.139692E+03  0.377149E+00

0.837100E-01  0.134830E+03  0.372877E+00

0.846399E-01  0.129949E+03  0.366232E+00

0.855698E-01  0.126070E+03  0.364971E+00

0.864996E-01  0.122157E+03  0.354131E+00

0.874295E-01  0.119236E+03  0.346118E+00

0.883594E-01  0.115498E+03  0.357911E+00

0.892892E-01  0.112140E+03  0.355921E+00

0.902191E-01  0.108633E+03  0.337899E+00

0.911489E-01  0.105931E+03  0.330254E+00

0.920788E-01  0.103091E+03  0.330645E+00

0.930087E-01  0.100282E+03  0.324381E+00

0.939385E-01  0.972548E+02  0.319826E+00

0.948684E-01  0.947493E+02  0.322338E+00

0.957982E-01  0.921836E+02  0.320882E+00

0.967281E-01  0.899188E+02  0.319564E+00

0.976580E-01  0.875227E+02  0.317593E+00

0.985878E-01  0.857618E+02  0.310999E+00

0.995177E-01  0.836565E+02  0.312001E+00

0.100448E+00  0.813314E+02  0.301071E+00

0.101377E+00  0.792984E+02  0.297058E+00

0.102307E+00  0.778742E+02  0.297207E+00

0.103237E+00  0.765925E+02  0.291900E+00

0.104167E+00  0.741921E+02  0.295019E+00

0.105097E+00  0.726646E+02  0.290854E+00

0.106027E+00  0.707304E+02  0.287293E+00

0.106957E+00  0.688799E+02  0.281638E+00

0.107886E+00  0.675949E+02  0.278479E+00

0.108816E+00  0.659252E+02  0.281471E+00

0.109746E+00  0.643179E+02  0.288730E+00

0.110676E+00  0.629806E+02  0.283010E+00

0.111606E+00  0.613917E+02  0.279066E+00

0.112536E+00  0.598013E+02  0.276938E+00

0.113466E+00  0.586272E+02  0.282523E+00

0.114395E+00  0.573729E+02  0.280461E+00

0.115325E+00  0.554691E+02  0.269438E+00

0.116255E+00  0.540217E+02  0.265470E+00

0.117185E+00  0.529504E+02  0.265947E+00

0.118115E+00  0.514544E+02  0.262473E+00

0.119045E+00  0.502048E+02  0.265294E+00

0.119975E+00  0.483758E+02  0.258866E+00

0.120905E+00  0.469579E+02  0.254493E+00

0.121834E+00  0.457149E+02  0.252281E+00

0.122764E+00  0.448309E+02  0.251283E+00

0.123694E+00  0.430363E+02  0.247919E+00

0.124624E+00  0.419045E+02  0.245673E+00

0.125554E+00  0.409073E+02  0.243147E+00

0.126484E+00  0.397092E+02  0.243119E+00

0.127414E+00  0.381628E+02  0.247437E+00

0.128343E+00  0.369464E+02  0.241559E+00

0.129273E+00  0.361518E+02  0.244629E+00

0.130203E+00  0.349942E+02  0.241259E+00

0.131133E+00  0.335590E+02  0.240543E+00

0.132063E+00  0.324968E+02  0.236921E+00

0.132993E+00  0.314567E+02  0.238254E+00

0.133923E+00  0.306117E+02  0.236104E+00

0.134852E+00  0.298413E+02  0.237204E+00

0.135782E+00  0.285351E+02  0.237117E+00

0.136712E+00  0.278607E+02  0.241511E+00

0.137642E+00  0.267797E+02  0.234009E+00

0.138572E+00  0.259472E+02  0.228306E+00

0.139502E+00  0.252771E+02  0.228498E+00

0.140432E+00  0.245548E+02  0.228900E+00

0.141361E+00  0.235200E+02  0.228894E+00

0.142291E+00  0.228909E+02  0.231968E+00

0.143221E+00  0.222592E+02  0.252780E+00

0.144151E+00  0.218876E+02  0.233819E+00

0.145081E+00  0.209681E+02  0.221007E+00

0.146011E+00  0.202675E+02  0.219416E+00

0.146941E+00  0.196759E+02  0.222817E+00

0.147871E+00  0.189831E+02  0.218962E+00

0.148800E+00  0.183679E+02  0.220269E+00

0.149730E+00  0.181114E+02  0.218852E+00

0.150660E+00  0.178169E+02  0.219457E+00

0.151590E+00  0.175165E+02  0.220352E+00

0.152520E+00  0.172502E+02  0.218460E+00

0.153450E+00  0.166370E+02  0.217022E+00

0.154380E+00  0.156274E+02  0.214186E+00

0.155309E+00  0.151911E+02  0.213581E+00

0.156239E+00  0.150859E+02  0.212055E+00

0.157169E+00  0.153611E+02  0.208418E+00

0.158099E+00  0.149845E+02  0.208539E+00

0.159029E+00  0.142887E+02  0.206878E+00

0.159959E+00  0.139210E+02  0.207160E+00

0.160889E+00  0.134289E+02  0.206312E+00

0.161818E+00  0.132992E+02  0.204933E+00

0.162748E+00  0.133455E+02  0.204659E+00

0.163678E+00  0.132665E+02  0.204113E+00

0.164608E+00  0.130959E+02  0.204089E+00

0.165538E+00  0.128505E+02  0.203784E+00

0.166468E+00  0.121674E+02  0.204568E+00

0.167398E+00  0.118750E+02  0.205407E+00

0.168327E+00  0.118829E+02  0.204022E+00

0.169257E+00  0.119294E+02  0.206106E+00

0.170187E+00  0.119143E+02  0.206478E+00

0.171117E+00  0.114694E+02  0.206667E+00

0.172047E+00  0.109270E+02  0.204045E+00

0.172977E+00  0.107449E+02  0.201446E+00

0.173907E+00  0.107948E+02  0.201985E+00

0.174837E+00  0.108262E+02  0.197543E+00

0.175766E+00  0.107512E+02  0.199884E+00

0.176696E+00  0.106946E+02  0.198999E+00

0.177626E+00  0.104330E+02  0.195367E+00

0.178556E+00  0.104587E+02  0.194420E+00

0.179486E+00  0.104313E+02  0.193423E+00

0.180416E+00  0.101702E+02  0.195599E+00

0.181346E+00  0.994132E+01  0.195854E+00

0.182275E+00  0.968255E+01  0.194505E+00

0.183205E+00  0.985346E+01  0.194861E+00

0.184135E+00  0.991818E+01  0.191819E+00

0.185065E+00  0.939528E+01  0.190218E+00

0.185995E+00  0.913554E+01  0.190911E+00

0.186925E+00  0.895955E+01  0.191120E+00

0.187855E+00  0.890454E+01  0.190324E+00

0.188784E+00  0.905424E+01  0.187649E+00

0.189714E+00  0.899360E+01  0.187710E+00

0.190644E+00  0.889822E+01  0.184956E+00

0.191574E+00  0.885197E+01  0.185787E+00

0.192504E+00  0.903397E+01  0.187812E+00

0.193434E+00  0.887644E+01  0.188833E+00

0.194364E+00  0.838348E+01  0.188235E+00

0.195293E+00  0.823720E+01  0.188056E+00

0.196223E+00  0.791323E+01  0.190808E+00

0.197153E+00  0.779837E+01  0.190186E+00

0.198083E+00  0.782886E+01  0.187882E+00

0.199013E+00  0.765970E+01  0.186326E+00

0.199943E+00  0.739219E+01  0.185631E+00

0.200873E+00  0.720314E+01  0.186033E+00

0.201803E+00  0.728221E+01  0.186416E+00

0.202732E+00  0.707750E+01  0.188039E+00

0.203662E+00  0.684351E+01  0.185090E+00

0.204592E+00  0.675439E+01  0.184630E+00

0.205522E+00  0.677529E+01  0.184124E+00

0.206452E+00  0.689117E+01  0.181231E+00

0.207382E+00  0.677648E+01  0.182332E+00

0.208312E+00  0.661505E+01  0.181681E+00

0.209241E+00  0.663186E+01  0.181379E+00

0.210171E+00  0.642270E+01  0.182178E+00

0.211101E+00  0.618199E+01  0.177680E+00

0.212031E+00  0.635083E+01  0.176920E+00

0.212961E+00  0.633542E+01  0.174360E+00

0.213891E+00  0.595616E+01  0.174476E+00

0.214821E+00  0.578337E+01  0.174376E+00

0.215750E+00  0.593236E+01  0.173473E+00

0.216680E+00  0.595689E+01  0.173802E+00

0.217610E+00  0.597204E+01  0.173969E+00

0.218540E+00  0.598646E+01  0.176382E+00

0.219470E+00  0.584667E+01  0.173707E+00

0.220400E+00  0.597589E+01  0.172128E+00

0.221330E+00  0.595460E+01  0.170439E+00

0.222259E+00  0.579867E+01  0.169037E+00

0.223189E+00  0.602215E+01  0.168799E+00

0.224119E+00  0.598845E+01  0.167547E+00

0.225049E+00  0.552452E+01  0.168951E+00

0.225979E+00  0.568541E+01  0.171618E+00

0.226909E+00  0.560561E+01  0.172620E+00

0.227839E+00  0.527132E+01  0.175139E+00

0.228768E+00  0.531656E+01  0.175538E+00

0.229698E+00  0.536436E+01  0.177303E+00

0.230628E+00  0.508155E+01  0.179314E+00

0.231558E+00  0.522694E+01  0.177830E+00

0.232488E+00  0.537669E+01  0.176739E+00

0.233418E+00  0.542820E+01  0.175812E+00

0.234348E+00  0.534662E+01  0.176045E+00

0.235278E+00  0.543109E+01  0.174804E+00

0.236207E+00  0.542925E+01  0.176131E+00

0.237137E+00  0.522400E+01  0.172863E+00

0.238067E+00  0.522782E+01  0.172099E+00

0.238997E+00  0.519110E+01  0.173824E+00

0.239927E+00  0.511687E+01  0.172731E+00

0.240857E+00  0.496664E+01  0.175479E+00

0.241787E+00  0.533764E+01  0.176774E+00

0.242716E+00  0.527278E+01  0.176373E+00

0.243646E+00  0.505751E+01  0.176185E+00

0.244576E+00  0.493240E+01  0.174415E+00

0.245506E+00  0.476717E+01  0.176397E+00

0.246436E+00  0.478699E+01  0.176931E+00

0.247366E+00  0.480324E+01  0.175406E+00

0.248296E+00  0.494891E+01  0.175433E+00

0.249225E+00  0.493657E+01  0.173922E+00

0.250155E+00  0.483397E+01  0.175759E+00

0.251085E+00  0.490895E+01  0.173667E+00

0.252015E+00  0.490565E+01  0.173795E+00

0.252945E+00  0.477054E+01  0.172983E+00

0.253875E+00  0.453929E+01  0.173490E+00

0.254805E+00  0.478618E+01  0.174461E+00

0.255734E+00  0.480272E+01  0.174796E+00

0.256664E+00  0.472072E+01  0.174773E+00

0.257594E+00  0.438247E+01  0.174810E+00

0.258524E+00  0.453105E+01  0.174401E+00

0.259454E+00  0.475915E+01  0.172437E+00

0.260384E+00  0.481779E+01  0.170479E+00

0.261314E+00  0.490784E+01  0.171405E+00

0.262244E+00  0.492768E+01  0.171883E+00

0.263173E+00  0.477458E+01  0.170943E+00

0.264103E+00  0.468977E+01  0.171017E+00

0.265033E+00  0.461529E+01  0.170987E+00

0.265963E+00  0.467662E+01  0.170839E+00

0.266893E+00  0.481029E+01  0.169297E+00

0.267823E+00  0.480843E+01  0.170513E+00

0.268753E+00  0.455238E+01  0.169161E+00

0.269682E+00  0.424488E+01  0.169763E+00

0.270612E+00  0.400556E+01  0.171413E+00

0.271542E+00  0.418803E+01  0.171721E+00

0.272472E+00  0.424226E+01  0.173761E+00

0.273402E+00  0.418993E+01  0.173212E+00

0.274332E+00  0.427312E+01  0.175038E+00

0.275262E+00  0.465757E+01  0.176286E+00

0.276191E+00  0.477879E+01  0.173711E+00

0.277121E+00  0.478754E+01  0.174484E+00

0.278051E+00  0.466431E+01  0.172258E+00

0.278981E+00  0.434287E+01  0.172149E+00

0.279911E+00  0.401952E+01  0.172746E+00

0.280841E+00  0.415945E+01  0.171002E+00

0.281771E+00  0.424240E+01  0.173948E+00

0.282700E+00  0.409289E+01  0.173168E+00

0.283630E+00  0.424234E+01  0.176802E+00

0.284560E+00  0.428552E+01  0.178614E+00

0.285490E+00  0.430293E+01  0.180363E+00

0.286420E+00  0.402424E+01  0.180402E+00

0.287350E+00  0.402931E+01  0.180611E+00

0.288280E+00  0.420516E+01  0.183340E+00

0.289210E+00  0.439508E+01  0.184332E+00

0.290139E+00  0.425437E+01  0.187126E+00

0.291069E+00  0.452736E+01  0.187272E+00

0.291999E+00  0.441652E+01  0.188274E+00

0.292929E+00  0.408008E+01  0.191491E+00

0.293859E+00  0.407547E+01  0.191028E+00

0.294789E+00  0.386208E+01  0.192693E+00

0.295719E+00  0.396958E+01  0.195162E+00

0.296648E+00  0.437844E+01  0.194401E+00

0.297578E+00  0.417846E+01  0.196120E+00

0.298508E+00  0.375309E+01  0.195348E+00

0.299438E+00  0.352794E+01  0.199334E+00

